IR,SR,cq_size,ceq_size, remaining_rb, mem_bw,
0,0,0,0,0,0,
12,9,0,0,2048,2.72,
1,0,0,0,2048,2.72,
1,0,0,0,2048,2.72,
1,0,0,0,2048,2.72,
1,3,0,0,2048,2.72,
1,0,0,0,2048,4.64,
1,0,0,0,2048,4.64,
1,0,0,0,2048,4.64,
1,0,0,0,2048,4.64,
1,1,0,0,2048,3.04,
1,1,0,0,2048,3.68,
1,0,0,0,2048,3.68,
1,0,0,0,2048,3.68,
1,0,0,0,2048,3.68,
1,0,0,0,2048,3.68,
1,0,0,0,2048,3.68,
1,0,0,0,2048,3.68,
1,4,0,0,2048,4.8,
1,0,0,0,2048,3.04,
1,2,0,0,2048,3.04,
1,0,0,0,2048,4.48,
1,3,0,0,2048,4.48,
1,1,0,0,2048,2.08,
1,1,0,0,2048,2.08,
1,0,0,0,2048,2.08,
1,0,0,0,2048,2.08,
1,0,0,0,2048,2.08,
1,0,0,0,2048,2.08,
1,1,0,0,2048,3.68,
1,1,0,0,2048,3.68,
1,1,0,0,2048,3.68,
1,5,0,0,2048,3.68,
1,1,0,0,2048,4,
1,0,0,0,2048,4,
1,0,0,0,2048,4,
1,0,0,0,2048,4,
1,0,0,0,2048,4,
1,0,0,0,2048,4,
1,0,0,0,2048,4,
1,0,0,0,2048,4,
1,12,0,0,2048,4.16,
1,0,0,0,2048,4.16,
1,0,0,0,2048,3.68,
1,0,0,0,2048,3.68,
1,0,0,0,2048,3.68,
1,0,0,0,2048,3.68,
1,0,0,0,2048,3.68,
1,0,0,0,2048,4.64,
1,2,0,0,2048,4.64,
1,1,0,0,2048,4.64,
1,1,0,0,2048,4.64,
1,1,0,0,2048,4.64,
1,2,0,0,2048,4.64,
1,4,0,0,2048,4.32,
1,0,0,0,2048,4.32,
1,0,0,0,2048,5.44,
1,0,0,0,2048,5.44,
1,0,0,0,2048,5.44,
1,3,0,0,2048,3.36,
1,0,0,0,2048,3.36,
1,1,0,0,2048,6.72,
1,1,0,0,2048,6.72,
1,0,0,0,2048,4.8,
1,1,0,0,2048,4,
1,2,0,0,2048,4,
1,0,0,0,2048,4,
1,0,0,0,2048,4,
1,0,0,0,2048,4,
1,0,0,0,2048,4,
1,7,0,0,2048,4,
1,0,0,0,2048,5.44,
1,0,0,0,2048,5.44,
1,0,0,0,2048,5.44,
4,4,0,0,2048,4.8,
1,1,0,0,2048,4.48,
3,3,0,0,2048,4.48,
3,3,0,0,2048,5.6,
2,2,0,0,2048,4.48,
5,5,0,0,2048,5.28,
5,5,0,0,2048,4,
1,1,0,0,2048,4,
4,4,0,0,2048,5.28,
4,7,0,0,2048,4.32,
3,2,0,0,2048,2.72,
3,1,0,0,2048,2.72,
4,5,0,0,2048,5.6,
2,2,0,0,2048,3.2,
4,4,0,0,2048,7.04,
1,0,0,0,2048,5.12,
1,1,0,0,2048,5.12,
1,5,0,0,2048,5.12,
12,8,0,0,2048,3.84,
1,0,0,0,2048,3.84,
6,7,0,0,2048,5.12,
2,3,0,0,2048,3.04,
1,1,0,0,2048,5.52,
1,1,0,0,2048,3.52,
2,2,0,0,2048,4.96,
2,2,0,0,2048,2.4,
1,0,0,0,2048,2.4,
5,5,0,0,2048,4.64,
1,2,0,0,2048,5.44,
2,2,0,0,2048,5.44,
3,3,0,0,2048,4,
5,4,0,0,2048,7.04,
3,3,0,0,2048,3.28,
1,2,0,0,2048,4.96,
1,0,0,0,2048,4.96,
1,1,0,0,2048,4.96,
1,1,0,0,2048,4.96,
3,4,0,0,2048,3.68,
2,4,0,0,2048,4,
1,0,0,0,2048,4.48,
1,5,0,0,2048,4.48,
6,0,0,0,2048,5.28,
1,0,0,0,2048,4.48,
5,5,0,0,2048,4.48,
5,8,0,0,2048,1.76,
4,1,0,0,2048,4.8,
4,5,0,0,2048,5.12,
1,1,0,0,2048,4.96,
1,1,0,0,2048,4.48,
1,1,0,0,2048,5.44,
1,2,0,0,2048,5.44,
1,1,0,0,2048,4.32,
2,2,0,0,2048,4.32,
1,1,0,0,2048,2.56,
5,5,0,0,2048,2.56,
3,2,0,0,2048,4.8,
1,3,0,0,2048,4.8,
2,1,0,0,2048,5.12,
4,4,0,0,2048,4.56,
1,1,0,0,2048,4.56,
1,0,0,0,2048,5.12,
1,2,0,0,2048,5.12,
4,3,0,0,2048,5.44,
1,0,0,0,2048,5.44,
6,8,0,0,2048,2.08,
1,0,0,0,2048,4.32,
2,2,0,0,2048,6.08,
1,1,0,0,2048,5.28,
1,1,0,0,2048,4.16,
5,5,0,0,2048,4.16,
6,9,0,0,2048,3.84,
1,1,0,0,2048,4.96,
2,0,0,0,2048,4.96,
4,4,0,0,2048,3.84,
2,3,0,0,2048,4.8,
2,1,0,0,2048,5.04,
1,4,0,0,2048,4.8,
1,1,0,0,2048,5.28,
1,1,0,0,2048,5.28,
3,0,0,0,2048,5.28,
4,4,0,0,2048,3.36,
1,1,0,0,2048,3.36,
5,4,0,0,2048,4.64,
4,4,0,0,2048,5.76,
4,4,0,0,2048,2.24,
4,4,0,0,2048,4.96,
1,1,0,0,2048,5.92,
3,3,0,0,2048,4.96,
3,3,0,0,2048,3.2,
1,0,0,0,2048,4.48,
4,5,0,0,2048,4.48,
3,4,0,0,2048,4.37333,
1,1,0,0,2048,6.72,
1,0,0,0,2048,2.72,
1,1,0,0,2048,2.72,
1,3,0,0,2048,2.72,
1,0,0,0,2048,4.8,
2,2,0,0,2048,4.8,
1,0,0,0,2048,4.8,
1,4,0,0,2048,3.68,
3,0,0,0,2048,3.68,
3,3,0,0,2048,4.8,
2,2,0,0,2048,4.8,
1,1,0,0,2048,6.24,
4,4,0,0,2048,1.92,
2,3,0,0,2048,4.8,
1,0,0,0,2048,4.8,
5,4,0,0,2048,4.32,
1,3,0,0,2048,4.32,
5,9,0,0,2048,3.68,
7,2,0,0,2048,3.04,
1,1,0,0,2048,5.44,
1,1,0,0,2048,5.12,
1,1,0,0,2048,5.44,
6,6,0,0,2048,3.52,
1,1,0,0,2048,3.52,
1,1,0,0,2048,6.72,
3,4,0,0,2048,2.56,
1,1,0,0,2048,3.36,
4,4,0,0,2048,5.6,
1,0,0,0,2048,5.6,
2,3,0,0,2048,5.12,
7,4,0,0,2048,3.2,
1,6,0,0,2048,1.76,
3,0,0,0,2048,5.76,
4,4,0,0,2048,3.84,
1,1,0,0,2048,4.48,
4,3,0,0,2048,6.08,
1,7,0,0,2048,3.2,
5,0,0,0,2048,5.28,
1,1,0,0,2048,3.36,
2,2,0,0,2048,4.96,
1,1,0,0,2048,2.56,
2,2,0,0,2048,6.72,
5,5,0,0,2048,4.32,
1,2,0,0,2048,4.32,
1,0,0,0,2048,5.28,
1,1,0,0,2048,5.28,
1,1,0,0,2048,5.28,
4,4,0,0,2048,4.32,
1,0,0,0,2048,4.32,
1,4,0,0,2048,3.36,
1,0,0,0,2048,4.64,
1,0,0,0,2048,4.64,
6,6,0,0,2048,3.68,
2,5,0,0,2048,4.8,
3,0,0,0,2048,4.8,
4,6,0,0,2048,4.32,
2,0,0,0,2048,4.48,
1,1,0,0,2048,5.28,
3,2,0,0,2048,4.8,
5,6,0,0,2048,4.64,
1,1,0,0,2048,4.64,
1,1,0,0,2048,4,
2,2,0,0,2048,4.32,
2,3,0,0,2048,4.96,
5,4,0,0,2048,4.88,
1,1,0,0,2048,5.76,
1,1,0,0,2048,5.76,
1,1,0,0,2048,6.88,
2,2,0,0,2048,6.88,
6,12,0,0,2048,2.24,
1,0,0,0,2048,3.52,
10,5,0,0,2048,2.56,
1,0,0,0,2048,5.12,
1,2,0,0,2048,5.12,
1,1,0,0,2048,5.12,
4,4,0,0,2048,5.6,
1,1,0,0,2048,7.36,
1,1,0,0,2048,7.36,
1,2,0,0,2048,4.8,
2,1,0,0,2048,4.96,
1,1,0,0,2048,6.72,
2,2,0,0,2048,4.8,
1,1,0,0,2048,3.52,
1,1,0,0,2048,5.92,
3,1,0,0,2048,5.12,
1,8,0,0,2048,5.12,
5,0,0,0,2048,4.96,
5,6,0,0,2048,5.44,
3,2,0,0,2048,3.52,
2,4,0,0,2048,2.88,
2,0,0,0,2048,2.88,
2,5,0,0,2048,4.8,
6,3,0,0,2048,3.84,
1,0,0,0,2048,3.2,
2,8,0,0,2048,3.2,
5,0,0,0,2048,6.08,
1,2,0,0,2048,3.2,
1,0,0,0,2048,5.28,
1,2,0,0,2048,5.28,
3,3,0,0,2048,4.8,
2,1,0,0,2048,4.8,
6,6,0,0,2048,6.56,
3,7,0,0,2048,3.36,
4,1,0,0,2048,5.6,
1,0,0,0,2048,5.6,
2,2,0,0,2048,4.96,
1,5,0,0,2048,5.44,
7,3,0,0,2048,6.08,
1,4,0,0,2048,2.08,
3,0,0,0,2048,2.08,
1,1,0,0,2048,3.36,
4,6,0,0,2048,5.12,
4,2,0,0,2048,4.64,
1,0,0,0,2048,5.76,
5,9,0,0,2048,4.48,
1,0,0,0,2048,4.48,
2,0,0,0,2048,3.2,
4,4,0,0,2048,4.96,
1,1,0,0,2048,3.84,
3,4,0,0,2048,4,
1,1,0,0,2048,5.92,
1,2,0,0,2048,3.2,
2,0,0,0,2048,3.2,
5,6,0,0,2048,3.84,
1,0,0,0,2048,4.48,
1,2,0,0,2048,4.96,
2,1,0,0,2048,4.96,
1,0,0,0,2048,4.16,
2,6,0,0,2048,4.16,
4,0,0,0,2048,3.2,
7,8,0,0,2048,4.8,
1,0,0,0,2048,4.48,
2,3,0,0,2048,4.48,
6,6,0,0,2048,3.68,
1,2,0,0,2048,5.6,
1,0,0,0,2048,4.96,
1,1,0,0,2048,4.16,
1,1,0,0,2048,4.16,
1,0,0,0,2048,4.96,
4,5,0,0,2048,4.96,
1,0,0,0,2048,5.92,
5,7,0,0,2048,4,
2,2,0,0,2048,5.6,
1,0,0,0,2048,5.6,
1,0,0,0,2048,5.6,
2,3,0,0,2048,4.8,
1,5,0,0,2048,5.76,
1,0,0,0,2048,2.88,
3,0,0,0,2048,5.92,
1,1,0,0,2048,5.28,
6,6,0,0,2048,4,
1,1,0,0,2048,3.04,
4,5,0,0,2048,3.36,
4,3,0,0,2048,4.48,
2,2,0,0,2048,5.44,
1,1,0,0,2048,5.44,
5,5,0,0,2048,5.76,
1,1,0,0,2048,5.12,
1,1,0,0,2048,5.12,
1,1,0,0,2048,7.04,
1,1,0,0,2048,2.88,
3,3,0,0,2048,2.88,
2,2,0,0,2048,3.68,
1,1,0,0,2048,3.68,
2,2,0,0,2048,4.72,
1,0,0,0,2048,4.96,
5,6,0,0,2048,4.16,
1,1,0,0,2048,3.84,
4,4,0,0,2048,3.84,
5,5,0,0,2048,3.04,
3,3,0,0,2048,4.8,
3,4,0,0,2048,4,
1,1,0,0,2048,5.92,
1,0,0,0,2048,5.44,
3,2,0,0,2048,5.12,
4,5,0,0,2048,4.48,
1,3,0,0,2048,4.48,
2,0,0,0,2048,3.84,
2,2,0,0,2048,3.04,
2,2,0,0,2048,4.48,
2,2,0,0,2048,4,
5,6,0,0,2048,4.96,
6,6,0,0,2048,6.24,
2,1,0,0,2048,4.96,
2,2,0,0,2048,5.12,
1,1,0,0,2048,6.4,
1,1,0,0,2048,6.4,
3,5,0,0,2048,4.48,
2,0,0,0,2048,4.16,
1,0,0,0,2048,4.16,
4,5,0,0,2048,4.32,
6,7,0,0,2048,5.12,
3,2,0,0,2048,4.32,
1,1,0,0,2048,4.32,
3,5,0,0,2048,4.8,
1,1,0,0,2048,4.48,
1,0,0,0,2048,4.48,
3,3,0,0,2048,4.64,
4,3,0,0,2048,3.52,
3,3,0,0,2048,4.48,
5,5,0,0,2048,5.6,
2,2,0,0,2048,4.96,
2,3,0,0,2048,4.48,
1,0,0,0,2048,4.48,
2,2,0,0,2048,4.96,
4,9,0,0,2048,4.8,
5,4,0,0,2048,3.04,
6,3,0,0,2048,3.52,
6,5,0,0,2048,5.12,
8,9,0,0,2048,3.2,
2,1,0,0,2048,3.2,
4,3,0,0,2048,5.28,
7,8,0,0,2048,4.48,
1,0,0,0,2048,4.48,
12,13,0,0,2048,3.84,
1,1,0,0,2048,3.84,
9,9,0,0,2048,3.04,
10,20,0,0,2048,4.32,
11,0,0,0,2048,3.2,
21,22,0,0,2048,5.12,
1,2,0,0,2048,3.52,
11,10,0,0,2048,3.52,
7,7,0,0,2048,3.52,
7,7,0,0,2048,4,
7,7,0,0,2048,3.36,
7,7,0,0,2048,4.64,
7,7,0,0,2048,3.04,
8,7,0,0,2048,3.04,
13,14,0,0,2048,4,
1,1,0,0,2048,4.16,
6,6,0,0,2048,4.16,
7,7,0,0,2048,3.52,
7,7,0,0,2048,3.68,
10,9,0,0,2048,2.56,
10,11,0,0,2048,4.8,
11,11,0,0,2048,3.68,
11,11,0,0,2048,3.84,
12,12,0,0,2048,3.36,
12,12,0,0,2048,3.04,
12,12,0,0,2048,3.52,
12,23,0,0,2048,4,
12,1,0,0,2048,3.84,
12,12,0,0,2048,4,
12,12,0,0,2048,4.16,
12,12,0,0,2048,3.68,
12,12,0,0,2048,3.36,
12,12,0,0,2048,2.56,
12,12,0,0,2048,5.44,
12,12,0,0,2048,4,
12,12,0,0,2048,4.32,
12,12,0,0,2048,3.68,
12,12,0,0,2048,3.84,
12,12,0,0,2048,3.36,
12,12,0,0,2048,4.16,
12,12,0,0,2048,4.32,
12,12,0,0,2048,4.16,
12,12,0,0,2048,2.72,
12,12,0,0,2048,4,
12,12,0,0,2048,4.8,
12,12,0,0,2048,4,
12,12,0,0,2048,3.04,
12,12,0,0,2048,3.2,
12,12,0,0,2048,3.84,
12,12,0,0,2048,4.64,
12,12,0,0,2048,2.72,
12,12,0,0,2048,1.92,
12,12,0,0,2048,3.68,
12,12,0,0,2048,3.36,
12,12,0,0,2048,4.64,
12,12,0,0,2048,3.52,
12,12,0,0,2048,4,
12,12,0,0,2048,4,
12,12,0,0,2048,4,
12,12,0,0,2048,3.68,
12,12,0,0,2048,3.36,
12,12,0,0,2048,3.84,
12,12,0,0,2048,3.84,
12,12,0,0,2048,4.32,
12,12,0,0,2048,3.52,
12,12,0,0,2048,3.68,
12,12,0,0,2048,4.16,
12,12,0,0,2048,4.32,
12,24,0,0,2048,3.68,
12,0,0,0,2048,3.52,
12,12,0,0,2048,3.52,
12,12,0,0,2048,1.92,
12,12,0,0,2048,4,
12,24,0,0,2048,4.64,
12,0,0,0,2048,4.16,
12,12,0,0,2048,3.52,
12,12,0,0,2048,3.68,
12,12,0,0,2048,4,
12,12,0,0,2048,3.2,
12,12,0,0,2048,2.72,
12,12,0,0,2048,3.36,
12,12,0,0,2048,3.36,
12,12,0,0,2048,3.52,
12,12,0,0,2048,3.36,
12,12,0,0,2048,3.84,
12,24,0,0,2048,3.68,
12,0,0,0,2048,3.04,
12,12,0,0,2048,3.84,
12,24,0,0,2048,4.8,
12,0,0,0,2048,4.32,
12,12,0,0,2048,2.4,
12,12,0,0,2048,3.68,
12,12,0,0,2048,4.96,
12,12,0,0,2048,2.88,
12,12,0,0,2048,4.8,
22,23,0,0,2048,5.28,
2,13,0,0,2048,5.44,
1,0,0,0,2048,5.44,
11,0,0,0,2048,4,
12,24,0,0,2048,3.04,
1,0,0,0,2048,3.04,
11,0,0,0,2048,4.32,
12,12,0,0,2048,4.16,
12,12,0,0,2048,4.8,
12,24,0,0,2048,4.16,
12,0,0,0,2048,4.96,
12,12,0,0,2048,5.28,
12,12,0,0,2048,4,
12,12,0,0,2048,4.96,
12,12,0,0,2048,5.12,
12,12,0,0,2048,2.56,
12,12,0,0,2048,4.48,
12,12,0,0,2048,3.52,
12,12,0,0,2048,3.68,
12,12,0,0,2048,4.48,
12,12,0,0,2048,5.6,
12,12,0,0,2048,4.8,
12,12,0,0,2048,4.48,
12,12,0,0,2048,3.2,
12,12,0,0,2048,4,
12,12,0,0,2048,3.68,
12,12,0,0,2048,3.68,
12,12,0,0,2048,4.8,
12,12,0,0,2048,4,
12,12,0,0,2048,5.28,
12,12,0,0,2048,4.32,
11,11,0,0,2048,3.36,
11,11,0,0,2048,4,
11,11,0,0,2048,6.56,
11,11,0,0,2048,2.4,
10,10,0,0,2048,5.12,
10,10,0,0,2048,4.48,
10,10,0,0,2048,4.8,
10,17,0,0,2048,4.64,
10,3,0,0,2048,4.16,
10,10,0,0,2048,4.16,
10,10,0,0,2048,4.64,
10,10,0,0,2048,3.68,
10,10,0,0,2048,4.96,
10,10,0,0,2048,4.8,
10,10,0,0,2048,4,
10,10,0,0,2048,5.6,
10,10,0,0,2048,5.28,
10,10,0,0,2048,4.32,
10,10,0,0,2048,4.32,
10,10,0,0,2048,4,
10,10,0,0,2048,4.16,
10,10,0,0,2048,3.52,
10,10,0,0,2048,5.6,
10,10,0,0,2048,2.24,
10,10,0,0,2048,5.28,
10,10,0,0,2048,5.12,
10,10,0,0,2048,5.44,
10,10,0,0,2048,4.48,
10,10,0,0,2048,5.12,
10,10,0,0,2048,5.28,
10,10,0,0,2048,4,
10,10,0,0,2048,4.32,
10,10,0,0,2048,4.8,
10,10,0,0,2048,4.8,
10,10,0,0,2048,4.96,
10,10,0,0,2048,5.12,
10,10,0,0,2048,4.8,
10,10,0,0,2048,3.84,
10,20,0,0,2048,4.48,
10,0,0,0,2048,5.76,
10,10,0,0,2048,5.92,
10,10,0,0,2048,4.64,
10,10,0,0,2048,2.88,
10,10,0,0,2048,4.96,
10,10,0,0,2048,4.16,
10,10,0,0,2048,5.44,
10,10,0,0,2048,4.96,
10,12,0,0,2048,4.96,
10,8,0,0,2048,4.48,
10,10,0,0,2048,3.68,
9,9,0,0,2048,3.52,
9,9,0,0,2048,4.32,
9,9,0,0,2048,4.96,
9,9,0,0,2048,5.12,
9,18,0,0,2048,5.44,
9,0,0,0,2048,5.44,
10,10,0,0,2048,4.8,
10,10,0,0,2048,4.8,
10,10,0,0,2048,4.8,
10,10,0,0,2048,4.96,
10,10,0,0,2048,3.36,
10,10,0,0,2048,4.96,
10,10,0,0,2048,2.56,
10,10,0,0,2048,5.28,
10,10,0,0,2048,6.24,
10,10,0,0,2048,4.96,
10,10,0,0,2048,5.6,
10,10,0,0,2048,4.48,
10,10,0,0,2048,5.44,
10,10,0,0,2048,4.48,
5,5,0,0,2048,4.32,
5,5,0,0,2048,5.28,
5,5,0,0,2048,5.6,
5,5,0,0,2048,5.28,
6,6,0,0,2048,4.48,
6,6,0,0,2048,5.44,
6,6,0,0,2048,5.44,
6,6,0,0,2048,4.96,
6,6,0,0,2048,4,
6,6,0,0,2048,5.6,
6,6,0,0,2048,4.96,
6,6,0,0,2048,3.2,
6,6,0,0,2048,4.8,
6,6,0,0,2048,4,
6,6,0,0,2048,3.68,
6,6,0,0,2048,4.96,
6,6,0,0,2048,5.6,
6,6,0,0,2048,5.28,
6,6,0,0,2048,4,
6,6,0,0,2048,5.44,
6,6,0,0,2048,5.76,
6,6,0,0,2048,3.52,
6,6,0,0,2048,4.64,
6,6,0,0,2048,4,
6,6,0,0,2048,3.68,
6,6,0,0,2048,4.64,
6,6,0,0,2048,5.6,
6,6,0,0,2048,5.44,
6,6,0,0,2048,5.12,
6,6,0,0,2048,5.44,
6,6,0,0,2048,5.12,
6,6,0,0,2048,3.36,
6,6,0,0,2048,5.6,
6,6,0,0,2048,5.6,
6,6,0,0,2048,5.92,
6,6,0,0,2048,5.12,
6,6,0,0,2048,5.6,
6,6,0,0,2048,4.48,
6,6,0,0,2048,5.12,
6,6,0,0,2048,4.32,
6,6,0,0,2048,6.88,
6,6,0,0,2048,5.92,
6,6,0,0,2048,5.76,
6,6,0,0,2048,5.6,
6,6,0,0,2048,5.6,
6,6,0,0,2048,6.08,
6,6,0,0,2048,5.6,
6,6,0,0,2048,5.12,
6,6,0,0,2048,5.76,
6,6,0,0,2048,6.4,
6,6,0,0,2048,2.88,
6,6,0,0,2048,4.32,
6,6,0,0,2048,4.64,
6,6,0,0,2048,5.92,
6,6,0,0,2048,5.76,
6,6,0,0,2048,6.08,
6,6,0,0,2048,5.28,
6,6,0,0,2048,6.08,
6,6,0,0,2048,5.6,
6,6,0,0,2048,5.92,
6,6,0,0,2048,5.92,
6,6,0,0,2048,5.6,
6,6,0,0,2048,6.08,
6,6,0,0,2048,5.76,
6,6,0,0,2048,4.8,
7,7,0,0,2048,4.8,
7,7,0,0,2048,5.12,
7,7,0,0,2048,5.76,
7,7,0,0,2048,5.92,
7,7,0,0,2048,5.44,
7,7,0,0,2048,3.68,
7,7,0,0,2048,5.12,
7,8,0,0,2048,5.12,
7,6,0,0,2048,6.08,
7,7,0,0,2048,6.08,
7,14,0,0,2048,5.6,
7,0,0,0,2048,4.96,
7,7,0,0,2048,5.92,
6,7,0,0,2048,5.76,
6,5,0,0,2048,5.28,
6,7,0,0,2048,5.92,
6,5,0,0,2048,5.28,
6,6,0,0,2048,5.44,
6,12,0,0,2048,6.4,
6,0,0,0,2048,6.24,
6,6,0,0,2048,4.48,
6,6,0,0,2048,5.44,
6,6,0,0,2048,5.92,
6,6,0,0,2048,5.44,
6,6,0,0,2048,3.36,
6,6,0,0,2048,5.92,
6,6,0,0,2048,6.08,
6,6,0,0,2048,6.4,
6,6,0,0,2048,6.88,
6,6,0,0,2048,5.28,
6,6,0,0,2048,6.24,
6,6,0,0,2048,5.44,
6,6,0,0,2048,4.32,
6,6,0,0,2048,6.4,
6,6,0,0,2048,5.92,
6,6,0,0,2048,4.96,
6,6,0,0,2048,5.12,
6,6,0,0,2048,5.44,
6,6,0,0,2048,5.92,
6,6,0,0,2048,4.96,
6,6,0,0,2048,5.12,
6,6,0,0,2048,5.28,
6,6,0,0,2048,6.4,
6,6,0,0,2048,5.76,
6,6,0,0,2048,3.2,
6,6,0,0,2048,6.08,
6,6,0,0,2048,4.48,
6,6,0,0,2048,5.76,
6,6,0,0,2048,4.64,
6,6,0,0,2048,5.44,
6,6,0,0,2048,5.28,
6,6,0,0,2048,5.76,
6,6,0,0,2048,5.12,
6,6,0,0,2048,5.76,
6,6,0,0,2048,6.24,
6,6,0,0,2048,4.8,
6,6,0,0,2048,4.64,
6,6,0,0,2048,6.4,
6,7,0,0,2048,5.12,
7,6,0,0,2048,6.4,
7,7,0,0,2048,5.6,
7,7,0,0,2048,5.12,
7,7,0,0,2048,6.08,
7,7,0,0,2048,3.84,
7,14,0,0,2048,5.28,
7,6,0,0,2048,4.8,
7,1,0,0,2048,5.76,
7,7,0,0,2048,5.92,
7,7,0,0,2048,6.24,
7,7,0,0,2048,6.24,
6,6,0,0,2048,5.92,
7,7,0,0,2048,4.48,
7,7,0,0,2048,6.4,
7,7,0,0,2048,5.28,
7,7,0,0,2048,6.72,
7,7,0,0,2048,5.44,
7,7,0,0,2048,5.6,
7,7,0,0,2048,6.08,
7,7,0,0,2048,4.32,
7,7,0,0,2048,5.44,
7,7,0,0,2048,5.12,
7,7,0,0,2048,4.64,
7,7,0,0,2048,5.28,
7,7,0,0,2048,3.36,
7,7,0,0,2048,5.44,
7,7,0,0,2048,4.96,
3,5,0,0,2048,5.12,
7,12,0,0,2048,5.92,
1,0,0,0,2048,4.96,
13,7,0,0,2048,4.96,
1,2,0,0,2048,4.96,
6,5,0,0,2048,4.96,
8,8,0,0,2048,3.84,
16,16,0,0,2048,4.16,
1,1,0,0,2048,5.6,
7,7,0,0,2048,5.6,
8,8,0,0,2048,6.4,
8,13,0,0,2048,5.28,
8,3,0,0,2048,4.16,
8,8,0,0,2048,4,
8,8,0,0,2048,5.12,
13,15,0,0,2048,1.92,
7,7,0,0,2048,5.92,
2,3,0,0,2048,6.08,
1,1,0,0,2048,5.6,
4,3,0,0,2048,5.6,
11,9,0,0,2048,5.6,
1,2,0,0,2048,6.08,
7,6,0,0,2048,6.08,
8,8,0,0,2048,4.64,
8,8,0,0,2048,6.24,
8,8,0,0,2048,5.12,
8,8,0,0,2048,5.44,
8,8,0,0,2048,5.12,
8,16,0,0,2048,5.44,
16,13,0,0,2048,3.36,
1,0,0,0,2048,3.52,
7,11,0,0,2048,3.68,
1,0,0,0,2048,4.16,
1,0,0,0,2048,4.16,
14,8,0,0,2048,4.8,
1,2,0,0,2048,2.56,
10,9,0,0,2048,2.56,
11,22,0,0,2048,3.84,
22,23,0,0,2048,5.92,
1,0,0,0,2048,5.92,
1,0,0,0,2048,5.92,
10,0,0,0,2048,4.64,
1,2,0,0,2048,4.8,
23,22,0,0,2048,5.12,
1,2,0,0,2048,3.04,
11,10,0,0,2048,3.04,
12,12,0,0,2048,4.64,
24,32,0,0,2048,3.84,
1,0,0,0,2048,4.32,
8,10,0,0,2048,3.68,
1,0,0,0,2048,4.16,
11,0,0,0,2048,4.16,
12,15,0,0,2048,4.32,
12,12,0,0,2048,4.48,
12,12,0,0,2048,4.8,
12,8,0,0,2048,2.88,
7,11,0,0,2048,4.96,
4,16,0,0,2048,3.68,
1,0,0,0,2048,3.84,
1,0,0,0,2048,3.84,
1,0,0,0,2048,3.84,
1,0,0,0,2048,3.84,
20,12,0,0,2048,4.32,
1,1,0,0,2048,4.16,
11,11,0,0,2048,4.16,
12,12,0,0,2048,4.16,
12,12,0,0,2048,5.12,
12,12,0,0,2048,4.8,
12,12,0,0,2048,5.12,
12,12,0,0,2048,4.32,
12,12,0,0,2048,4,
23,23,0,0,2048,4.32,
12,12,0,0,2048,4.16,
1,2,0,0,2048,2.24,
1,1,0,0,2048,2.24,
10,20,0,0,2048,4.48,
12,1,0,0,2048,4.48,
12,24,0,0,2048,4.16,
12,12,0,0,2048,5.12,
1,0,0,0,2048,5.28,
1,0,0,0,2048,5.28,
1,0,0,0,2048,5.28,
9,0,0,0,2048,5.28,
12,12,0,0,2048,3.52,
12,12,0,0,2048,3.68,
12,12,0,0,2048,3.84,
12,23,0,0,2048,4.48,
12,1,0,0,2048,3.84,
21,21,0,0,2048,4.8,
12,24,0,0,2048,4.16,
1,0,0,0,2048,4.72,
1,0,0,0,2048,4.72,
1,0,0,0,2048,4.72,
9,0,0,0,2048,4.72,
12,24,0,0,2048,3.84,
1,0,0,0,2048,2.56,
23,12,0,0,2048,4,
1,12,0,0,2048,4.8,
11,0,0,0,2048,4.8,
17,22,0,0,2048,4.96,
9,4,0,0,2048,4.64,
1,1,0,0,2048,4.8,
11,11,0,0,2048,4.96,
12,12,0,0,2048,4,
1,1,0,0,2048,4.8,
23,23,0,0,2048,4.48,
1,2,0,0,2048,4.8,
11,10,0,0,2048,4.8,
12,12,0,0,2048,4,
12,21,0,0,2048,3.84,
12,3,0,0,2048,4.16,
1,1,0,0,2048,4.96,
12,8,0,0,2048,4.8,
1,2,0,0,2048,2.08,
10,22,0,0,2048,4.32,
1,1,0,0,2048,3.52,
10,11,0,0,2048,3.2,
1,2,0,0,2048,3.68,
11,0,0,0,2048,3.68,
12,12,0,0,2048,3.52,
12,12,0,0,2048,4.16,
11,7,0,0,2048,3.52,
1,15,0,0,2048,4.48,
1,2,0,0,2048,4.48,
11,0,0,0,2048,4.48,
12,24,0,0,2048,4.64,
12,0,0,0,2048,3.36,
21,22,0,0,2048,4.16,
2,13,0,0,2048,3.84,
1,0,0,0,2048,4.48,
1,0,0,0,2048,4.48,
10,1,0,0,2048,4.48,
12,11,0,0,2048,3.2,
12,12,0,0,2048,3.04,
12,12,0,0,2048,3.68,
12,12,0,0,2048,3.2,
13,19,0,0,2048,4.96,
9,3,0,0,2048,4.8,
10,22,0,0,2048,5.12,
1,0,0,0,2048,4,
1,0,0,0,2048,4,
1,0,0,0,2048,4,
1,0,0,0,2048,4,
8,1,0,0,2048,3.36,
1,2,0,0,2048,4.48,
23,21,0,0,2048,3.68,
1,1,0,0,2048,4,
11,11,0,0,2048,4,
12,12,0,0,2048,3.52,
12,12,0,0,2048,4.32,
12,12,0,0,2048,4.8,
12,12,0,0,2048,4.16,
12,12,0,0,2048,4.8,
12,12,0,0,2048,2.24,
20,21,0,0,2048,4.16,
1,2,0,0,2048,3.36,
1,2,0,0,2048,3.36,
10,14,0,0,2048,3.36,
8,1,0,0,2048,4.16,
1,0,0,0,2048,4.16,
1,1,0,0,2048,3.84,
1,4,0,0,2048,3.84,
22,20,0,0,2048,4.96,
1,3,0,0,2048,3.68,
11,9,0,0,2048,3.68,
12,12,0,0,2048,4.96,
12,20,0,0,2048,4,
12,16,0,0,2048,4.48,
12,0,0,0,2048,4.48,
12,12,0,0,2048,4.48,
12,12,0,0,2048,5.28,
1,1,0,0,2048,5.28,
11,23,0,0,2048,4,
1,0,0,0,2048,4.48,
1,0,0,0,2048,4.48,
10,0,0,0,2048,3.84,
1,0,0,0,2048,3.84,
23,24,0,0,2048,3.2,
1,3,0,0,2048,4,
11,9,0,0,2048,4,
24,24,0,0,2048,3.04,
1,0,0,0,2048,3.68,
1,0,0,0,2048,3.68,
8,12,0,0,2048,3.68,
5,15,0,0,2048,4.64,
1,0,0,0,2048,4,
1,0,0,0,2048,4,
22,24,0,0,2048,4,
1,0,0,0,2048,5.44,
11,0,0,0,2048,5.44,
12,12,0,0,2048,4.64,
12,12,0,0,2048,3.84,
12,12,0,0,2048,1.76,
12,12,0,0,2048,3.52,
17,17,0,0,2048,4.48,
9,20,0,0,2048,4.8,
1,1,0,0,2048,4.8,
11,0,0,0,2048,4.8,
1,2,0,0,2048,4.64,
11,10,0,0,2048,3.36,
1,1,0,0,2048,3.36,
23,23,0,0,2048,4,
1,1,0,0,2048,4,
11,11,0,0,2048,3.36,
12,12,0,0,2048,3.68,
6,6,0,0,2048,4.16,
11,21,0,0,2048,3.84,
1,0,0,0,2048,4,
9,0,0,0,2048,4,
12,12,0,0,2048,3.84,
11,12,0,0,2048,2.4,
10,9,0,0,2048,4,
1,0,0,0,2048,3.2,
1,1,0,0,2048,3.2,
1,2,0,0,2048,3.2,
9,9,0,0,2048,3.2,
1,1,0,0,2048,3.2,
11,11,0,0,2048,3.6,
12,12,0,0,2048,3.84,
12,12,0,0,2048,4,
12,12,0,0,2048,3.84,
23,35,0,0,2048,3.68,
1,0,0,0,2048,4.16,
1,0,0,0,2048,4.16,
10,0,0,0,2048,4.16,
9,6,0,0,2048,4.32,
1,3,0,0,2048,3.92,
1,2,0,0,2048,3.92,
10,10,0,0,2048,4,
1,1,0,0,2048,4.16,
23,23,0,0,2048,2.24,
1,2,0,0,2048,4.8,
11,11,0,0,2048,4.8,
12,11,0,0,2048,3.84,
11,9,0,0,2048,3.04,
9,12,0,0,2048,3.2,
10,0,0,0,2048,6.08,
6,15,0,0,2048,3.84,
9,9,0,0,2048,3.2,
11,22,0,0,2048,4.16,
1,1,0,0,2048,5.12,
1,0,0,0,2048,5.12,
1,0,0,0,2048,5.12,
1,0,0,0,2048,5.12,
1,0,0,0,2048,5.12,
1,0,0,0,2048,5.12,
6,0,0,0,2048,5.12,
12,24,0,0,2048,4.48,
1,0,0,0,2048,4.48,
11,0,0,0,2048,4,
12,12,0,0,2048,2.56,
12,12,0,0,2048,4,
12,12,0,0,2048,4,
12,12,0,0,2048,4.48,
12,12,0,0,2048,4.48,
12,12,0,0,2048,3.2,
12,12,0,0,2048,4.16,
12,24,0,0,2048,3.6,
1,0,0,0,2048,3.6,
1,0,0,0,2048,3.76,
10,0,0,0,2048,3.76,
12,10,0,0,2048,4.16,
12,14,0,0,2048,3.84,
12,12,0,0,2048,3.84,
22,22,0,0,2048,4.48,
1,3,0,0,2048,3.52,
1,2,0,0,2048,3.52,
10,18,0,0,2048,3.36,
1,0,0,0,2048,3.36,
1,0,0,0,2048,2.4,
10,1,0,0,2048,2.4,
12,12,0,0,2048,4.48,
12,12,0,0,2048,4.96,
12,12,0,0,2048,4,
21,13,0,0,2048,3.68,
3,22,0,0,2048,3.04,
1,0,0,0,2048,4.64,
10,11,0,0,2048,4.64,
1,0,0,0,2048,4.48,
11,0,0,0,2048,3.36,
1,1,0,0,2048,5.44,
11,21,0,0,2048,5.44,
1,2,0,0,2048,3.2,
11,1,0,0,2048,3.84,
12,23,0,0,2048,3.84,
1,1,0,0,2048,3.84,
23,12,0,0,2048,4.48,
1,0,0,0,2048,4.48,
19,20,0,0,2048,1.92,
12,0,0,0,2048,4.48,
4,11,0,0,2048,3.68,
7,24,0,0,2048,3.84,
1,0,0,0,2048,3.6,
1,0,0,0,2048,3.6,
1,0,0,0,2048,3.6,
1,0,0,0,2048,3.6,
1,0,0,0,2048,3.6,
7,0,0,0,2048,4.32,
1,1,0,0,2048,3.2,
11,11,0,0,2048,3.2,
12,12,0,0,2048,3.52,
12,12,0,0,2048,3.2,
12,12,0,0,2048,3.52,
12,12,0,0,2048,3.84,
12,12,0,0,2048,3.68,
12,13,0,0,2048,3.68,
12,11,0,0,2048,3.68,
12,12,0,0,2048,3.04,
6,6,0,0,2048,4.32,
8,20,0,0,2048,3.68,
1,0,0,0,2048,3.68,
1,0,0,0,2048,4.05333,
1,0,0,0,2048,4.05333,
1,0,0,0,2048,4.05333,
8,0,0,0,2048,4.05333,
12,12,0,0,2048,4.64,
1,2,0,0,2048,4.48,
23,22,0,0,2048,3.68,
1,1,0,0,2048,3.84,
11,11,0,0,2048,3.84,
12,12,0,0,2048,3.84,
12,12,0,0,2048,3.52,
12,12,0,0,2048,2.88,
19,30,0,0,2048,3.68,
1,0,0,0,2048,3.52,
1,0,0,0,2048,3.52,
10,13,0,0,2048,4,
1,0,0,0,2048,2.4,
11,12,0,0,2048,2.4,
1,0,0,0,2048,4.24,
11,0,0,0,2048,4.24,
12,12,0,0,2048,3.84,
12,12,0,0,2048,4.32,
12,21,0,0,2048,4.48,
10,12,0,0,2048,3.68,
1,0,0,0,2048,3.52,
21,11,0,0,2048,3.52,
13,13,0,0,2048,3.68,
1,0,0,0,2048,4,
1,0,0,0,2048,4,
1,0,0,0,2048,4,
1,0,0,0,2048,4,
1,0,0,0,2048,4,
1,0,0,0,2048,4,
6,0,0,0,2048,4,
11,23,0,0,2048,2.88,
1,2,0,0,2048,4.32,
12,11,0,0,2048,3.04,
12,12,0,0,2048,2.24,
12,12,0,0,2048,4.16,
12,12,0,0,2048,4.32,
12,12,0,0,2048,3.68,
7,7,0,0,2048,4.16,
1,13,0,0,2048,4,
1,0,0,0,2048,4.16,
11,0,0,0,2048,4.16,
12,12,0,0,2048,4.8,
1,2,0,0,2048,3.36,
11,10,0,0,2048,3.36,
12,12,0,0,2048,3.52,
12,12,0,0,2048,4,
12,12,0,0,2048,3.36,
12,17,0,0,2048,4,
12,7,0,0,2048,4,
9,9,0,0,2048,3.68,
12,12,0,0,2048,4.48,
9,9,0,0,2048,4.48,
1,1,0,0,2048,2.08,
10,22,0,0,2048,3.04,
1,0,0,0,2048,4.32,
1,0,0,0,2048,4.32,
1,0,0,0,2048,4.32,
9,0,0,0,2048,4.32,
12,12,0,0,2048,4.16,
12,12,0,0,2048,3.52,
12,12,0,0,2048,3.84,
22,22,0,0,2048,5.44,
9,20,0,0,2048,3.36,
1,0,0,0,2048,4.72,
1,0,0,0,2048,4.72,
9,0,0,0,2048,4,
1,7,0,0,2048,3.52,
11,5,0,0,2048,3.52,
12,21,0,0,2048,4,
12,3,0,0,2048,4,
12,12,0,0,2048,3.68,
12,22,0,0,2048,4,
1,1,0,0,2048,2.8,
11,1,0,0,2048,2.8,
10,10,0,0,2048,3.36,
9,6,0,0,2048,4.16,
9,11,0,0,2048,4.32,
5,18,0,0,2048,5.12,
1,0,0,0,2048,1.72,
1,0,0,0,2048,1.72,
1,0,0,0,2048,1.72,
1,0,0,0,2048,1.72,
1,0,0,0,2048,1.72,
1,0,0,0,2048,1.72,
1,0,0,0,2048,1.72,
5,12,0,0,2048,1.72,
1,0,0,0,2048,2.24,
11,0,0,0,2048,2.24,
12,12,0,0,2048,4.16,
12,12,0,0,2048,4.32,
12,12,0,0,2048,4.48,
12,12,0,0,2048,2.24,
12,12,0,0,2048,4.48,
12,12,0,0,2048,3.04,
12,12,0,0,2048,3.36,
12,12,0,0,2048,3.68,
12,12,0,0,2048,4.32,
12,12,0,0,2048,3.2,
21,23,0,0,2048,4.32,
2,9,0,0,2048,3.84,
1,0,0,0,2048,3.84,
11,12,0,0,2048,3.68,
1,2,0,0,2048,3.68,
11,13,0,0,2048,5.12,
1,0,0,0,2048,4,
11,0,0,0,2048,4,
11,11,0,0,2048,2.88,
1,2,0,0,2048,5.28,
24,23,0,0,2048,4.48,
1,1,0,0,2048,5.12,
11,11,0,0,2048,5.12,
12,12,0,0,2048,2.4,
20,20,0,0,2048,4.64,
8,20,0,0,2048,3.84,
1,0,0,0,2048,3.94667,
1,0,0,0,2048,3.94667,
1,0,0,0,2048,3.94667,
1,0,0,0,2048,3.94667,
8,0,0,0,2048,4,
12,24,0,0,2048,3.84,
12,0,0,0,2048,4.16,
1,0,0,0,2048,4.64,
11,23,0,0,2048,4.64,
12,1,0,0,2048,3.68,
12,12,0,0,2048,4.64,
12,12,0,0,2048,4.32,
20,23,0,0,2048,4.8,
1,7,0,0,2048,4.32,
1,1,0,0,2048,4,
11,13,0,0,2048,2.24,
1,0,0,0,2048,3.84,
23,13,0,0,2048,4.16,
1,2,0,0,2048,4.16,
11,10,0,0,2048,4.16,
12,12,0,0,2048,4.32,
12,24,0,0,2048,4.96,
12,0,0,0,2048,4,
12,12,0,0,2048,4,
7,7,0,0,2048,4.32,
1,13,0,0,2048,3.68,
1,0,0,0,2048,3.68,
11,0,0,0,2048,4.8,
12,15,0,0,2048,3.68,
1,0,0,0,2048,4.16,
11,9,0,0,2048,4.16,
12,12,0,0,2048,4.8,
12,12,0,0,2048,3.84,
12,12,0,0,2048,4.16,
11,11,0,0,2048,4.64,
12,12,0,0,2048,5.12,
12,21,0,0,2048,4.96,
1,0,0,0,2048,4.96,
1,0,0,0,2048,4.96,
9,14,0,0,2048,4.48,
1,0,0,0,2048,4.64,
1,0,0,0,2048,4.64,
10,0,0,0,2048,3.52,
1,1,0,0,2048,3.84,
23,23,0,0,2048,5.92,
1,1,0,0,2048,5.12,
11,16,0,0,2048,4.32,
12,7,0,0,2048,4.32,
12,12,0,0,2048,5.76,
12,12,0,0,2048,3.68,
12,12,0,0,2048,3.52,
12,12,0,0,2048,3.52,
12,24,0,0,2048,4.32,
20,17,0,0,2048,2.08,
1,2,0,0,2048,4.16,
1,0,0,0,2048,4.16,
9,0,0,0,2048,3.84,
1,2,0,0,2048,5.28,
11,10,0,0,2048,5.28,
12,12,0,0,2048,3.84,
2,6,0,0,2048,4.64,
12,10,0,0,2048,4.16,
12,9,0,0,2048,5.6,
24,25,0,0,2048,4.64,
1,1,0,0,2048,4.48,
22,21,0,0,2048,4.96,
1,13,0,0,2048,4,
1,1,0,0,2048,4,
11,1,0,0,2048,4.96,
12,19,0,0,2048,4.96,
1,0,0,0,2048,4.96,
10,15,0,0,2048,4.16,
1,0,0,0,2048,3.89333,
1,0,0,0,2048,3.89333,
1,0,0,0,2048,3.89333,
9,11,0,0,2048,4.96,
1,1,0,0,2048,4.8,
23,12,0,0,2048,4.96,
1,1,0,0,2048,3.84,
11,11,0,0,2048,3.84,
12,12,0,0,2048,5.44,
12,12,0,0,2048,4,
12,12,0,0,2048,5.44,
12,12,0,0,2048,5.92,
12,12,0,0,2048,5.76,
12,12,0,0,2048,4.64,
12,12,0,0,2048,4.96,
12,12,0,0,2048,6.08,
12,12,0,0,2048,6.4,
12,13,0,0,2048,5.28,
12,11,0,0,2048,4.64,
12,12,0,0,2048,3.68,
12,12,0,0,2048,5.92,
12,12,0,0,2048,4.64,
12,12,0,0,2048,1.92,
12,12,0,0,2048,4.32,
12,9,0,0,2048,3.2,
4,12,0,0,2048,3.2,
12,18,0,0,2048,5.12,
1,1,0,0,2048,5.12,
1,0,0,0,2048,5.12,
10,0,0,0,2048,5.12,
12,12,0,0,2048,4,
12,12,0,0,2048,4.48,
12,12,0,0,2048,4.48,
12,12,0,0,2048,4.8,
12,12,0,0,2048,6.08,
12,10,0,0,2048,5.6,
12,26,0,0,2048,7.36,
1,0,0,0,2048,5.04,
11,0,0,0,2048,5.04,
12,12,0,0,2048,4.64,
1,1,0,0,2048,3.84,
12,11,0,0,2048,3.84,
23,16,0,0,2048,5.12,
1,20,0,0,2048,5.12,
11,0,0,0,2048,6.08,
12,12,0,0,2048,5.44,
12,12,0,0,2048,4.64,
12,11,0,0,2048,4.64,
12,14,0,0,2048,5.44,
12,11,0,0,2048,6.72,
12,12,0,0,2048,4.48,
12,12,0,0,2048,5.76,
12,12,0,0,2048,5.12,
8,20,0,0,2048,6.88,
1,0,0,0,2048,6.24,
11,1,0,0,2048,6.24,
1,2,0,0,2048,6.4,
23,33,0,0,2048,7.04,
1,0,0,0,2048,5.92,
11,0,0,0,2048,5.92,
12,12,0,0,2048,4.96,
12,12,0,0,2048,3.36,
12,12,0,0,2048,6.08,
12,12,0,0,2048,5.6,
12,12,0,0,2048,4.96,
12,12,0,0,2048,4.8,
12,12,0,0,2048,5.28,
12,12,0,0,2048,5.28,
12,12,0,0,2048,6.08,
12,12,0,0,2048,5.6,
12,12,0,0,2048,5.76,
12,12,0,0,2048,5.28,
12,12,0,0,2048,5.44,
12,12,0,0,2048,6.72,
12,12,0,0,2048,5.92,
12,12,0,0,2048,5.92,
12,12,0,0,2048,5.76,
12,12,0,0,2048,5.76,
12,12,0,0,2048,6.88,
12,12,0,0,2048,7.2,
12,12,0,0,2048,6.24,
12,12,0,0,2048,3.04,
12,12,0,0,2048,7.04,
6,7,0,0,2048,6.88,
12,11,0,0,2048,5.28,
12,12,0,0,2048,6.56,
12,12,0,0,2048,5.92,
12,12,0,0,2048,6.08,
12,12,0,0,2048,5.92,
12,12,0,0,2048,7.52,
12,12,0,0,2048,7.68,
12,12,0,0,2048,7.36,
12,12,0,0,2048,5.12,
12,12,0,0,2048,7.04,
12,12,0,0,2048,7.2,
12,12,0,0,2048,6.4,
12,12,0,0,2048,6.08,
12,12,0,0,2048,5.28,
12,12,0,0,2048,6.24,
12,12,0,0,2048,6.08,
12,12,0,0,2048,3.2,
10,10,0,0,2048,7.68,
10,10,0,0,2048,7.52,
10,10,0,0,2048,6.4,
10,10,0,0,2048,6.4,
10,10,0,0,2048,7.52,
10,10,0,0,2048,5.6,
10,10,0,0,2048,6.88,
10,10,0,0,2048,6.24,
10,10,0,0,2048,6.56,
10,10,0,0,2048,7.04,
10,10,0,0,2048,6.4,
10,15,0,0,2048,7.68,
10,5,0,0,2048,5.28,
10,10,0,0,2048,5.92,
10,10,0,0,2048,6.08,
10,10,0,0,2048,6.4,
10,10,0,0,2048,7.68,
9,9,0,0,2048,7.84,
9,9,0,0,2048,6.08,
9,18,0,0,2048,4,
9,0,0,0,2048,7.68,
9,9,0,0,2048,6.88,
9,9,0,0,2048,6.88,
9,9,0,0,2048,6.56,
9,9,0,0,2048,7.2,
9,9,0,0,2048,6.24,
9,9,0,0,2048,7.36,
9,9,0,0,2048,7.84,
9,14,0,0,2048,5.28,
9,4,0,0,2048,5.28,
9,9,0,0,2048,7.36,
9,9,0,0,2048,7.52,
9,9,0,0,2048,7.52,
9,16,0,0,2048,6.56,
9,2,0,0,2048,5.28,
9,9,0,0,2048,6.72,
9,9,0,0,2048,5.6,
9,9,0,0,2048,8,
9,9,0,0,2048,3.2,
9,9,0,0,2048,6.56,
9,9,0,0,2048,6.72,
9,9,0,0,2048,7.2,
9,9,0,0,2048,6.72,
9,9,0,0,2048,7.04,
9,9,0,0,2048,7.68,
9,9,0,0,2048,6.4,
9,18,0,0,2048,6.08,
9,0,0,0,2048,6.08,
9,9,0,0,2048,6.08,
9,9,0,0,2048,6.56,
9,9,0,0,2048,6.24,
9,9,0,0,2048,6.56,
9,9,0,0,2048,7.04,
9,9,0,0,2048,7.2,
9,9,0,0,2048,7.04,
9,9,0,0,2048,6.08,
9,9,0,0,2048,6.08,
9,9,0,0,2048,6.4,
9,9,0,0,2048,3.68,
9,9,0,0,2048,5.6,
9,9,0,0,2048,6.4,
9,9,0,0,2048,5.6,
9,9,0,0,2048,6.24,
9,9,0,0,2048,5.92,
9,9,0,0,2048,7.2,
9,9,0,0,2048,7.52,
9,9,0,0,2048,7.04,
9,9,0,0,2048,5.44,
9,9,0,0,2048,6.72,
18,27,0,0,2048,7.04,
1,0,0,0,2048,7.2,
17,10,0,0,2048,6.4,
1,1,0,0,2048,6.56,
8,7,0,0,2048,6.56,
9,10,0,0,2048,8.48,
9,8,0,0,2048,6.24,
9,9,0,0,2048,6.56,
9,9,0,0,2048,4.16,
9,9,0,0,2048,5.92,
9,9,0,0,2048,6.4,
9,17,0,0,2048,6.08,
9,1,0,0,2048,6.4,
9,9,0,0,2048,6.88,
9,9,0,0,2048,4.64,
9,9,0,0,2048,5.76,
9,9,0,0,2048,6.4,
9,9,0,0,2048,5.28,
9,9,0,0,2048,7.04,
9,9,0,0,2048,6.24,
9,9,0,0,2048,6.56,
9,9,0,0,2048,6.24,
9,9,0,0,2048,6.72,
9,9,0,0,2048,4.96,
9,9,0,0,2048,5.6,
9,9,0,0,2048,7.04,
9,9,0,0,2048,4.64,
9,9,0,0,2048,6.08,
9,9,0,0,2048,3.84,
9,9,0,0,2048,5.6,
9,9,0,0,2048,6.4,
9,18,0,0,2048,6.88,
9,0,0,0,2048,5.12,
9,9,0,0,2048,5.6,
9,9,0,0,2048,4.48,
9,13,0,0,2048,6.24,
4,0,0,0,2048,6.88,
9,9,0,0,2048,6.24,
9,9,0,0,2048,5.76,
9,9,0,0,2048,6.08,
9,9,0,0,2048,8.32,
9,9,0,0,2048,5.92,
9,9,0,0,2048,6.72,
1,2,0,0,2048,4.96,
17,16,0,0,2048,7.04,
1,1,0,0,2048,5.44,
8,8,0,0,2048,5.44,
9,9,0,0,2048,4.32,
9,9,0,0,2048,6.4,
9,9,0,0,2048,6.24,
9,8,0,0,2048,6.56,
16,17,0,0,2048,5.92,
2,0,0,0,2048,5.92,
17,20,0,0,2048,6.08,
1,0,0,0,2048,6.08,
9,9,0,0,2048,6.24,
1,1,0,0,2048,5.92,
15,15,0,0,2048,6.24,
2,0,0,0,2048,6.24,
9,11,0,0,2048,4.16,
9,9,0,0,2048,4.32,
16,25,0,0,2048,5.76,
1,0,0,0,2048,5.44,
1,0,0,0,2048,5.44,
7,0,0,0,2048,5.44,
9,16,0,0,2048,6.4,
1,1,0,0,2048,6.08,
17,10,0,0,2048,4.96,
1,1,0,0,2048,4.96,
8,8,0,0,2048,4.96,
9,9,0,0,2048,6.88,
9,9,0,0,2048,5.76,
8,16,0,0,2048,7.04,
8,1,0,0,2048,4.16,
7,8,0,0,2048,6.08,
7,7,0,0,2048,6.88,
7,7,0,0,2048,5.44,
7,7,0,0,2048,6.56,
7,7,0,0,2048,6.08,
7,7,0,0,2048,6.08,
7,7,0,0,2048,5.6,
7,7,0,0,2048,5.28,
7,7,0,0,2048,6.4,
7,7,0,0,2048,5.12,
7,7,0,0,2048,4.64,
7,7,0,0,2048,5.44,
6,7,0,0,2048,3.52,
5,6,0,0,2048,6.24,
3,5,0,0,2048,6.08,
5,3,0,0,2048,6.88,
5,5,0,0,2048,4.8,
5,5,0,0,2048,4.32,
5,5,0,0,2048,4.16,
5,5,0,0,2048,3.36,
5,5,0,0,2048,4.48,
5,5,0,0,2048,3.52,
5,5,0,0,2048,5.12,
5,5,0,0,2048,4.48,
5,5,0,0,2048,4.96,
5,5,0,0,2048,4.32,
5,10,0,0,2048,4.64,
4,0,0,0,2048,4.32,
4,4,0,0,2048,5.76,
4,4,0,0,2048,4.64,
4,4,0,0,2048,4.32,
4,4,0,0,2048,5.28,
4,4,0,0,2048,3.84,
4,4,0,0,2048,4.32,
4,4,0,0,2048,5.12,
4,4,0,0,2048,4.64,
4,4,0,0,2048,4.48,
4,4,0,0,2048,4.16,
4,4,0,0,2048,4.32,
4,4,0,0,2048,4.64,
4,4,0,0,2048,4.96,
4,4,0,0,2048,4.64,
4,8,0,0,2048,4.16,
4,0,0,0,2048,4.64,
4,4,0,0,2048,4.64,
4,4,0,0,2048,4.48,
4,4,0,0,2048,4.32,
4,4,0,0,2048,4.96,
4,4,0,0,2048,4.48,
4,4,0,0,2048,4.8,
4,4,0,0,2048,4.16,
4,8,0,0,2048,2.08,
4,0,0,0,2048,6.72,
4,4,0,0,2048,4.48,
4,4,0,0,2048,4.64,
4,4,0,0,2048,4.16,
4,4,0,0,2048,4.64,
4,4,0,0,2048,5.12,
4,4,0,0,2048,5.6,
4,4,0,0,2048,4.64,
4,4,0,0,2048,4.8,
4,8,0,0,2048,4.32,
4,0,0,0,2048,4.64,
4,4,0,0,2048,4.48,
4,8,0,0,2048,5.12,
4,0,0,0,2048,4.48,
4,4,0,0,2048,3.52,
4,4,0,0,2048,4.48,
4,4,0,0,2048,4.16,
4,4,0,0,2048,4.32,
4,4,0,0,2048,4.64,
4,4,0,0,2048,3.68,
4,4,0,0,2048,5.12,
4,4,0,0,2048,4.48,
4,4,0,0,2048,4.16,
4,4,0,0,2048,4.96,
4,4,0,0,2048,3.68,
4,4,0,0,2048,4.8,
4,4,0,0,2048,4.32,
4,4,0,0,2048,4.64,
4,4,0,0,2048,4,
4,8,0,0,2048,4.64,
4,0,0,0,2048,4.96,
4,4,0,0,2048,4,
4,4,0,0,2048,4.64,
4,4,0,0,2048,3.68,
4,4,0,0,2048,4,
4,8,0,0,2048,4,
4,0,0,0,2048,3.36,
4,4,0,0,2048,4.48,
4,4,0,0,2048,1.92,
4,4,0,0,2048,6.56,
4,4,0,0,2048,4.8,
4,4,0,0,2048,4,
4,4,0,0,2048,4.8,
4,4,0,0,2048,4.64,
8,4,0,0,2048,4.16,
1,7,0,0,2048,4.16,
7,9,0,0,2048,4.48,
1,0,0,0,2048,4.32,
3,0,0,0,2048,4.32,
3,4,0,0,2048,4.16,
3,3,0,0,2048,3.84,
3,6,0,0,2048,3.36,
3,0,0,0,2048,4.16,
3,3,0,0,2048,3.52,
3,3,0,0,2048,3.52,
6,6,0,0,2048,2.56,
3,6,0,0,2048,3.04,
3,0,0,0,2048,3.36,
1,1,0,0,2048,3.68,
2,2,0,0,2048,3.68,
3,3,0,0,2048,4.16,
3,3,0,0,2048,3.68,
3,3,0,0,2048,3.84,
3,3,0,0,2048,3.2,
3,3,0,0,2048,3.36,
3,3,0,0,2048,4.48,
3,3,0,0,2048,3.04,
3,3,0,0,2048,3.2,
3,3,0,0,2048,3.52,
3,3,0,0,2048,3.68,
3,3,0,0,2048,3.36,
3,3,0,0,2048,3.84,
3,3,0,0,2048,4,
3,3,0,0,2048,3.68,
3,3,0,0,2048,4.32,
3,3,0,0,2048,4,
3,3,0,0,2048,3.36,
3,3,0,0,2048,2.88,
3,3,0,0,2048,4.64,
3,3,0,0,2048,3.68,
3,3,0,0,2048,3.68,
3,3,0,0,2048,4.16,
3,3,0,0,2048,4,
3,3,0,0,2048,4,
3,3,0,0,2048,3.68,
3,3,0,0,2048,3.68,
3,3,0,0,2048,3.2,
3,3,0,0,2048,3.84,
3,3,0,0,2048,4.16,
3,3,0,0,2048,2.88,
3,3,0,0,2048,3.36,
3,3,0,0,2048,3.68,
3,3,0,0,2048,3.68,
2,3,0,0,2048,3.52,
2,2,0,0,2048,3.36,
2,2,0,0,2048,2.88,
2,2,0,0,2048,3.2,
2,2,0,0,2048,3.04,
2,2,0,0,2048,2.88,
2,2,0,0,2048,2.72,
2,2,0,0,2048,3.2,
2,2,0,0,2048,3.52,
2,2,0,0,2048,3.2,
2,2,0,0,2048,3.04,
2,2,0,0,2048,3.2,
2,2,0,0,2048,2.72,
2,2,0,0,2048,2.72,
2,4,0,0,2048,3.04,
2,0,0,0,2048,3.2,
2,2,0,0,2048,3.2,
2,2,0,0,2048,3.2,
2,2,0,0,2048,3.36,
2,2,0,0,2048,3.04,
2,2,0,0,2048,3.2,
2,2,0,0,2048,3.36,
2,2,0,0,2048,2.88,
2,2,0,0,2048,1.76,
2,2,0,0,2048,3.84,
2,4,0,0,2048,2.24,
2,0,0,0,2048,3.04,
2,2,0,0,2048,3.04,
2,2,0,0,2048,3.36,
2,2,0,0,2048,3.36,
2,4,0,0,2048,3.36,
2,0,0,0,2048,3.52,
2,2,0,0,2048,2.88,
2,2,0,0,2048,3.2,
2,2,0,0,2048,3.2,
2,2,0,0,2048,3.36,
2,2,0,0,2048,3.36,
2,2,0,0,2048,3.52,
2,2,0,0,2048,3.68,
2,2,0,0,2048,2.56,
2,2,0,0,2048,2.72,
2,2,0,0,2048,3.04,
2,2,0,0,2048,3.04,
2,2,0,0,2048,2.72,
2,3,0,0,2048,2.72,
2,1,0,0,2048,3.2,
2,2,0,0,2048,3.04,
2,2,0,0,2048,3.2,
2,2,0,0,2048,3.04,
2,2,0,0,2048,3.52,
2,2,0,0,2048,3.52,
3,3,0,0,2048,3.2,
1,1,0,0,2048,3.2,
3,3,0,0,2048,3.68,
3,3,0,0,2048,2.72,
1,2,0,0,2048,3.04,
1,0,0,0,2048,3.04,
2,4,0,0,2048,2.88,
2,0,0,0,2048,2.24,
2,2,0,0,2048,3.36,
2,3,0,0,2048,3.36,
2,1,0,0,2048,3.52,
2,2,0,0,2048,1.6,
2,2,0,0,2048,4.8,
1,2,0,0,2048,3.36,
1,1,0,0,2048,1.44,
2,2,0,0,2048,2.56,
1,2,0,0,2048,1.92,
1,1,0,0,2048,1.92,
1,1,0,0,2048,1.76,
1,1,0,0,2048,1.6,
1,1,0,0,2048,2.08,
1,1,0,0,2048,1.28,
1,1,0,0,2048,1.6,
1,1,0,0,2048,1.92,
1,1,0,0,2048,0.96,
1,1,0,0,2048,1.76,
1,1,0,0,2048,1.44,
1,1,0,0,2048,2.08,
1,1,0,0,2048,1.44,
1,1,0,0,2048,1.44,
1,1,0,0,2048,1.92,
1,2,0,0,2048,1.44,
1,0,0,0,2048,2.08,
1,1,0,0,2048,1.28,
1,1,0,0,2048,1.28,
1,1,0,0,2048,1.92,
1,1,0,0,2048,1.28,
1,1,0,0,2048,1.6,
1,1,0,0,2048,1.6,
1,1,0,0,2048,1.92,
1,1,0,0,2048,1.92,
1,1,0,0,2048,1.92,
1,1,0,0,2048,1.44,
1,2,0,0,2048,1.28,
1,0,0,0,2048,2.24,
1,1,0,0,2048,1.92,
1,1,0,0,2048,1.92,
1,1,0,0,2048,1.28,
1,1,0,0,2048,2.08,
1,1,0,0,2048,1.92,
1,1,0,0,2048,1.44,
1,1,0,0,2048,2.08,
1,1,0,0,2048,1.76,
1,1,0,0,2048,1.92,
1,1,0,0,2048,1.6,
1,1,0,0,2048,1.28,
1,2,0,0,2048,1.28,
1,0,0,0,2048,1.92,
1,1,0,0,2048,1.92,
1,1,0,0,2048,1.28,
1,1,0,0,2048,1.28,
1,1,0,0,2048,1.28,
1,1,0,0,2048,0.64,
1,1,0,0,2048,2.24,
1,1,0,0,2048,1.28,
1,1,0,0,2048,1.92,
1,1,0,0,2048,1.92,
1,1,0,0,2048,1.28,
1,1,0,0,2048,1.28,
1,1,0,0,2048,1.28,
1,2,0,0,2048,1.92,
1,0,0,0,2048,1.6,
1,1,0,0,2048,1.92,
1,2,0,0,2048,1.92,
1,0,0,0,2048,2.4,
1,1,0,0,2048,1.92,
1,1,0,0,2048,2.08,
1,1,0,0,2048,1.92,
1,1,0,0,2048,1.92,
1,1,0,0,2048,1.92,
1,1,0,0,2048,1.92,
1,2,0,0,2048,2.08,
1,0,0,0,2048,1.92,
1,1,0,0,2048,1.76,
1,1,0,0,2048,2.4,
1,1,0,0,2048,1.6,
1,1,0,0,2048,1.92,
1,1,0,0,2048,1.6,
1,1,0,0,2048,2.08,
1,1,0,0,2048,2.08,
1,1,0,0,2048,1.92,
1,1,0,0,2048,1.92,
1,1,0,0,2048,1.92,
1,2,0,0,2048,1.44,
1,0,0,0,2048,2.08,
1,1,0,0,2048,1.44,
1,1,0,0,2048,1.28,
1,2,0,0,2048,2.08,
1,0,0,0,2048,1.6,
1,1,0,0,2048,1.6,
1,1,0,0,2048,1.92,
1,1,0,0,2048,1.92,
1,1,0,0,2048,1.44,
1,1,0,0,2048,2.4,
1,1,0,0,2048,1.28,
1,1,0,0,2048,1.92,
1,1,0,0,2048,2.08,
1,1,0,0,2048,1.44,
1,1,0,0,2048,2.56,
1,1,0,0,2048,1.92,
1,1,0,0,2048,2.24,
1,1,0,0,2048,2.08,
1,1,0,0,2048,1.92,
1,1,0,0,2048,1.44,
1,1,0,0,2048,1.28,
1,1,0,0,2048,1.92,
1,1,0,0,2048,1.92,
1,1,0,0,2048,1.92,
1,1,0,0,2048,2.24,
1,1,0,0,2048,2.08,
1,1,0,0,2048,1.92,
1,1,0,0,2048,1.28,
1,1,0,0,2048,1.92,
1,1,0,0,2048,1.44,
1,1,0,0,2048,1.92,
1,1,0,0,2048,2.08,
1,1,0,0,2048,1.92,
1,1,0,0,2048,1.92,
1,1,0,0,2048,1.92,
1,1,0,0,2048,2.24,
1,1,0,0,2048,2.24,
1,1,0,0,2048,2.4,
1,1,0,0,2048,2.08,
1,1,0,0,2048,1.92,
1,1,0,0,2048,2.08,
1,1,0,0,2048,1.92,
1,1,0,0,2048,1.92,
1,1,0,0,2048,1.92,
1,1,0,0,2048,2.4,
1,1,0,0,2048,2.24,
1,1,0,0,2048,2.08,
1,1,0,0,2048,1.28,
1,1,0,0,2048,3.2,
1,1,0,0,2048,2.08,
1,1,0,0,2048,2.08,
1,2,0,0,2048,1.92,
1,0,0,0,2048,1.92,
1,1,0,0,2048,1.92,
1,1,0,0,2048,1.92,
1,1,0,0,2048,1.92,
1,1,0,0,2048,2.08,
1,1,0,0,2048,1.92,
1,1,0,0,2048,2.08,
1,1,0,0,2048,2.08,
1,1,0,0,2048,2.08,
1,1,0,0,2048,1.92,
1,2,0,0,2048,2.08,
1,0,0,0,2048,1.92,
1,1,0,0,2048,1.92,
1,2,0,0,2048,1.92,
1,0,0,0,2048,1.92,
1,2,0,0,2048,2.24,
1,0,0,0,2048,2.24,
1,1,0,0,2048,1.76,
1,1,0,0,2048,1.76,
1,1,0,0,2048,2.08,
1,1,0,0,2048,2.08,
1,2,0,0,2048,1.92,
1,0,0,0,2048,1.92,
1,0,0,0,2048,2.08,
1,2,0,0,2048,2.08,
1,1,0,0,2048,1.92,
1,1,0,0,2048,1.92,
1,1,0,0,2048,2.08,
1,1,0,0,2048,2.08,
1,1,0,0,2048,1.92,
1,1,0,0,2048,1.92,
1,0,0,0,2048,2.08,
1,4,0,0,2048,2.08,
1,0,0,0,2048,2.08,
1,0,0,0,2048,2.08,
1,0,0,0,2048,2.08,
1,2,0,0,2048,2.08,
1,2,0,0,2048,2.08,
1,1,0,0,2048,2.08,
1,1,0,0,2048,1.92,
1,0,0,0,2048,1.92,
1,1,0,0,2048,2.08,
1,1,0,0,2048,2.08,
1,1,0,0,2048,2.08,
1,1,0,0,2048,2.08,
1,0,0,0,2048,1.92,
1,2,0,0,2048,1.92,
1,2,0,0,2048,2.24,
1,0,0,0,2048,2.24,
1,2,0,0,2048,1.92,
1,0,0,0,2048,1.92,
1,2,0,0,2048,1.92,
1,0,0,0,2048,1.92,
1,2,0,0,2048,2.4,
1,0,0,0,2048,2.4,
1,2,0,0,2048,1.6,
1,0,0,0,2048,1.6,
1,1,0,0,2048,2.24,
1,1,0,0,2048,2.24,
1,0,0,0,2048,2.24,
1,2,0,0,2048,2.24,
1,1,0,0,2048,2.24,
1,1,0,0,2048,2.24,
1,1,0,0,2048,1.92,
1,2,0,0,2048,1.92,
1,0,0,0,2048,1.92,
1,2,0,0,2048,1.92,
1,1,0,0,2048,1.92,
1,0,0,0,2048,1.92,
1,3,0,0,2048,1.92,
1,0,0,0,2048,1.92,
1,0,0,0,2048,1.92,
1,1,0,0,2048,2.08,
1,1,0,0,2048,2.08,
1,1,0,0,2048,2.08,
1,1,0,0,2048,2.4,
1,1,0,0,2048,2.4,
1,1,0,0,2048,2.4,
1,1,0,0,2048,2.4,
1,1,0,0,2048,2.4,
1,1,0,0,2048,2.24,
1,1,0,0,2048,2.24,
1,1,0,0,2048,2.08,
1,1,0,0,2048,2.08,
1,1,0,0,2048,1.76,
1,2,0,0,2048,1.76,
1,0,0,0,2048,1.76,
1,1,0,0,2048,1.92,
1,1,0,0,2048,1.92,
1,1,0,0,2048,1.92,
1,0,0,0,2048,2.24,
1,1,0,0,2048,2.24,
1,2,0,0,2048,2.24,
1,1,0,0,2048,2.24,
1,1,0,0,2048,2.24,
1,3,0,0,2048,1.76,
1,0,0,0,2048,2.72,
1,1,0,0,2048,2.72,
1,0,0,0,2048,2.72,
1,1,0,0,2048,1.76,
1,2,0,0,2048,1.76,
1,0,0,0,2048,1.76,
1,3,0,0,2048,2.08,
1,0,0,0,2048,2.08,
1,0,0,0,2048,2.08,
1,2,0,0,2048,2.08,
1,1,0,0,2048,2.08,
1,0,0,0,2048,2.08,
1,2,0,0,2048,2.08,
1,1,0,0,2048,2.08,
1,3,0,0,2048,2.08,
1,0,0,0,2048,2.4,
1,0,0,0,2048,2.4,
1,0,0,0,2048,2.4,
1,0,0,0,2048,2.56,
1,2,0,0,2048,2.56,
1,1,0,0,2048,2.56,
1,1,0,0,2048,2.08,
1,2,0,0,2048,2.08,
1,0,0,0,2048,2.08,
1,1,0,0,2048,1.76,
1,2,0,0,2048,1.76,
1,0,0,0,2048,1.76,
1,3,0,0,2048,2.08,
1,0,0,0,2048,2.08,
1,0,0,0,2048,2.08,
1,2,0,0,2048,2.4,
1,1,0,0,2048,2.4,
1,0,0,0,2048,2.4,
1,3,0,0,2048,2.08,
1,0,0,0,2048,2.08,
1,0,0,0,2048,2.08,
1,0,0,0,2048,1.92,
1,0,0,0,2048,1.92,
1,3,0,0,2048,1.92,
1,1,0,0,2048,1.92,
1,2,0,0,2048,1.92,
1,0,0,0,2048,1.92,
1,1,0,0,2048,2.08,
1,1,0,0,2048,2.08,
1,1,0,0,2048,2.08,
1,1,0,0,2048,1.92,
1,2,0,0,2048,1.92,
1,0,0,0,2048,1.92,
1,3,0,0,2048,2.08,
1,0,0,0,2048,2.08,
1,0,0,0,2048,2.08,
1,1,0,0,2048,2.24,
1,1,0,0,2048,2.24,
1,1,0,0,2048,2.24,
1,1,0,0,2048,2.4,
1,2,0,0,2048,2.4,
1,0,0,0,2048,2.4,
1,1,0,0,2048,1.92,
1,2,0,0,2048,1.92,
1,0,0,0,2048,1.92,
1,1,0,0,2048,2.08,
1,1,0,0,2048,2.08,
1,1,0,0,2048,2.08,
1,2,0,0,2048,2.24,
1,1,0,0,2048,2.24,
1,0,0,0,2048,2.24,
1,3,0,0,2048,2.72,
1,0,0,0,2048,2.72,
1,0,0,0,2048,2.72,
1,2,0,0,2048,2.08,
1,1,0,0,2048,2.08,
1,0,0,0,2048,2.08,
1,0,0,0,2048,2.08,
1,0,0,0,2048,2.08,
1,3,0,0,2048,1.12,
1,2,0,0,2048,3.04,
1,1,0,0,2048,3.04,
1,0,0,0,2048,3.04,
1,1,0,0,2048,2.72,
1,2,0,0,2048,2.72,
1,0,0,0,2048,2.72,
1,3,0,0,2048,1.92,
1,0,0,0,2048,1.92,
1,0,0,0,2048,1.92,
1,0,0,0,2048,2.24,
1,0,0,0,2048,2.24,
1,5,0,0,2048,2.24,
1,1,0,0,2048,2.08,
1,0,0,0,2048,2.08,
1,0,0,0,2048,2.08,
1,2,0,0,2048,1.76,
1,1,0,0,2048,1.76,
1,0,0,0,2048,1.76,
1,2,0,0,2048,2.08,
1,1,0,0,2048,2.08,
1,0,0,0,2048,2.08,
1,2,0,0,2048,1.76,
1,1,0,0,2048,1.76,
1,0,0,0,2048,1.76,
1,2,0,0,2048,1.92,
1,1,0,0,2048,1.92,
1,0,0,0,2048,1.92,
1,3,0,0,2048,2.08,
1,0,0,0,2048,2.08,
1,0,0,0,2048,2.08,
1,0,0,0,2048,1.92,
1,2,0,0,2048,1.92,
1,1,0,0,2048,1.92,
1,1,0,0,2048,2.24,
1,2,0,0,2048,2.24,
1,0,0,0,2048,2.24,
1,2,0,0,2048,2.24,
1,1,0,0,2048,2.24,
1,0,0,0,2048,2.24,
1,2,0,0,2048,2.24,
1,1,0,0,2048,2.24,
1,3,0,0,2048,1.76,
1,0,0,0,2048,1.76,
1,0,0,0,2048,1.76,
1,0,0,0,2048,1.76,
1,0,0,0,2048,2.24,
1,2,0,0,2048,2.24,
1,1,0,0,2048,2.24,
1,1,0,0,2048,2.4,
1,2,0,0,2048,2.4,
1,0,0,0,2048,2.4,
1,3,0,0,2048,2.08,
1,0,0,0,2048,2.08,
1,0,0,0,2048,2.08,
1,2,0,0,2048,2.08,
1,1,0,0,2048,2.08,
1,0,0,0,2048,2.08,
1,2,0,0,2048,1.92,
1,1,0,0,2048,1.92,
1,0,0,0,2048,1.92,
1,0,0,0,2048,1.92,
1,0,0,0,2048,1.92,
1,3,0,0,2048,2.24,
1,2,0,0,2048,2.24,
1,1,0,0,2048,2.24,
1,0,0,0,2048,2.24,
1,1,0,0,2048,2.24,
1,2,0,0,2048,2.24,
1,0,0,0,2048,2.24,
1,1,0,0,2048,1.92,
1,2,0,0,2048,1.92,
1,0,0,0,2048,1.92,
1,2,0,0,2048,1.76,
1,1,0,0,2048,1.76,
1,0,0,0,2048,1.76,
1,1,0,0,2048,2.08,
1,2,0,0,2048,2.08,
1,0,0,0,2048,2.08,
1,1,0,0,2048,2.24,
1,2,0,0,2048,2.24,
1,0,0,0,2048,2.24,
1,2,0,0,2048,2.4,
1,1,0,0,2048,2.4,
1,0,0,0,2048,2.4,
1,2,0,0,2048,1.76,
1,1,0,0,2048,1.76,
1,0,0,0,2048,1.76,
1,0,0,0,2048,2.4,
1,0,0,0,2048,2.4,
1,4,0,0,2048,2.4,
1,1,0,0,2048,2.4,
1,1,0,0,2048,2.4,
1,3,0,0,2048,2.4,
1,0,0,0,2048,2.24,
1,0,0,0,2048,2.24,
1,0,0,0,2048,2.24,
1,1,0,0,2048,2.08,
1,2,0,0,2048,2.08,
1,0,0,0,2048,2.08,
1,1,0,0,2048,2.08,
1,2,0,0,2048,2.08,
1,0,0,0,2048,2.08,
1,0,0,0,2048,2.08,
1,0,0,0,2048,2.08,
1,6,0,0,2048,2.4,
1,0,0,0,2048,2.4,
1,0,0,0,2048,2.4,
1,0,0,0,2048,2.4,
1,2,0,0,2048,1.6,
1,1,0,0,2048,1.6,
1,0,0,0,2048,1.6,
1,1,0,0,2048,2.24,
1,0,0,0,2048,2.24,
1,2,0,0,2048,2.24,
1,3,0,0,2048,1.44,
1,0,0,0,2048,1.44,
1,0,0,0,2048,1.44,
1,0,0,0,2048,3.2,
1,2,0,0,2048,3.2,
1,1,0,0,2048,3.2,
1,2,0,0,2048,2.08,
1,1,0,0,2048,2.08,
1,0,0,0,2048,2.08,
1,1,0,0,2048,2.08,
1,2,0,0,2048,2.08,
1,0,0,0,2048,2.08,
1,1,0,0,2048,1.76,
1,2,0,0,2048,1.76,
1,0,0,0,2048,1.76,
1,1,0,0,2048,1.92,
1,2,0,0,2048,1.92,
1,0,0,0,2048,1.92,
1,0,0,0,2048,2.08,
1,0,0,0,2048,2.08,
1,5,0,0,2048,2.08,
1,1,0,0,2048,2.24,
1,0,0,0,2048,2.24,
1,0,0,0,2048,2.24,
1,1,0,0,2048,1.92,
1,2,0,0,2048,1.92,
1,0,0,0,2048,1.92,
1,0,0,0,2048,2.24,
1,0,0,0,2048,2.24,
1,3,0,0,2048,2.24,
1,3,0,0,2048,2.24,
1,0,0,0,2048,2.24,
1,0,0,0,2048,2.24,
1,1,0,0,2048,1.92,
1,0,0,0,2048,1.92,
1,2,0,0,2048,1.92,
1,2,0,0,2048,2.24,
1,1,0,0,2048,2.24,
1,0,0,0,2048,2.24,
1,2,0,0,2048,2.24,
1,1,0,0,2048,2.24,
1,0,0,0,2048,2.24,
1,1,0,0,2048,1.92,
1,2,0,0,2048,1.92,
1,0,0,0,2048,1.92,
1,1,0,0,2048,1.92,
1,1,0,0,2048,1.92,
1,1,0,0,2048,1.92,
1,2,0,0,2048,2.08,
1,1,0,0,2048,2.08,
1,0,0,0,2048,2.08,
1,2,0,0,2048,2.24,
1,1,0,0,2048,2.24,
1,0,0,0,2048,2.24,
1,2,0,0,2048,2.4,
1,1,0,0,2048,2.4,
1,0,0,0,2048,2.4,
1,2,0,0,2048,1.92,
1,1,0,0,2048,1.92,
1,0,0,0,2048,1.92,
1,1,0,0,2048,1.44,
1,2,0,0,2048,1.44,
1,0,0,0,2048,1.44,
1,2,0,0,2048,2.56,
1,1,0,0,2048,2.56,
1,0,0,0,2048,2.56,
1,2,0,0,2048,2.08,
1,1,0,0,2048,2.08,
1,0,0,0,2048,2.08,
1,1,0,0,2048,2.08,
1,2,0,0,2048,2.08,
1,0,0,0,2048,2.08,
1,2,0,0,2048,2.24,
1,1,0,0,2048,2.24,
1,0,0,0,2048,2.24,
1,2,0,0,2048,2.08,
1,1,0,0,2048,2.08,
1,0,0,0,2048,2.08,
1,1,0,0,2048,1.92,
1,1,0,0,2048,1.92,
1,1,0,0,2048,1.92,
1,2,0,0,2048,1.76,
1,1,0,0,2048,1.76,
1,0,0,0,2048,1.76,
1,1,0,0,2048,2.08,
1,2,0,0,2048,2.08,
1,0,0,0,2048,2.08,
1,1,0,0,2048,2.24,
1,2,0,0,2048,2.24,
1,0,0,0,2048,2.24,
1,0,0,0,2048,1.92,
1,2,0,0,2048,1.92,
1,1,0,0,2048,1.92,
1,0,0,0,2048,2.08,
1,0,0,0,2048,2.08,
1,3,0,0,2048,2.08,
1,0,0,0,2048,1.76,
1,0,0,0,2048,1.76,
1,6,0,0,2048,1.76,
1,0,0,0,2048,1.92,
1,0,0,0,2048,1.92,
1,0,0,0,2048,1.92,
1,1,0,0,2048,2.4,
1,2,0,0,2048,2.4,
1,0,0,0,2048,2.4,
1,2,0,0,2048,2.24,
1,1,0,0,2048,2.24,
1,0,0,0,2048,2.24,
1,2,0,0,2048,1.92,
1,1,0,0,2048,1.92,
1,0,0,0,2048,1.92,
1,1,0,0,2048,2.08,
1,1,0,0,2048,2.08,
1,1,0,0,2048,2.08,
1,3,0,0,2048,1.92,
1,0,0,0,2048,1.92,
1,0,0,0,2048,1.92,
1,2,0,0,2048,1.44,
1,1,0,0,2048,1.44,
1,0,0,0,2048,1.44,
1,1,0,0,2048,2.56,
1,2,0,0,2048,2.56,
1,0,0,0,2048,2.56,
1,1,0,0,2048,2.4,
1,2,0,0,2048,2.4,
1,0,0,0,2048,2.4,
1,2,0,0,2048,2.08,
1,1,0,0,2048,2.08,
1,0,0,0,2048,2.08,
1,1,0,0,2048,2.08,
1,1,0,0,2048,2.08,
1,1,0,0,2048,2.08,
1,1,0,0,2048,1.92,
1,2,0,0,2048,1.92,
1,0,0,0,2048,1.92,
1,1,0,0,2048,2.08,
1,2,0,0,2048,2.08,
1,0,0,0,2048,2.08,
1,1,0,0,2048,2.4,
1,2,0,0,2048,2.4,
1,0,0,0,2048,2.4,
1,1,0,0,2048,1.92,
1,2,0,0,2048,1.92,
1,0,0,0,2048,1.92,
1,1,0,0,2048,1.76,
1,1,0,0,2048,1.76,
1,1,0,0,2048,1.76,
1,1,0,0,2048,1.92,
1,2,0,0,2048,1.92,
1,0,0,0,2048,1.92,
1,1,0,0,2048,2.08,
1,1,0,0,2048,2.08,
1,1,0,0,2048,2.08,
1,1,0,0,2048,1.92,
1,1,0,0,2048,1.92,
1,1,0,0,2048,1.92,
1,1,0,0,2048,2.4,
1,1,0,0,2048,2.4,
1,1,0,0,2048,2.4,
1,1,0,0,2048,2.08,
1,1,0,0,2048,2.08,
1,1,0,0,2048,2.08,
1,2,0,0,2048,2.24,
1,1,0,0,2048,2.24,
1,0,0,0,2048,2.24,
1,0,0,0,2048,2.08,
1,0,0,0,2048,2.08,
1,4,0,0,2048,2.08,
1,2,0,0,2048,1.92,
1,0,0,0,2048,1.92,
1,0,0,0,2048,1.92,
1,0,0,0,2048,2.08,
1,0,0,0,2048,2.08,
1,5,0,0,2048,2.08,
1,1,0,0,2048,1.44,
1,0,0,0,2048,1.44,
1,0,0,0,2048,1.44,
1,2,0,0,2048,1.92,
1,1,0,0,2048,1.92,
1,0,0,0,2048,1.92,
1,0,0,0,2048,2.56,
1,0,0,0,2048,2.56,
1,4,0,0,2048,2.56,
1,2,0,0,2048,2.24,
1,0,0,0,2048,2.24,
1,0,0,0,2048,2.24,
1,0,0,0,2048,1.92,
1,2,0,0,2048,1.92,
1,1,0,0,2048,1.92,
1,0,0,0,2048,1.76,
1,0,0,0,2048,1.76,
1,3,0,0,2048,1.76,
1,1,0,0,2048,2.56,
1,2,0,0,2048,2.56,
1,0,0,0,2048,2.56,
1,0,0,0,2048,1.92,
1,0,0,0,2048,1.92,
1,3,0,0,2048,1.92,
1,1,0,0,2048,2.08,
1,1,0,0,2048,2.08,
1,1,0,0,2048,2.08,
1,1,0,0,2048,2.08,
1,1,0,0,2048,2.08,
1,1,0,0,2048,2.08,
1,1,0,0,2048,1.76,
1,1,0,0,2048,1.76,
1,1,0,0,2048,1.76,
1,1,0,0,2048,2.56,
1,2,0,0,2048,2.56,
1,0,0,0,2048,2.56,
1,0,0,0,2048,1.76,
1,1,0,0,2048,1.76,
1,2,0,0,2048,1.76,
1,1,0,0,2048,2.08,
1,2,0,0,2048,2.08,
1,0,0,0,2048,2.08,
1,2,0,0,2048,2.56,
1,1,0,0,2048,2.56,
1,0,0,0,2048,2.56,
1,0,0,0,2048,2.08,
1,0,0,0,2048,2.08,
1,5,0,0,2048,2.08,
1,1,0,0,2048,1.76,
1,0,0,0,2048,1.76,
1,0,0,0,2048,1.76,
1,2,0,0,2048,1.92,
1,1,0,0,2048,1.92,
1,0,0,0,2048,1.92,
1,2,0,0,2048,2.24,
1,1,0,0,2048,2.24,
1,0,0,0,2048,2.24,
1,2,0,0,2048,2.08,
1,1,0,0,2048,2.08,
1,1,0,0,2048,0.96,
1,1,0,0,2048,0.96,
1,1,0,0,2048,1.6,
1,1,0,0,2048,1.6,
1,1,0,0,2048,1.44,
1,1,0,0,2048,1.44,
1,2,0,0,2048,1.28,
1,0,0,0,2048,1.28,
1,2,0,0,2048,1.44,
1,0,0,0,2048,1.44,
1,1,0,0,2048,1.28,
1,1,0,0,2048,1.28,
1,0,0,0,2048,1.28,
1,2,0,0,2048,1.28,
1,1,0,0,2048,1.28,
1,3,0,0,2048,1.28,
1,0,0,0,2048,1.44,
1,0,0,0,2048,1.44,
1,2,0,0,2048,1.28,
1,0,0,0,2048,1.28,
1,1,0,0,2048,1.28,
1,1,0,0,2048,1.28,
1,1,0,0,2048,1.6,
1,1,0,0,2048,1.6,
1,1,0,0,2048,1.28,
1,1,0,0,2048,1.28,
1,1,0,0,2048,1.28,
1,1,0,0,2048,1.28,
1,0,0,0,2048,1.28,
1,3,0,0,2048,1.28,
1,1,0,0,2048,1.28,
1,0,0,0,2048,1.28,
1,2,0,0,2048,1.28,
1,0,0,0,2048,1.28,
1,2,0,0,2048,1.28,
1,0,0,0,2048,1.28,
1,1,0,0,2048,1.28,
1,1,0,0,2048,1.28,
1,2,0,0,2048,1.44,
1,0,0,0,2048,1.44,
1,1,0,0,2048,1.28,
1,1,0,0,2048,1.28,
1,1,0,0,2048,1.28,
1,1,0,0,2048,1.28,
1,1,0,0,2048,1.28,
1,1,0,0,2048,1.28,
1,1,0,0,2048,1.6,
1,1,0,0,2048,1.6,
1,2,0,0,2048,1.28,
1,0,0,0,2048,1.28,
1,1,0,0,2048,1.28,
1,1,0,0,2048,1.28,
1,2,0,0,2048,1.28,
1,0,0,0,2048,1.28,
1,2,0,0,2048,1.28,
1,0,0,0,2048,1.28,
1,2,0,0,2048,1.44,
1,2,0,0,2048,1.44,
1,0,0,0,2048,1.28,
1,0,0,0,2048,1.28,
1,1,0,0,2048,1.28,
1,1,0,0,2048,1.28,
1,1,0,0,2048,1.28,
1,1,0,0,2048,1.28,
1,1,0,0,2048,1.28,
1,1,0,0,2048,1.28,
1,0,0,0,2048,1.28,
1,3,0,0,2048,1.28,
1,1,0,0,2048,1.28,
1,0,0,0,2048,1.28,
1,2,0,0,2048,1.28,
1,0,0,0,2048,1.28,
1,1,0,0,2048,1.6,
1,1,0,0,2048,1.6,
1,2,0,0,2048,1.44,
1,0,0,0,2048,1.44,
1,1,0,0,2048,1.28,
1,1,0,0,2048,1.28,
1,2,0,0,2048,0.64,
1,0,0,0,2048,0.64,
1,0,0,0,2048,2.08,
1,4,0,0,2048,2.08,
1,0,0,0,2048,1.28,
1,0,0,0,2048,1.28,
1,0,0,0,2048,1.44,
1,2,0,0,2048,1.44,
1,2,0,0,2048,1.28,
1,0,0,0,2048,1.28,
1,0,0,0,2048,1.28,
1,2,0,0,2048,1.28,
1,2,0,0,2048,1.44,
1,0,0,0,2048,1.44,
1,2,0,0,2048,1.28,
1,0,0,0,2048,1.28,
1,1,0,0,2048,1.28,
1,1,0,0,2048,1.28,
1,0,0,0,2048,1.28,
1,4,0,0,2048,1.44,
1,0,0,0,2048,1.44,
1,0,0,0,2048,1.44,
1,1,0,0,2048,1.28,
1,1,0,0,2048,1.28,
1,2,0,0,2048,1.28,
1,0,0,0,2048,1.28,
1,1,0,0,2048,1.44,
1,1,0,0,2048,1.44,
1,1,0,0,2048,1.44,
1,1,0,0,2048,1.44,
1,0,0,0,2048,1.28,
1,2,0,0,2048,1.28,
1,0,0,0,2048,1.44,
1,3,0,0,2048,1.44,
1,1,0,0,2048,1.44,
1,0,0,0,2048,1.44,
1,2,0,0,2048,1.28,
1,0,0,0,2048,1.28,
1,1,0,0,2048,1.28,
1,1,0,0,2048,1.28,
1,1,0,0,2048,1.44,
1,1,0,0,2048,1.44,
1,2,0,0,2048,1.28,
1,0,0,0,2048,1.28,
1,2,0,0,2048,1.28,
1,0,0,0,2048,1.28,
1,1,0,0,2048,1.28,
1,3,0,0,2048,1.28,
1,0,0,0,2048,1.28,
1,0,0,0,2048,1.28,
1,1,0,0,2048,1.28,
1,1,0,0,2048,1.28,
1,1,0,0,2048,1.28,
1,1,0,0,2048,1.28,
1,1,0,0,2048,1.44,
1,1,0,0,2048,1.44,
1,2,0,0,2048,1.28,
1,0,0,0,2048,1.28,
1,1,0,0,2048,1.28,
1,1,0,0,2048,1.28,
1,2,0,0,2048,1.44,
1,0,0,0,2048,1.44,
1,2,0,0,2048,1.28,
1,0,0,0,2048,1.28,
1,0,0,0,2048,1.28,
1,2,0,0,2048,1.28,
1,2,0,0,2048,1.28,
1,0,0,0,2048,1.28,
1,2,0,0,2048,1.28,
1,0,0,0,2048,1.28,
1,1,0,0,2048,1.44,
1,1,0,0,2048,1.44,
1,2,0,0,2048,1.28,
1,0,0,0,2048,1.28,
1,1,0,0,2048,1.28,
1,1,0,0,2048,1.28,
1,2,0,0,2048,1.28,
1,0,0,0,2048,1.28,
1,2,0,0,2048,0.48,
1,0,0,0,2048,0.48,
1,0,0,0,2048,2.08,
1,2,0,0,2048,2.08,
1,2,0,0,2048,1.28,
1,0,0,0,2048,1.28,
1,0,0,0,2048,1.28,
1,2,0,0,2048,1.28,
1,2,0,0,2048,1.28,
1,0,0,0,2048,1.28,
1,1,0,0,2048,1.44,
1,1,0,0,2048,1.44,
1,2,0,0,2048,1.44,
1,0,0,0,2048,1.44,
1,2,0,0,2048,1.44,
1,0,0,0,2048,1.44,
1,2,0,0,2048,1.28,
1,0,0,0,2048,1.28,
1,2,0,0,2048,1.44,
1,2,0,0,2048,1.44,
2,0,0,0,2048,1.44,
2,2,0,0,2048,1.28,
2,2,0,0,2048,1.44,
2,3,0,0,2048,1.28,
2,1,0,0,2048,1.44,
2,2,0,0,2048,1.28,
2,2,0,0,2048,1.44,
2,2,0,0,2048,1.44,
4,5,0,0,2048,1.44,
2,1,0,0,2048,1.28,
1,2,0,0,2048,1.44,
1,0,0,0,2048,1.44,
2,2,0,0,2048,1.28,
2,2,0,0,2048,1.28,
2,2,0,0,2048,1.28,
2,2,0,0,2048,1.28,
2,2,0,0,2048,1.28,
2,2,0,0,2048,1.28,
2,2,0,0,2048,1.44,
2,2,0,0,2048,1.28,
2,2,0,0,2048,1.44,
2,2,0,0,2048,1.44,
2,2,0,0,2048,1.28,
2,2,0,0,2048,1.28,
2,2,0,0,2048,1.44,
2,2,0,0,2048,1.28,
2,2,0,0,2048,1.28,
2,4,0,0,2048,1.28,
2,0,0,0,2048,1.28,
2,2,0,0,2048,0.96,
2,2,0,0,2048,1.92,
2,2,0,0,2048,1.44,
2,2,0,0,2048,1.44,
2,4,0,0,2048,1.28,
2,0,0,0,2048,1.44,
2,2,0,0,2048,1.12,
2,2,0,0,2048,1.44,
2,2,0,0,2048,1.28,
2,2,0,0,2048,1.44,
2,2,0,0,2048,1.44,
2,2,0,0,2048,1.6,
2,2,0,0,2048,1.28,
2,2,0,0,2048,1.28,
2,2,0,0,2048,1.44,
3,3,0,0,2048,1.28,
3,3,0,0,2048,1.28,
1,1,0,0,2048,1.28,
1,1,0,0,2048,1.28,
2,2,0,0,2048,1.76,
2,2,0,0,2048,1.28,
2,2,0,0,2048,1.28,
2,2,0,0,2048,1.28,
2,2,0,0,2048,1.28,
2,2,0,0,2048,1.6,
2,2,0,0,2048,1.44,
2,2,0,0,2048,1.28,
2,2,0,0,2048,1.28,
2,2,0,0,2048,1.28,
2,2,0,0,2048,1.28,
1,2,0,0,2048,1.28,
1,1,0,0,2048,0.64,
2,2,0,0,2048,0.64,
1,1,0,0,2048,0.96,
1,1,0,0,2048,0.8,
1,1,0,0,2048,0.64,
1,1,0,0,2048,0.8,
1,1,0,0,2048,0.64,
1,1,0,0,2048,0.8,
1,0,0,0,2048,0.8,
17,7,2,0,2047,0.8,
16,0,1,0,2046,2.72,
16,30,1,0,2046,4.8,
16,3,1,0,2047,4.32,
16,26,1,0,2046,4,
16,18,2,0,2047,3.52,
1,1,2,0,2046,4.32,
31,9,3,0,2046,6.24,
1,0,3,0,2044,4.64,
32,13,4,0,2044,4.64,
16,13,4,0,2045,4.64,
1,0,0,0,2048,3.68,
1,2,0,0,2048,3.68,
46,0,3,1,2042,3.68,
16,0,0,0,2048,3.36,
16,0,0,0,2042,4.8,
17,0,1,0,2038,4.64,
16,0,0,0,2036,4,
16,0,1,0,2030,5.76,
16,0,1,0,2034,3.52,
16,0,1,0,2032,4.8,
16,0,0,0,2026,0.96,
16,0,0,0,2030,0.8,
17,0,0,0,2022,0.64,
16,0,1,0,2022,0.48,
16,0,0,0,2048,0.48,
16,2,1,0,2027,1.92,
16,2,0,0,2023,1.44,
16,2,9,0,2023,1.92,
16,7,0,1,2019,3.04,
16,11,0,0,2016,4,
17,15,1,0,2016,4,
16,29,6,0,2018,5.12,
16,0,0,0,2048,5.12,
16,43,14,0,2012,4.8,
16,0,12,4,2014,5.12,
16,21,0,0,2048,4,
1,2,18,0,2012,1.6,
31,7,24,0,2012,1.6,
17,35,29,0,2011,4.8,
1,2,24,2,2028,4,
1,1,28,1,2040,4,
1,0,25,1,2008,4,
61,5,32,0,2018,4.16,
16,67,42,0,2008,3.84,
1,1,0,0,2048,4.64,
1,1,0,0,2048,4.64,
1,0,0,0,2048,4.64,
1,0,41,0,2013,4.64,
1,0,39,0,2025,4.64,
1,0,35,4,2035,4.64,
1,0,41,0,2011,4.64,
1,0,38,1,2022,4.64,
13,45,47,0,2026,5.28,
1,1,46,0,2032,4.8,
1,2,46,0,2018,4.8,
1,1,46,0,2012,4.8,
1,0,0,0,2048,4.8,
1,0,0,0,2048,4.8,
1,1,0,0,2048,4.8,
1,1,45,0,2017,4.8,
246,95,9,0,2019,3.52,
1,2,72,0,2006,4,
1,0,58,0,2005,4,
1,0,0,0,2048,4,
1,0,0,0,2048,4,
1,0,0,0,2048,4,
1,0,61,0,2008,4,
1,0,7,4,2008,4,
1,0,39,0,2003,4,
1,0,71,0,2006,4,
1,0,12,0,2012,4,
1,0,12,0,2010,4,
1,0,13,0,2018,4,
1,0,70,0,2007,4,
1,0,58,0,2005,4,
1,0,0,0,2048,4,
1,0,0,0,2048,4,
1,0,0,0,2048,4,
274,16,0,0,2048,4,
1,0,0,0,2048,5.28,
1,0,0,0,2048,5.28,
46,36,0,0,2048,5.92,
1,1,0,0,2048,3.36,
1,1,0,0,2048,3.36,
1,2,50,0,1985,3.36,
1,0,78,0,1963,3.36,
1,1,77,0,1983,3.36,
92,26,0,0,2048,4.48,
1,0,0,0,2048,3.84,
31,0,74,0,1970,3.84,
16,79,0,0,2048,4.96,
1,0,0,0,2048,2.88,
1,0,63,0,1989,2.88,
1,0,84,0,1969,2.88,
1,0,83,0,1989,2.88,
1,0,63,0,1981,2.88,
92,288,0,0,2048,5.6,
1,2,93,0,1993,3.2,
1,4,75,0,1997,3.2,
1,2,64,0,2016,3.2,
1,0,98,0,1987,3.2,
1,1,70,0,1990,3.2,
1,0,69,0,1994,3.2,
1,0,60,0,1996,3.2,
1,0,93,0,1984,3.2,
1,0,61,0,2000,3.2,
1,0,0,0,2048,3.2,
1,0,0,0,2048,3.2,
1,0,0,0,2048,3.2,
1,0,90,0,1993,3.2,
1,0,75,0,1997,3.2,
1,0,65,0,2016,3.2,
1,0,98,0,1987,3.2,
1,0,70,0,1990,3.2,
1,0,69,0,1994,3.2,
1,0,60,0,1996,3.2,
1,0,93,0,1984,3.2,
1,0,55,0,2000,3.2,
1,0,0,0,2048,3.2,
1,0,0,0,2048,3.2,
1,0,0,0,2048,3.2,
1,0,87,0,1993,3.2,
1,0,75,0,1997,3.2,
1,0,65,0,2016,3.2,
1,0,98,0,1987,3.2,
1,0,70,0,1990,3.2,
1,0,69,0,1994,3.2,
1,0,60,0,1996,3.2,
1,0,93,0,1984,3.2,
1,0,55,0,2000,3.2,
1,0,0,0,2048,3.2,
453,0,99,10,1949,3.2,
94,219,128,0,1958,6.56,
1,0,129,0,1960,5.28,
1,0,135,0,1961,5.28,
1,0,112,0,1972,5.28,
1,0,139,0,1948,5.28,
1,0,0,0,2048,5.28,
1,0,0,0,2048,5.28,
1,0,0,0,2048,5.28,
1,0,106,0,1972,5.28,
1,0,128,0,1969,5.28,
1,0,69,3,1977,5.28,
1,0,83,0,1980,5.28,
1,0,128,0,1958,5.28,
1,0,129,0,1960,5.28,
1,0,135,0,1961,5.28,
1,0,112,0,1972,5.28,
1,0,139,0,1948,5.28,
1,0,0,0,2048,5.28,
1,0,0,0,2048,5.28,
1,0,0,0,2048,5.28,
1,0,106,0,1972,5.28,
318,0,135,7,1954,5.28,
17,401,0,0,2048,6.08,
1,3,81,1,1983,4,
1,4,140,0,1979,4,
1,2,109,0,1961,4,
1,1,117,0,1955,4,
1,1,148,0,1980,4,
1,2,99,0,1973,4,
1,1,111,0,1983,4,
1,1,135,0,1969,4,
1,2,114,0,1970,4,
1,1,0,0,2048,4,
1,1,0,0,2048,4,
1,2,0,0,2048,4,
1,1,87,8,1972,4,
1,1,140,0,1979,4,
1,1,109,0,1961,4,
1,2,117,0,1955,4,
1,1,148,0,1980,4,
1,1,99,0,1973,4,
1,0,112,0,1984,4,
1,0,135,0,1969,4,
1,0,114,0,1970,4,
1,0,0,0,2048,4,
1,0,0,0,2048,4,
1,0,0,0,2048,4,
1,0,87,16,1964,4,
1,0,140,0,1979,4,
1,0,109,0,1961,4,
1,0,117,0,1955,4,
1,0,148,0,1980,4,
1,0,99,6,1967,4,
1,0,112,0,1984,4,
14,14,114,0,1971,5.44,
1,3,0,0,2048,7.84,
1,1,0,0,2048,7.84,
517,52,0,0,2048,5.92,
1,0,171,0,1917,3.68,
1,2,169,0,1958,3.68,
46,139,0,0,2048,6.72,
1,4,163,0,1936,3.52,
1,0,108,1,1959,3.52,
1,0,162,0,1940,3.52,
1,0,184,0,1920,3.52,
1,0,110,1,1970,3.52,
1,0,166,0,1919,3.52,
1,0,157,0,1936,3.52,
1,0,186,0,1950,3.52,
1,0,152,0,1928,3.52,
1,0,0,0,2048,3.52,
1,0,0,0,2048,3.52,
1,0,0,0,2048,3.52,
107,2,0,0,2048,3.52,
107,42,0,0,2048,4.32,
1,0,0,0,2048,7.2,
32,113,181,0,1938,6.24,
1,3,140,1,1933,5.28,
1,3,180,0,1926,5.28,
1,2,0,0,2048,5.28,
1,1,0,0,2048,5.28,
1,2,0,0,2048,5.28,
1,3,189,0,1952,5.28,
1,2,180,0,1916,5.28,
66,5,143,24,1909,4.8,
72,0,183,0,1895,4.8,
16,219,0,0,2048,4.96,
1,0,121,0,1969,3.52,
1,0,197,0,1934,3.52,
1,0,115,0,1976,3.52,
1,0,203,0,1919,3.52,
1,0,113,0,1942,3.52,
1,0,162,0,1933,3.52,
1,0,112,2,1943,3.52,
1,1,205,0,1917,3.52,
1,1,191,0,1945,3.52,
1,1,0,0,2048,3.52,
1,2,0,0,2048,3.52,
1,0,0,0,2048,3.52,
198,1,158,1,1920,3.52,
16,27,0,0,2048,4.16,
16,1,164,0,1934,8.64,
16,28,160,0,1912,2.72,
16,5,0,0,2048,3.52,
16,14,151,0,1910,5.12,
16,15,160,0,1912,4.32,
16,6,0,0,2048,4.96,
17,25,181,0,1946,3.2,
16,16,182,0,1915,4.16,
16,14,0,0,2048,3.68,
16,20,178,0,1951,4.16,
16,12,188,0,1922,3.84,
16,23,0,0,2048,5.92,
16,2,179,0,1926,4.8,
16,29,175,0,1921,5.12,
17,8,0,0,2048,4.16,
16,24,200,0,1948,3.52,
16,14,189,0,1929,4.16,
16,18,0,0,2048,4.16,
16,6,206,0,1954,5.12,
16,10,185,1,1933,2.4,
16,10,0,0,2048,4.64,
16,4,182,0,1957,4.32,
17,11,187,0,1942,5.6,
16,9,172,15,1921,4.96,
16,14,198,0,1908,4,
16,5,187,0,1942,5.44,
16,18,172,17,1919,5.6,
16,11,204,0,1914,6.08,
16,13,187,7,1935,5.44,
17,6,172,25,1884,5.6,
16,18,160,40,1872,5.92,
16,5,0,0,2048,5.6,
16,9,172,29,1880,6.24,
16,16,160,41,1871,5.12,
16,1,0,0,2048,5.44,
16,14,172,29,1880,4.96,
16,15,160,42,1870,5.6,
17,5,0,0,2048,3.84,
16,19,190,14,1923,3.36,
16,4,209,0,1908,6.56,
16,13,0,0,2048,4,
16,12,190,14,1923,4.8,
16,1,215,0,1914,5.6,
16,21,0,0,2048,6.88,
16,19,190,14,1923,4.8,
17,5,204,0,1913,4.48,
16,27,0,0,2048,4,
16,17,210,0,1909,4,
16,2,213,0,1916,4.16,
16,30,0,0,2048,4.16,
16,4,219,0,1912,5.44,
16,24,221,0,1920,4.32,
16,13,0,0,2048,5.28,
17,1,203,0,1935,5.12,
16,21,227,0,1916,5.12,
16,4,172,47,1889,3.04,
16,22,205,0,1906,4.64,
16,6,233,0,1923,5.44,
16,24,172,47,1889,3.84,
16,1,216,0,1907,4.64,
17,25,0,0,2048,3.04,
16,0,240,0,1881,3.68,
16,27,223,0,1896,3.36,
16,1,0,0,2048,4,
16,20,246,0,1887,3.68,
16,10,226,0,1899,3.68,
16,23,0,0,2048,3.04,
16,2,244,0,1892,3.84,
17,33,234,0,1929,3.04,
16,16,0,0,2048,4,
16,4,190,38,1899,2.56,
16,18,231,0,1934,2.4,
16,23,0,0,2048,1.44,
16,2,190,41,1896,1.76,
16,25,222,1,1905,1.92,
16,0,0,0,2048,2.72,
17,25,242,0,1880,2.56,
16,0,243,0,1950,1.28,
16,28,0,0,2048,4.48,
16,1,248,0,1886,4.48,
16,26,214,1,1935,2.4,
16,7,0,0,2048,2.24,
16,13,246,0,1891,2.24,
16,19,209,1,1903,2.24,
17,15,231,0,1880,2.72,
16,15,239,0,1909,3.2,
16,19,218,1,1873,3.04,
16,18,237,0,1885,3.36,
16,14,245,0,1915,2.72,
16,17,234,0,1870,2.56,
16,9,244,0,1892,3.68,
17,31,251,0,1932,2.4,
16,0,0,0,2048,1.92,
16,23,237,0,1887,1.44,
16,5,227,0,1934,1.28,
16,19,0,0,2048,2.08,
16,8,243,0,1893,1.92,
16,24,201,1,1916,2.4,
16,8,0,0,2048,2.72,
17,24,190,43,1894,3.2,
16,18,222,0,1908,1.44,
16,15,0,0,2048,1.92,
16,7,190,43,1894,1.92,
16,18,228,0,1914,1.6,
16,11,0,0,2048,1.92,
16,21,190,43,1894,3.84,
16,21,234,0,1920,2.72,
17,0,0,0,2048,2.08,
16,38,238,0,1884,2.24,
16,7,241,0,1891,1.92,
16,27,0,0,2048,1.92,
16,14,244,0,1890,1.44,
16,4,247,0,1897,2.08,
16,18,0,0,2048,0.48,
16,16,250,0,1897,0.32,
17,0,253,0,1897,1.12,
16,26,196,0,1875,2.24,
16,16,199,0,1913,2.72,
16,10,259,0,1904,3.04,
16,27,214,0,1869,2.72,
16,4,219,0,1905,2.72,
16,31,265,0,1910,1.12,
17,1,259,0,1897,1.92,
16,25,230,0,1934,1.76,
16,10,0,0,2048,0.96,
16,17,265,0,1903,1.76,
16,4,236,0,1940,2.24,
16,32,0,0,2048,2.24,
16,13,256,0,1907,2.88,
16,22,242,0,1946,2.24,
17,9,0,0,2048,1.6,
16,27,190,54,1883,1.28,
16,2,244,0,1928,1.12,
16,31,0,0,2048,0.64,
16,0,190,54,1883,0.96,
16,17,218,1,1909,1.44,
16,14,0,0,2048,1.44,
16,20,190,54,1883,1.76,
17,18,261,0,1905,3.36,
16,20,0,0,2048,3.68,
16,14,264,0,1904,2.08,
16,27,258,0,1910,3.2,
16,7,0,0,2048,2.4,
16,19,254,0,1908,0.96,
16,24,232,1,1890,1.28,
16,16,0,0,2048,1.28,
17,20,241,0,1907,1.6,
16,3,233,2,1877,1.6,
16,35,248,0,1908,2.56,
16,19,249,0,1911,1.28,
16,17,251,0,1873,1.44,
16,13,244,0,1913,1.44,
16,17,255,0,1917,1.6,
17,11,0,0,2048,2.08,
16,16,239,0,1919,1.76,
16,13,218,1,1949,0.64,
16,13,0,0,2048,1.28,
16,22,245,0,1925,2.24,
16,7,201,0,1921,2.24,
16,29,0,0,2048,1.6,
16,10,251,0,1931,1.92,
17,29,220,0,1906,0.96,
16,16,0,0,2048,1.92,
16,15,237,0,1870,2.24,
16,9,233,0,1905,0.48,
16,29,0,0,2048,1.92,
16,0,243,0,1876,1.92,
16,38,242,0,1910,1.28,
16,19,0,0,2048,1.28,
17,2,247,0,1905,1.28,
16,39,250,0,1905,2.24,
16,14,0,0,2048,2.24,
16,6,254,0,1910,2.24,
16,26,256,0,1911,0.64,
16,9,0,0,2048,1.12,
16,24,260,0,1917,1.28,
16,4,262,0,1917,1.12,
17,28,234,0,1922,2.4,
16,16,216,0,1902,1.44,
16,19,271,0,1925,1.92,
16,9,240,0,1928,2.56,
16,25,225,0,1895,1.76,
16,5,272,0,1931,1.76,
16,28,246,0,1934,1.6,
17,8,234,0,1856,0.8,
16,25,0,0,2048,1.28,
16,18,273,0,1933,2.24,
16,21,240,0,1862,1.44,
16,23,0,0,2048,2.24,
16,16,242,0,1922,1.6,
16,21,246,0,1868,2.08,
16,23,0,0,2048,0.64,
17,4,237,0,1887,0.96,
16,29,253,0,1921,1.12,
16,15,0,0,2048,0.8,
16,18,225,0,1880,0.96,
16,0,225,1,1921,0.96,
16,38,0,0,2048,0.8,
16,13,231,0,1886,1.44,
16,23,216,0,1897,1.76,
17,11,0,0,2048,2.56,
16,25,269,0,1935,2.4,
16,3,257,0,1936,1.12,
16,37,0,0,2048,1.44,
16,18,236,0,1937,0.64,
16,8,228,1,1921,0.32,
16,30,0,0,2048,1.44,
16,20,225,0,1918,0.8,
17,8,233,0,1912,1.76,
16,36,254,0,1950,1.76,
16,21,248,0,1906,1.76,
16,19,243,0,1914,1.28,
16,0,236,0,1952,1.12,
16,32,254,0,1912,0.96,
16,4,249,0,1921,0.16,
17,34,235,0,1885,0.8,
16,0,262,0,1887,0.48,
16,41,0,0,2048,1.44,
16,10,244,0,1888,1.6,
16,25,243,0,1890,2.4,
16,12,0,0,2048,2.24,
16,25,250,0,1894,2.56,
16,2,235,0,1879,1.12,
17,39,0,0,2048,2.08,
16,18,256,0,1921,1.44,
16,13,248,0,1895,1.6,
16,14,0,0,2048,0.96,
16,31,262,0,1927,1.12,
16,17,254,0,1901,1.44,
16,23,0,0,2048,1.6,
16,18,251,0,1931,1.76,
17,16,233,0,1929,1.76,
16,19,0,0,2048,1.6,
16,10,239,0,1889,1.44,
16,22,239,0,1935,1.44,
16,12,0,0,2048,0.96,
16,22,245,0,1895,1.12,
16,17,245,0,1941,2.24,
16,2,0,0,2048,1.6,
17,36,229,0,1918,1.76,
16,7,252,0,1942,1.6,
16,26,226,0,1900,2.08,
16,6,229,0,1900,2.72,
16,36,258,0,1948,1.28,
16,1,235,0,1903,1.12,
16,40,237,0,1904,1.92,
17,18,0,0,2048,0.8,
16,19,247,0,1921,0.96,
16,7,245,0,1918,1.76,
16,26,0,0,2048,1.12,
16,20,239,0,1925,1.28,
16,9,251,0,1924,0.64,
16,32,0,0,2048,0.96,
16,9,217,0,1899,1.92,
17,26,257,0,1919,2.08,
16,19,0,0,2048,1.6,
16,2,230,0,1962,2.24,
16,36,247,0,1923,1.76,
16,12,0,0,2048,1.92,
16,18,236,0,1968,1.76,
16,11,225,1,1911,1.6,
16,25,0,0,2048,1.92,
17,11,240,0,1922,1.76,
16,34,242,0,1928,0.96,
16,22,0,0,2048,1.92,
16,22,246,0,1928,1.28,
16,6,227,0,1931,1.28,
16,14,0,0,2048,1.28,
16,34,211,0,1928,1.28,
16,17,204,0,1911,2.24,
17,5,257,0,1907,1.12,
16,27,240,0,1920,1.44,
16,19,210,0,1910,0.96,
16,16,261,0,1913,1.12,
16,4,246,0,1926,1.12,
16,29,216,0,1916,0.64,
16,2,214,0,1913,0.8,
17,42,250,0,1957,1.28,
16,21,0,0,2048,1.92,
16,1,221,0,1911,1.92,
16,30,222,1,1956,1.12,
16,21,0,0,2048,4.32,
16,4,227,0,1917,2.88,
16,41,231,0,1952,2.24,
16,2,0,0,2048,1.76,
17,45,236,0,1954,1.92,
16,7,239,0,1921,1.28,
16,30,0,0,2048,1.92,
16,18,242,0,1960,1.44,
16,9,245,0,1927,0.96,
16,25,0,0,2048,1.92,
16,6,216,0,1963,1.12,
16,26,251,0,1934,1.76,
17,5,0,0,2048,1.76,
16,30,211,0,1913,1.6,
16,6,214,0,1918,1.12,
16,30,0,0,2048,0.64,
16,0,217,0,1919,2.4,
16,31,220,0,1924,1.44,
16,5,0,0,2048,1.44,
16,31,223,0,1926,1.92,
17,15,225,0,1923,1.28,
16,26,232,0,1894,2.08,
16,12,195,1,1943,2.4,
16,31,231,0,1930,0.96,
16,13,238,0,1901,2.24,
16,31,215,0,1936,1.28,
16,20,231,0,1935,1.6,
17,17,244,0,1962,1.6,
16,18,225,0,1945,1.28,
16,9,0,0,2048,1.12,
16,24,203,2,1960,1.28,
16,20,231,0,1951,3.68,
16,20,0,0,2048,2.24,
16,5,190,0,1929,0.96,
16,25,237,0,1957,2.56,
17,10,0,0,2048,0.96,
16,25,202,0,1879,0.96,
16,15,225,0,1967,2.08,
16,13,0,0,2048,1.76,
16,25,206,0,1884,1.6,
16,0,194,2,1954,2.08,
16,19,0,0,2048,1.6,
16,33,213,0,1891,1.92,
17,16,235,0,1933,2.4,
16,1,0,0,2048,1.12,
16,40,232,0,1969,1.44,
16,18,228,0,1937,0.96,
16,9,0,0,2048,1.6,
16,27,189,0,1965,1.44,
16,0,187,0,1933,1.28,
16,35,0,0,2048,1.28,
17,18,196,0,1948,1.28,
16,23,190,0,1926,1.28,
16,21,224,0,1949,1.6,
16,0,202,0,1954,1.6,
16,33,198,0,1930,1.28,
16,12,203,0,1950,1.44,
16,14,208,0,1960,1.44,
17,17,0,0,2048,0.64,
16,17,203,0,1929,0.96,
16,29,215,0,1927,0.96,
16,4,0,0,2048,0.96,
16,31,209,0,1935,0.96,
16,4,175,0,1928,1.12,
16,33,0,0,2048,1.28,
16,21,215,0,1941,1.28,
17,9,176,0,1948,2.4,
16,33,0,0,2048,2.4,
16,18,204,0,1920,1.44,
16,9,190,0,1946,0.64,
16,28,0,0,2048,2.24,
16,6,210,0,1926,2.56,
16,32,196,0,1952,1.6,
16,0,0,0,2048,1.6,
17,40,190,0,1932,1.44,
16,19,192,0,1938,0.32,
16,5,0,0,2048,0.32,
16,28,196,0,1938,0.8,
16,3,198,0,1944,1.12,
16,39,0,0,2048,1.28,
16,19,202,0,1944,1.6,
16,0,204,0,1950,0.96,
17,36,194,0,1968,1.92,
16,2,173,0,1948,1.44,
16,24,211,0,1953,1.44,
16,24,200,0,1974,2.08,
16,19,157,0,1923,1.92,
16,8,214,0,1959,0.8,
16,26,206,0,1980,1.76,
17,27,175,0,1915,1.76,
16,4,0,0,2048,1.76,
16,32,212,0,1930,1.28,
16,20,181,0,1922,1.6,
16,18,0,0,2048,1.28,
16,17,187,0,1931,0.48,
16,3,188,0,1928,0.48,
16,32,0,0,2048,1.28,
17,17,185,0,1966,1.44,
16,20,194,0,1938,2.08,
16,22,0,0,2048,0.8,
16,23,193,0,1971,1.28,
16,24,197,0,1944,1.44,
16,13,0,0,2048,1.92,
16,20,202,0,1974,1.6,
16,3,172,1,1931,1.44,
17,34,0,0,2048,2.08,
16,5,208,0,1924,1.28,
16,31,206,0,1966,0.96,
16,20,0,0,2048,1.76,
16,5,211,0,1930,1.76,
16,31,158,0,1966,0.96,
16,3,0,0,2048,1.76,
16,31,182,0,1930,1.76,
17,13,131,2,1951,0.96,
16,8,180,0,2013,1.76,
16,26,167,0,1947,1.6,
16,0,156,0,1934,0.96,
16,36,129,2,1984,1.76,
16,7,173,0,1953,1.28,
16,29,162,0,1940,2.24,
17,19,196,0,1933,2.24,
16,24,199,0,1974,6.72,
16,8,0,0,2048,6.72,
16,30,203,0,1940,8.64,
16,20,168,0,1974,10.08,
16,13,0,0,2048,9.92,
16,21,209,0,1946,1.28,
16,18,150,0,1966,0.8,
17,22,0,0,2048,3.04,
16,12,212,0,2020,1.6,
16,11,158,0,1934,2.56,
16,33,0,0,2048,2.72,
16,15,186,0,2022,1.6,
16,9,167,0,1938,1.28,
16,14,0,0,2048,1.44,
16,23,137,0,2016,1.76,
17,5,141,0,1947,1.76,
16,35,0,0,2048,2.24,
16,18,145,0,1950,1.76,
16,17,148,0,1954,1.12,
16,10,0,0,2048,1.44,
16,28,152,0,1956,1.92,
16,1,154,0,1960,3.36,
16,37,0,0,2048,3.36,
17,2,178,0,1957,1.6,
16,36,159,0,1965,3.04,
16,20,151,0,1909,4.96,
16,1,156,0,1958,1.28,
16,42,165,0,1972,0.96,
16,23,165,0,1909,2.72,
16,4,168,0,1958,3.84,
17,32,0,0,2048,1.44,
16,8,179,0,1988,1.28,
16,29,173,0,1965,1.92,
16,0,0,0,2048,1.6,
16,34,138,0,1984,2.24,
16,21,179,0,1971,1.44,
16,20,0,0,2048,1.28,
16,19,152,0,1966,1.6,
17,18,186,0,1977,0.48,
16,10,0,0,2048,0.96,
16,26,150,0,1900,1.92,
16,20,185,0,1982,1.44,
16,11,0,0,2048,2.56,
16,26,161,0,1901,2.08,
16,18,154,0,1970,4.16,
16,6,0,0,2048,3.2,
17,28,180,0,1988,1.28,
16,6,173,0,1961,1.92,
16,32,0,0,2048,2.56,
16,21,171,0,1992,2.4,
16,20,170,0,1966,1.6,
16,14,0,0,2048,1.76,
16,21,136,1,1980,3.36,
16,14,127,0,1964,2.4,
17,17,184,0,1950,2.08,
16,11,148,0,1962,2.56,
16,25,130,0,1956,0.96,
16,8,180,0,1955,1.28,
16,24,154,0,1968,0.8,
16,16,136,0,1962,1.12,
16,17,157,0,1955,1.44,
17,13,160,0,1936,1.44,
16,30,0,0,2048,1.44,
16,22,111,0,1955,2.24,
16,17,166,0,1942,1.76,
16,11,0,0,2048,1.44,
16,20,124,0,1955,1.44,
16,14,145,0,1944,2.24,
16,22,0,0,2048,2.24,
17,23,176,0,1948,1.6,
16,24,131,0,1952,1.6,
16,6,0,0,2048,2.24,
16,32,182,0,1954,2.24,
16,0,141,0,1954,2.4,
16,37,0,0,2048,1.44,
16,7,174,0,1958,1.76,
16,25,148,0,1961,0.48,
17,12,0,0,2048,0.96,
16,25,118,0,1938,0.8,
16,18,121,0,1977,1.92,
16,4,0,0,2048,1.12,
16,39,129,0,1939,2.24,
16,22,132,0,1978,2.24,
16,7,0,0,2048,1.44,
16,34,135,0,1945,1.6,
17,4,138,0,1984,1.12,
16,28,171,0,2002,1.6,
16,3,125,0,1968,2.08,
16,16,144,0,1990,2.08,
16,35,177,0,2008,2.24,
16,12,128,1,1949,1.76,
16,36,142,0,1995,2.4,
17,10,151,0,1951,2.08,
16,27,143,0,1954,1.12,
16,7,0,0,2048,2.4,
16,19,148,0,1956,1.44,
16,15,150,0,1960,0.96,
16,8,0,0,2048,0.96,
16,28,124,0,1956,0.96,
16,6,156,0,1966,2.24,
17,37,0,0,2048,1.6,
16,18,160,0,1999,2.56,
16,17,160,0,1967,9.28,
16,22,0,0,2048,9.28,
16,10,166,0,2005,4,
16,28,150,0,1972,8.64,
16,11,0,0,2048,5.6,
16,17,172,0,2011,3.68,
17,16,132,0,1962,3.36,
16,26,0,0,2048,2.08,
16,2,136,0,1968,1.92,
16,46,138,0,1968,1.92,
16,9,0,0,2048,3.84,
16,30,129,0,1972,4.16,
16,13,122,0,1971,2.24,
16,7,0,0,2048,0.96,
17,19,121,0,1983,1.12,
16,5,97,1,1955,1.28,
16,28,126,0,1944,1.6,
16,19,127,0,1989,1.76,
16,14,104,0,1954,1.12,
16,21,123,0,1949,1.12,
16,21,133,0,1995,2.08,
17,6,0,0,2048,2.4,
16,31,107,0,1995,2.08,
16,17,140,0,2009,1.28,
16,17,0,0,2048,1.6,
16,24,119,0,1995,0.96,
16,9,99,1,1994,2.4,
16,31,0,0,2048,1.12,
16,3,125,0,2001,1.44,
17,39,102,0,1984,2.08,
16,20,0,0,2048,3.04,
16,1,131,0,1963,1.12,
16,37,121,0,1977,1.28,
16,0,0,0,2048,1.44,
16,26,102,1,1955,2.08,
16,7,127,0,1983,1.76,
16,32,0,0,2048,1.44,
17,12,111,0,1981,2.56,
16,29,110,0,1983,1.44,
16,18,0,0,2048,2.08,
16,19,117,0,1987,8.32,
16,21,116,0,1989,4,
16,25,0,0,2048,9.28,
16,5,124,0,1993,5.6,
16,41,127,0,1990,2.88,
17,0,131,0,1967,2.88,
16,37,109,0,1998,1.44,
16,2,135,0,1995,2.4,
16,34,137,0,1973,1.28,
16,14,78,0,1978,1.76,
16,21,141,0,2002,2.88,
16,0,143,0,1979,2.88,
17,31,94,1,1963,1.12,
16,16,0,0,2048,0.8,
16,0,149,0,1952,1.28,
16,31,104,0,1966,2.24,
16,18,0,0,2048,1.44,
16,19,112,0,1953,2.4,
16,16,110,0,1972,2.08,
16,17,0,0,2048,3.2,
17,7,121,0,1971,3.2,
16,31,115,0,1978,0.8,
16,21,0,0,2048,1.28,
16,21,127,0,1977,1.44,
16,15,121,0,1985,0.8,
16,28,0,0,2048,0.96,
16,18,134,0,1984,1.12,
16,17,103,0,1987,0.96,
17,6,0,0,2048,1.92,
16,31,122,0,1980,1.44,
16,16,123,0,2018,1.12,
16,15,0,0,2048,1.44,
16,20,121,0,1985,1.6,
16,15,85,1,2013,1.12,
16,17,0,0,2048,1.76,
16,0,77,0,1985,1.44,
17,30,67,1,1992,0.48,
16,1,121,0,2022,1.76,
16,31,100,0,1976,1.28,
16,18,48,0,1968,0.96,
16,21,78,0,2022,0.8,
16,21,106,0,1982,1.6,
16,22,70,0,1958,0.8,
17,0,108,0,1992,0.8,
16,38,113,0,1991,0.96,
16,15,0,0,2048,0.8,
16,29,114,0,1998,0.96,
16,16,104,0,1995,1.76,
16,11,0,0,2048,1.92,
16,26,120,0,2005,2.4,
16,0,75,0,1985,1.28,
17,33,0,0,2048,2.4,
16,12,108,0,2025,1.92,
16,27,75,0,1983,1.6,
16,17,0,0,2048,1.44,
16,6,65,0,2025,1.6,
16,17,81,0,1989,0.48,
16,19,0,0,2048,0.32,
16,18,35,0,1985,1.28,
17,5,74,0,1978,1.6,
16,39,0,0,2048,2.4,
16,21,65,0,1999,3.36,
16,18,80,0,1984,2.4,
16,20,0,0,2048,1.6,
16,12,84,1,1991,4.16,
16,34,88,0,1989,3.36,
16,25,0,0,2048,3.2,
17,21,95,0,2016,2.24,
16,18,98,0,1990,2.4,
16,13,101,0,1969,1.92,
16,23,75,0,2007,1.28,
16,19,104,0,1996,1.12,
16,19,107,0,1975,1.6,
16,3,46,1,1975,1.28,
17,37,0,0,2048,1.76,
16,2,92,0,2033,0.32,
16,26,74,0,1992,0.8,
16,14,0,0,2048,1.28,
16,7,57,1,2003,7.2,
16,30,80,0,1998,2.88,
16,19,0,0,2048,1.76,
16,1,59,0,1964,6.08,
17,31,89,0,2003,1.76,
16,0,0,0,2048,1.76,
16,40,92,0,1982,1.6,
16,20,95,0,2009,1.12,
16,20,0,0,2048,1.76,
16,22,98,0,1988,1.6,
16,22,74,0,2013,2.24,
16,20,0,0,2048,3.36,
17,19,87,0,1997,3.04,
16,18,102,0,2032,2.88,
16,16,0,0,2048,2.88,
16,19,93,0,2004,2.72,
16,15,85,0,2035,1.76,
16,16,0,0,2048,2.24,
16,9,74,0,2006,2.88,
16,16,51,0,2016,1.28,
17,27,120,0,2021,1.92,
16,15,81,0,1991,1.76,
16,16,22,1,1999,1.92,
16,2,93,0,2022,2.88,
16,39,88,0,1998,1.92,
16,19,48,1,1975,2.88,
16,19,42,1,2011,1.44,
17,17,93,0,2001,1.28,
16,12,0,0,2048,1.76,
16,35,76,0,1996,1.76,
16,22,92,0,2007,1.76,
16,21,0,0,2048,2.24,
16,10,83,0,2003,2.24,
16,24,64,1,1994,2.4,
16,8,0,0,2048,2.4,
17,27,99,0,2033,2.24,
16,21,65,0,1984,1.12,
16,19,0,0,2048,1.12,
16,18,55,0,2030,0.8,
16,1,73,0,1990,1.44,
16,30,0,0,2048,1.12,
16,14,25,0,1998,1.28,
16,2,79,0,1996,2.4,
17,37,0,0,2048,2.4,
16,21,36,0,1984,2.88,
16,17,55,0,2005,1.44,
16,15,0,0,2048,2.24,
16,24,59,0,1973,2.56,
16,20,61,0,2011,1.76,
16,9,0,0,2048,1.28,
16,31,65,0,1979,1.28,
17,17,69,0,2016,1.28,
16,19,72,0,1996,1.76,
16,7,33,2,2025,0.64,
16,30,75,0,2022,0.64,
16,13,78,0,2002,1.6,
16,25,26,0,1995,2.08,
16,1,81,0,2028,3.04,
17,38,77,0,2048,2.88,
16,2,47,0,1979,2.08,
16,29,0,0,2048,1.28,
16,0,28,0,2019,1.28,
16,29,53,0,1986,1.76,
16,13,0,0,2048,1.6,
16,20,8,0,2011,1.76,
16,1,60,0,1992,1.6,
17,42,0,0,2048,1.6,
16,18,55,0,2011,3.52,
16,19,66,0,2038,3.52,
16,19,0,0,2048,2.72,
16,25,62,0,2018,1.44,
16,22,49,0,2042,2.72,
16,21,0,0,2048,3.04,
16,24,68,0,2024,2.72,
17,9,51,0,2007,2.72,
16,22,0,0,2048,3.52,
16,18,78,0,2025,3.52,
16,20,57,0,2013,1.12,
16,14,0,0,2048,1.44,
16,26,68,0,2029,0.8,
16,18,54,0,2018,2.56,
16,7,0,0,2048,1.28,
17,14,59,0,2014,1.28,
16,21,25,0,2017,2.24,
16,0,71,0,2007,2.24,
16,32,65,0,2020,0.8,
16,18,20,0,2000,1.28,
16,21,44,0,2008,1.76,
16,18,71,0,2026,1.6,
17,3,0,0,2048,0.8,
16,41,34,0,2023,1.6,
16,24,77,0,2032,0.64,
16,19,0,0,2048,0.64,
16,19,40,0,2029,0.96,
16,1,37,0,2029,1.12,
16,35,0,0,2048,1.6,
16,18,46,0,2036,0.48,
17,16,49,0,2007,1.28,
16,22,0,0,2048,1.44,
16,23,44,0,2029,1.12,
16,14,55,0,2013,0.8,
16,23,0,0,2048,0.8,
16,4,23,0,2001,1.6,
16,23,61,0,2019,1.92,
16,18,0,0,2048,1.44,
17,14,9,0,2009,1.28,
16,15,11,0,2011,0.8,
16,21,10,0,2012,1.44,
16,22,0,0,2048,0.64,
16,18,17,0,2017,0.48,
16,4,18,0,2016,0.48,
16,40,0,0,2048,1.12,
16,22,29,0,2017,2.56,
17,21,35,0,2011,1.28,
16,18,36,0,1998,1.44,
16,16,47,0,2014,1.12,
16,7,41,0,2017,0.64,
16,29,42,0,2004,0.96,
16,22,32,0,2016,0.64,
16,21,47,0,2023,1.44,
17,22,48,0,2024,1.44,
16,19,39,0,2021,1.12,
16,18,0,0,2048,1.12,
16,12,36,0,2028,2.24,
16,15,45,0,2027,1.92,
16,5,0,0,2048,1.28,
16,30,2,0,2022,1.12,
16,3,51,0,2007,0.96,
17,26,0,0,2048,2.08,
16,20,24,0,2008,1.44,
16,21,58,0,2014,0.8,
16,0,0,0,2048,0.8,
16,41,15,0,2020,0.32,
16,19,52,0,2045,0.8,
16,0,0,0,2048,1.28,
16,37,22,0,2026,1.12,
17,0,17,0,2018,1.28,
16,32,0,0,2048,0.8,
16,16,53,0,2023,0.8,
16,22,8,0,2016,1.12,
16,25,0,0,2048,0.64,
16,7,34,0,2025,1.76,
16,35,27,0,2009,1.92,
16,18,0,0,2048,0.8,
17,15,5,1,2021,2.24,
16,16,34,0,2010,0.8,
16,18,0,0,2048,1.44,
16,10,37,0,2019,1.44,
16,21,39,0,2021,1.92,
16,3,0,0,2048,2.56,
16,26,44,0,2020,2.56,
17,18,0,0,2048,2.4,
16,21,0,0,2048,1.44,
16,10,43,0,2031,1.6,
16,30,0,0,2048,1.44,
16,19,36,0,2026,1.6,
16,0,9,2,2022,1.76,
16,32,0,0,2048,1.28,
16,16,42,0,2032,1.6,
17,19,26,0,2028,0.48,
16,18,28,0,2036,1.28,
16,21,0,0,2048,0.64,
16,21,19,0,2047,0.48,
16,20,34,0,2042,1.6,
16,19,0,0,2048,1.28,
16,6,7,0,2018,0.48,
16,35,6,0,2037,0.8,
17,13,41,0,2038,0.64,
16,17,25,0,2028,1.92,
16,14,1,1,2030,3.2,
16,21,0,0,2048,3.04,
16,15,32,0,2030,3.68,
16,0,0,0,2048,3.68,
16,33,3,0,2017,3.68,
16,0,0,0,2048,1.44,
17,34,40,0,2038,1.12,
16,15,18,0,2041,0.48,
16,21,11,0,2025,0.8,
16,6,12,0,2018,1.12,
16,28,15,0,2029,0.48,
16,17,19,0,2031,0.96,
16,14,20,0,2040,0.96,
17,22,2,0,2014,1.44,
16,19,4,0,2025,1.28,
16,6,13,0,2025,1.6,
16,30,0,0,2048,1.76,
16,27,9,0,2012,1.76,
16,22,19,0,2031,1.12,
16,19,0,0,2048,0.32,
16,12,16,0,2018,0.8,
17,26,7,0,2011,2.24,
16,16,27,0,2039,2.08,
16,14,29,0,2041,0.96,
16,1,0,1,2015,1.92,
16,32,2,0,2016,0.48,
16,16,16,0,2046,1.28,
16,2,29,0,2025,1.12,
16,31,10,0,2021,0.64,
17,9,0,0,2048,0.16,
16,19,2,0,2044,1.76,
16,17,28,0,2032,1.6,
16,1,39,0,2036,1.28,
16,27,21,0,2033,2.08,
16,5,23,0,2035,0.8,
16,15,0,1,2034,0.8,
16,10,27,0,2040,1.76,
17,21,0,0,2048,1.12,
16,1,19,0,2033,0.96,
16,32,21,0,2035,0.8,
16,1,4,0,2014,1.12,
16,35,1,1,2026,2.72,
16,20,12,0,2024,1.44,
16,18,14,0,2026,0.96,
17,11,31,0,2045,1.12,
16,28,1,0,2015,1.92,
16,2,24,0,2038,1.28,
16,33,0,0,2048,0.96,
16,19,0,0,2048,1.44,
16,0,0,0,2048,1.12,
16,34,12,0,2020,0.96,
16,20,1,0,2017,0.64,
17,17,1,0,2045,0.32,
16,22,5,0,2017,1.44,
16,0,4,2,2044,1.44,
16,34,32,0,2045,1.28,
16,0,34,0,2044,1.12,
16,28,0,0,2048,0.8,
16,2,35,0,2044,1.12,
16,26,18,0,2028,0.8,
17,4,0,1,2042,1.6,
16,23,0,1,2040,0.96,
16,9,1,0,2037,0.8,
16,6,26,0,2037,1.6,
16,24,29,0,2039,1.28,
16,13,0,0,2048,1.12,
16,1,0,0,2048,0.64,
16,32,16,0,2030,1.12,
17,16,18,0,2032,1.76,
16,14,0,0,2048,1.12,
16,15,0,1,2017,1.6,
16,16,2,0,2016,1.44,
16,19,4,0,2018,0.8,
16,2,6,0,2020,1.12,
16,31,0,0,2048,1.28,
17,18,16,0,2028,0.96,
16,18,0,0,2048,0.8,
16,20,33,0,2047,0.8,
16,18,1,1,2017,0.96,
16,11,28,0,2040,2.24,
16,29,1,1,2018,1.76,
16,20,17,0,2025,2.24,
16,17,27,0,2041,1.92,
17,12,13,0,2021,1.28,
16,25,0,0,2048,1.6,
16,16,12,0,2022,1.28,
16,13,10,0,2018,0.64,
16,17,0,1,2035,1.28,
16,14,18,0,2028,1.28,
16,12,16,0,2025,1.44,
16,7,0,0,2048,0.8,
17,27,0,0,2048,1.28,
16,4,26,0,2036,0.64,
16,21,0,0,2048,0.48,
16,7,0,0,2048,1.76,
16,21,0,0,2048,0.32,
16,15,0,0,2048,0.32,
16,1,5,0,2015,0.8,
16,27,1,0,2034,0.96,
17,13,0,0,2048,0.96,
16,11,20,0,2034,1.12,
16,16,22,0,2036,1.12,
16,15,10,0,2046,1.12,
16,17,0,0,2048,1.44,
16,7,29,0,2043,1.12,
16,30,23,0,2037,1.44,
17,21,2,0,2014,1.12,
16,19,0,0,2048,1.28,
16,20,29,0,2043,1.44,
16,16,11,0,2017,1.76,
16,5,21,0,2035,0.96,
16,31,34,0,2044,0.96,
16,3,18,0,2026,1.12,
16,29,0,0,2048,1.44,
17,10,21,0,2027,1.76,
16,21,1,0,2015,0.8,
16,17,1,1,2022,2.56,
16,25,0,0,2048,0.48,
16,18,5,0,2013,0.32,
16,18,0,0,2048,0.32,
16,15,11,0,2047,1.12,
16,18,11,0,2019,0.48,
17,12,0,0,2048,0.8,
16,13,0,1,2036,0.96,
16,11,16,0,2026,0.48,
16,1,29,0,2041,1.92,
16,32,0,0,2048,1.12,
16,16,0,0,2048,0.8,
16,9,0,0,2048,0.96,
16,16,0,0,2048,1.44,
17,8,16,0,2028,0.96,
16,21,31,0,2041,0.64,
16,0,1,0,2015,0.64,
16,34,34,0,2045,1.6,
16,6,17,0,2044,2.08,
16,22,0,0,2048,0.64,
16,7,11,0,2025,0.32,
17,24,0,0,2048,1.12,
16,0,15,0,2029,1.12,
16,39,31,0,2046,2.72,
16,8,7,0,2046,4.32,
16,27,0,0,2048,3.04,
16,21,0,0,2048,3.52,
16,18,10,0,2016,1.44,
16,20,12,0,2018,0.16,
17,18,0,0,2048,0.96,
16,17,18,0,2028,1.6,
16,21,0,0,2048,1.6,
16,6,26,0,2040,1.6,
16,25,1,0,2042,0.64,
16,18,0,0,2048,1.12,
16,16,0,0,2048,1.44,
16,6,1,0,2034,1.44,
17,24,0,0,2048,1.12,
16,14,0,0,2048,0.64,
16,13,26,0,2045,0.8,
16,14,0,1,2044,0.64,
16,13,15,0,2043,0.64,
16,14,31,0,2039,0.64,
16,14,7,0,2021,1.6,
16,14,11,0,2025,3.68,
17,1,0,1,2026,1.92,
16,27,0,1,2022,2.72,
16,10,17,0,2031,3.36,
16,18,0,0,2048,2.88,
16,9,0,0,2048,2.72,
16,13,0,0,2048,3.04,
16,17,0,0,2048,2.4,
17,21,0,0,2048,2.24,
16,13,0,0,2048,0.96,
16,25,10,0,2024,0.96,
16,19,15,0,2029,0.96,
16,21,0,0,2048,2.08,
16,17,27,0,2046,1.76,
16,18,0,0,2048,2.4,
16,17,1,0,2040,2.4,
17,8,0,1,2034,0.32,
16,30,26,0,2047,1.12,
16,19,19,0,2032,0.48,
16,7,21,0,2034,0.48,
16,32,6,0,2016,0.8,
16,4,0,0,2048,1.6,
16,32,2,0,2040,1.6,
16,17,1,0,2034,0.48,
17,3,0,0,2048,1.28,
16,29,17,0,2027,1.6,
16,8,29,0,2039,2.24,
16,16,0,0,2048,3.04,
16,17,25,0,2037,2.88,
16,10,30,0,2045,2.72,
16,18,3,0,2045,2.88,
16,2,0,0,2048,2.08,
17,26,6,0,2020,3.2,
16,13,0,0,2048,2.88,
16,14,35,0,2043,1.76,
16,2,0,1,2027,2.08,
16,23,0,0,2048,0.96,
16,14,1,0,2040,1.12,
16,15,1,0,2036,0.8,
17,12,5,0,2019,1.6,
16,21,0,0,2048,1.44,
16,7,0,0,2048,1.76,
16,22,31,0,2045,0.48,
16,1,23,0,2035,0.96,
16,24,3,0,2015,1.6,
16,29,5,0,2017,2.4,
16,17,2,0,2034,1.28,
17,18,11,0,2025,0.8,
16,0,12,0,2024,1.28,
16,39,0,0,2048,1.76,
16,21,18,0,2030,1.6,
16,21,0,0,2048,0.8,
16,18,17,0,2026,3.52,
16,18,31,0,2045,4.8,
16,4,0,0,2048,4,
17,30,13,0,2020,5.12,
16,14,0,0,2048,5.12,
16,18,0,0,2048,2.4,
16,15,0,0,2048,0.8,
16,1,21,0,2028,0.32,
16,28,0,0,2048,1.28,
16,0,34,0,2044,1.28,
16,27,21,0,2044,1.12,
17,17,0,0,2048,1.76,
16,14,8,0,2022,0.96,
16,6,35,0,2043,0.64,
16,21,1,0,2018,0.48,
16,11,1,0,2044,0.48,
16,0,1,0,2042,1.12,
16,28,18,0,2032,0.96,
17,15,0,1,2034,0.96,
16,17,8,0,2020,0.64,
16,16,10,0,2022,2.24,
16,17,10,0,2022,2.72,
16,14,25,0,2039,3.36,
16,6,0,0,2048,3.2,
16,34,0,0,2048,3.68,
16,16,0,0,2048,3.84,
17,21,0,0,2048,2.72,
16,0,13,0,2021,1.28,
16,32,0,1,2044,0.8,
16,16,0,0,2048,0.16,
16,16,29,0,2041,0.8,
16,23,1,2,2026,1.28,
16,17,0,0,2048,0.64,
16,20,19,0,2031,1.44,
17,9,1,0,2038,1.28,
16,26,11,0,2019,2.08,
16,16,1,0,2016,1.12,
16,16,2,0,2016,1.6,
16,17,29,0,2041,1.12,
16,7,31,0,2044,1.28,
16,19,22,0,2030,1.6,
16,5,10,0,2024,0.32,
17,16,0,0,2048,1.44,
16,22,5,0,2019,1.44,
16,16,11,0,2025,2.88,
16,15,13,0,2027,1.92,
16,12,11,0,2025,2.24,
16,0,17,0,2031,3.52,
16,29,1,0,2015,1.76,
17,10,0,0,2048,1.76,
16,20,0,0,2048,4,
16,19,7,0,2021,1.92,
16,12,0,0,2048,1.92,
16,16,23,0,2035,1.44,
16,3,0,0,2048,0.8,
16,30,15,0,2029,0.96,
16,17,4,0,2047,2.24,
17,0,1,1,2042,1.12,
16,37,1,1,2035,1.28,
16,18,24,0,2038,1.6,
16,19,22,0,2037,0.96,
16,18,8,0,2018,0.8,
16,19,4,0,2016,0.96,
16,11,29,0,2043,1.28,
16,24,0,0,2048,1.6,
17,18,0,1,2045,1.76,
16,16,0,0,2048,1.12,
16,15,10,0,2020,1.28,
16,9,0,1,2027,0.48,
16,27,14,0,2024,1.76,
16,17,0,0,2048,3.68,
16,17,2,0,2016,3.84,
16,9,20,0,2028,2.72,
17,21,6,0,2046,3.36,
16,17,0,1,2041,3.52,
16,12,1,0,2037,2.56,
16,17,28,0,2036,0.64,
16,0,0,0,2031,0.64,
16,26,0,0,2048,1.76,
16,12,14,0,2026,1.6,
17,9,20,0,2032,1.44,
16,16,10,0,2044,1.76,
16,2,0,0,2048,0.96,
16,13,4,0,2018,2.08,
16,32,25,0,2037,1.92,
16,17,27,0,2039,2.4,
16,17,10,0,2025,1.44,
16,15,9,0,2023,1.28,
17,1,0,0,2048,1.44,
16,31,4,0,2016,1.44,
16,16,6,0,2018,1.76,
16,18,8,0,2020,0.8,
16,18,0,0,2048,2.72,
16,15,16,0,2030,3.2,
16,12,0,0,2048,2.24,
16,28,1,1,2018,3.2,
17,23,0,0,2048,4.48,
16,1,22,0,2034,3.68,
16,38,11,0,2022,3.52,
16,15,0,0,2048,1.92,
16,17,0,0,2048,0.48,
16,16,17,0,2025,1.12,
16,16,19,0,2027,1.12,
16,14,21,0,2025,0.8,
17,0,0,0,2048,0.8,
16,23,0,0,2048,1.44,
16,0,0,0,2025,1.28,
16,18,0,0,2039,1.28,
16,15,31,0,2035,0.64,
16,18,1,0,2015,0.96,
16,4,35,0,2039,2.24,
17,28,37,0,2041,1.76,
16,8,1,0,2015,0.64,
16,15,0,1,2039,1.12,
16,10,0,1,2036,1.28,
16,18,0,0,2048,1.6,
16,17,0,0,2028,2.72,
16,0,0,0,2024,2.88,
16,28,10,0,2024,2.72,
17,3,25,0,2039,2.72,
16,30,25,0,2037,2.88,
16,21,29,0,2043,2.88,
16,22,0,0,2048,3.04,
16,23,22,0,2036,1.6,
16,18,13,0,2021,0.64,
16,17,27,0,2042,0.32,
16,19,18,0,2024,0.64,
17,15,0,0,2048,0.64,
16,22,27,0,2047,1.92,
16,2,1,0,2024,1.6,
16,31,12,0,2024,2.72,
16,0,14,0,2026,1.6,
16,35,30,0,2034,2.24,
16,18,7,0,2019,1.44,
16,19,9,0,2021,2.56,
17,16,36,0,2040,1.28,
16,14,4,0,2016,1.28,
16,11,18,0,2030,1.28,
16,18,0,0,2048,1.28,
16,14,22,0,2034,1.12,
16,11,0,0,2029,2.4,
16,7,26,0,2038,2.08,
17,26,28,0,2040,2.08,
16,14,0,0,2048,2.56,
16,0,17,0,2029,2.24,
16,27,0,0,2048,3.04,
16,13,3,0,2017,2.56,
16,12,0,0,2048,2.56,
16,23,0,0,2048,1.28,
16,7,10,0,2024,0.96,
17,27,31,0,2043,1.6,
16,18,23,0,2046,1.6,
16,12,23,0,2046,1.92,
16,20,1,0,2017,1.92,
16,17,3,0,2015,2.24,
16,18,13,0,2027,0.96,
16,18,23,0,2035,1.12,
16,19,9,0,2021,0.8,
17,16,27,0,2039,2.24,
16,20,0,0,2048,1.6,
16,21,31,0,2043,1.6,
16,19,10,0,2014,1.44,
16,19,0,0,2048,0.8,
16,13,23,0,2036,1.28,
16,20,25,0,2038,1.76,
16,1,28,0,2040,2.24,
17,29,0,0,2048,2.56,
16,7,22,0,2026,2.4,
16,19,0,0,2048,2.4,
16,13,18,0,2046,3.84,
16,11,28,0,2036,2.08,
16,18,30,0,2038,2.24,
16,11,0,0,2048,1.76,
17,24,0,1,2022,1.28,
16,2,34,0,2044,1.92,
16,18,11,0,2025,1.12,
16,10,0,0,2048,2.4,
16,8,0,0,2048,3.2,
16,27,8,0,2022,3.04,
16,14,19,0,2033,3.04,
16,18,21,0,2035,3.52,
17,16,9,0,2017,1.76,
16,18,16,0,2030,1.44,
16,17,27,0,2041,1.6,
16,18,15,0,2024,1.12,
16,16,1,0,2044,1.12,
16,20,8,0,2016,1.28,
16,7,1,1,2026,0.96,
16,9,12,0,2020,1.76,
17,34,24,0,2036,1.28,
16,18,3,0,2015,2.72,
16,16,0,0,2048,4,
16,20,0,0,2048,3.52,
16,3,32,0,2044,3.36,
16,32,0,0,2048,3.68,
16,14,0,0,2048,1.6,
16,16,13,0,2025,1.44,
17,14,0,0,2048,1.12,
16,3,34,0,2042,2.24,
16,33,16,0,2046,2.72,
16,9,0,0,2048,3.52,
16,19,0,0,2044,4.64,
16,5,12,0,2024,1.6,
16,25,22,0,2035,1.6,
17,18,24,0,2037,1.44,
16,6,7,0,2021,1.44,
16,24,29,0,2041,1.12,
16,11,12,0,2026,1.28,
16,22,0,0,2038,2.08,
16,7,0,1,2033,1.12,
16,26,9,0,2023,1.28,
16,0,6,0,2020,1.12,
17,35,23,0,2037,3.52,
16,17,0,0,2048,2.56,
16,12,27,0,2041,0.96,
16,23,29,0,2043,1.28,
16,16,0,0,2048,1.28,
16,1,0,0,2048,1.12,
16,35,0,0,2048,0.48,
16,15,0,0,2048,0.8,
17,7,15,0,2026,0.8,
16,27,32,0,2046,1.28,
16,17,0,0,2048,4,
16,18,16,0,2028,4,
16,16,0,0,2048,4.8,
16,16,20,0,2032,3.2,
16,4,22,0,2034,4.32,
16,30,7,0,2019,1.28,
17,15,17,0,2031,1.92,
16,15,28,0,2040,2.4,
16,9,0,1,2043,1.76,
16,19,1,0,2045,1.12,
16,14,17,0,2029,0.64,
16,17,2,0,2016,0.8,
16,14,9,0,2024,1.28,
17,10,0,0,2048,0.96,
16,19,25,0,2037,0.48,
16,16,10,0,2024,0.48,
16,15,29,0,2041,1.44,
16,5,0,0,2048,1.6,
16,27,3,0,2017,1.28,
16,14,0,0,2048,0.96,
16,15,25,0,2037,1.28,
17,16,27,0,2039,1.28,
16,14,0,0,2048,2.56,
16,22,0,0,2048,3.04,
16,0,0,0,2048,3.04,
16,30,15,0,2027,3.52,
16,17,17,0,2029,4.32,
16,7,1,1,2038,4.64,
16,29,21,0,2034,2.4,
17,18,24,0,2036,1.28,
16,3,26,0,2038,1.28,
16,29,16,0,2030,1.28,
16,15,14,0,2024,1.44,
16,2,16,0,2026,1.28,
16,37,1,0,2016,1.44,
16,16,21,0,2031,1.44,
16,2,0,0,2025,0.96,
17,28,1,0,2020,0,
16,16,11,0,2023,1.44,
16,12,3,0,2015,0.96,
16,21,32,0,2042,1.76,
16,7,17,0,2029,1.76,
16,20,0,0,2048,1.12,
16,9,11,0,2024,1.44,
17,14,0,1,2041,0.64,
16,20,33,0,2039,1.28,
16,15,11,0,2025,3.68,
16,4,34,0,2043,2.24,
16,25,15,0,2029,2.88,
16,13,0,0,2048,2.56,
16,2,0,1,2038,3.04,
16,28,6,0,2018,2.24,
17,8,21,0,2034,0.48,
16,26,1,0,2025,1.12,
16,19,26,0,2038,0.96,
16,0,29,0,2043,0.96,
16,32,0,1,2019,0.96,
16,5,6,0,2020,1.6,
16,33,20,0,2032,1.28,
16,16,1,0,2042,1.28,
17,17,19,0,2031,1.6,
16,14,3,0,2015,1.28,
16,22,23,0,2035,2.08,
16,11,25,0,2037,0.64,
16,26,33,0,2045,1.76,
16,20,11,0,2023,2.08,
16,20,0,0,2048,1.92,
16,17,26,0,2039,1.44,
17,19,0,1,2028,2.72,
16,2,31,0,2043,3.36,
16,32,33,0,2045,3.84,
16,1,0,0,2048,3.2,
16,26,19,0,2027,3.04,
16,9,22,0,2032,2.08,
16,18,23,0,2031,3.68,
17,2,5,0,2019,0.96,
16,29,11,0,2025,1.92,
16,10,17,0,2046,0.64,
16,15,11,0,2025,1.44,
16,16,0,1,2017,1.12,
16,14,19,0,2033,1.28,
16,12,17,0,2032,1.28,
16,3,0,0,2030,0.8,
17,27,0,0,2048,1.6,
16,1,1,0,2022,1.6,
16,27,0,0,2048,1.76,
16,16,19,0,2033,2.24,
16,9,0,0,2048,2.24,
16,24,0,0,2048,3.52,
16,11,25,0,2039,3.04,
16,21,1,0,2037,2.88,
17,18,24,0,2038,2.08,
16,19,0,0,2048,2.72,
16,16,9,0,2021,2.4,
16,6,11,0,2023,2.24,
16,32,0,0,2048,3.52,
16,20,8,0,2018,3.2,
16,18,6,0,2018,2.72,
16,15,31,0,2046,0.96,
17,22,1,1,2037,1.28,
16,0,24,0,2036,0.96,
16,36,26,0,2038,2.4,
16,15,17,0,2029,1.12,
16,18,1,0,2047,0.8,
16,18,31,0,2043,1.44,
16,19,0,1,2037,0.8,
17,13,14,0,2018,1.28,
16,6,4,0,2016,0.96,
16,22,23,0,2033,2.56,
16,0,0,0,2048,3.04,
16,29,10,0,2022,2.4,
16,13,12,0,2025,3.68,
16,1,31,0,2041,2.08,
16,28,0,0,2048,2.4,
17,0,0,0,2048,3.36,
16,22,0,1,2017,3.2,
16,3,1,0,2016,2.72,
16,11,2,4,2016,3.04,
16,30,0,0,2048,3.52,
16,7,0,0,2048,3.84,
16,5,12,0,2022,2.56,
16,28,1,0,2036,2.88,
17,11,1,0,2032,1.12,
16,20,9,0,2019,0.96,
16,16,10,0,2024,1.92,
16,20,1,0,2022,1.6,
16,17,24,0,2038,2.08,
16,18,2,0,2046,1.76,
16,19,1,0,2015,1.76,
16,22,0,0,2048,2.56,
17,20,0,0,2048,1.28,
16,21,14,0,2024,2.08,
16,0,22,0,2045,2.08,
16,35,30,0,2040,2.08,
16,0,14,0,2027,3.68,
16,38,23,0,2037,3.04,
16,15,25,0,2040,3.04,
17,2,17,0,2022,2.4,
16,32,0,0,2048,1.92,
16,18,0,0,2048,2.56,
16,0,0,0,2048,3.52,
16,33,8,0,2022,3.2,
16,16,10,0,2024,4,
16,4,16,0,2028,4.48,
16,24,18,0,2030,2.4,
17,0,1,0,2037,1.12,
16,28,19,0,2033,2.08,
16,0,0,2,2027,1.76,
16,24,26,0,2038,1.76,
16,3,0,1,2041,1.76,
16,19,18,0,2030,1.92,
16,12,32,0,2044,1.28,
16,17,1,1,2029,0.8,
17,2,0,1,2016,0.8,
16,30,9,0,2047,0.48,
16,18,0,0,2048,1.28,
16,1,0,0,2048,3.2,
16,34,17,0,2032,3.04,
16,17,13,0,2021,2.72,
16,13,22,0,2036,2.72,
16,19,24,0,2038,2.4,
17,16,26,0,2040,3.52,
16,12,0,0,2048,2.88,
16,22,8,0,2022,4.48,
16,6,26,0,2034,4,
16,43,0,0,2048,4.16,
16,2,14,0,2029,4,
16,38,32,0,2040,2.08,
17,17,0,0,2048,2.08,
16,16,0,1,2043,0.64,
16,16,19,0,2033,1.76,
16,16,21,0,2023,1.28,
16,3,27,0,2041,1.44,
16,24,26,0,2021,1.44,
16,0,28,0,2042,1.76,
16,28,0,1,2038,0.96,
17,14,6,0,2047,0.96,
16,1,0,0,2048,0.32,
16,26,0,1,2026,1.12,
16,14,0,0,2048,1.6,
16,6,0,0,2019,1.6,
16,20,0,0,2048,1.44,
16,12,27,0,2041,1.12,
16,14,29,0,2043,1.12,
17,14,0,0,2048,0.96,
16,14,16,0,2030,1.28,
16,11,0,0,2048,1.44,
16,20,27,0,2041,0.8,
16,17,29,0,2043,1.44,
16,6,0,0,2048,1.6,
16,34,29,0,2047,1.92,
16,18,23,0,2035,1.28,
17,7,10,0,2017,1.44,
16,33,13,0,2019,1.44,
16,16,19,0,2033,0.8,
16,18,17,0,2023,0.48,
16,20,1,1,2037,0.64,
16,20,21,0,2029,1.76,
16,13,23,0,2031,2.4,
17,21,21,0,2027,1.92,
16,7,23,0,2029,1.12,
16,31,29,0,2043,1.44,
16,9,31,0,2045,1.44,
16,18,32,0,2047,0.96,
16,28,1,2,2031,1.44,
16,2,0,0,2048,1.6,
16,25,0,0,2048,0.32,
17,8,0,0,2048,0.96,
16,22,19,0,2031,2.56,
16,5,0,0,2048,1.28,
16,23,0,0,2048,0.96,
16,13,25,0,2037,1.6,
16,3,0,0,2048,1.12,
16,19,2,0,2016,1.76,
16,4,4,0,2018,1.12,
17,22,0,1,2015,1.6,
16,20,1,0,2030,0.48,
16,0,11,0,2025,0.48,
16,32,13,0,2027,1.28,
16,8,10,0,2022,1.44,
16,19,0,1,2030,0.8,
16,7,3,0,2017,1.6,
16,23,0,0,2023,1.28,
17,8,0,1,2031,0.8,
16,22,25,0,2039,0.64,
16,7,4,0,2016,1.44,
16,28,0,0,2048,1.6,
16,21,15,0,2029,0.32,
16,24,7,0,2015,0.64,
16,20,0,0,2048,1.6,
17,20,16,0,2024,1.6,
16,1,30,0,2044,1.28,
16,34,33,0,2047,1.28,
16,12,18,0,2047,2.4,
16,17,0,0,2048,0.96,
16,15,0,0,2048,1.12,
16,13,0,0,2048,1.76,
16,16,0,1,2037,1.6,
17,12,0,0,2048,1.6,
16,17,1,0,2018,0.8,
16,15,0,1,2035,1.6,
16,14,35,0,2029,1.44,
16,15,5,0,2019,0.64,
16,11,19,0,2033,0.64,
16,3,13,0,2027,0.8,
16,24,23,0,2037,0.64,
17,12,25,0,2039,1.6,
16,5,6,0,2037,1.12,
16,24,21,0,2035,1.12,
16,5,1,0,2015,0.64,
16,27,0,1,2020,0.8,
16,15,0,0,2048,0.16,
16,20,0,0,2048,1.76,
16,22,31,0,2045,0.8,
17,21,9,0,2019,0.8,
16,18,0,0,2048,1.28,
16,19,25,0,2039,1.12,
16,19,0,0,2048,2.4,
16,17,0,0,2048,2.4,
16,16,3,0,2047,1.28,
16,12,0,0,2048,1.6,
17,24,0,0,2048,1.76,
16,18,6,0,2020,2.08,
16,18,29,0,2043,1.12,
16,16,30,0,2034,0.32,
16,9,12,0,2026,1.12,
16,29,28,0,2032,0.32,
16,17,1,0,2039,1.28,
16,13,32,0,2036,1.28,
17,15,19,0,2042,0.8,
16,13,0,1,2037,1.12,
16,2,0,1,2033,0.8,
16,28,0,0,2048,1.12,
16,1,0,0,2024,1.12,
16,27,0,1,2025,1.12,
16,0,8,0,2022,0.48,
16,25,10,0,2024,1.92,
17,4,0,0,2048,1.12,
16,9,0,0,2048,2.4,
16,32,6,0,2018,1.76,
16,0,0,0,2048,1.6,
16,34,31,0,2043,1.12,
16,2,7,0,2043,1.12,
16,35,24,0,2038,1.12,
16,17,0,1,2044,0.96,
17,1,0,1,2028,0.8,
16,14,1,2,2033,0.96,
16,34,33,0,2047,1.28,
16,17,8,0,2018,0.16,
16,19,18,0,2026,0.96,
16,20,6,0,2018,0.64,
16,20,0,0,2048,1.76,
17,18,25,0,2033,1.92,
16,21,12,0,2024,0.96,
16,5,0,0,2048,0.96,
16,27,31,0,2039,0.8,
16,7,33,0,2041,1.12,
16,23,0,1,2017,0.48,
16,11,17,0,2021,1.28,
16,2,5,0,2015,1.28,
17,31,0,1,2021,1.28,
16,4,0,0,2048,0.64,
16,12,25,0,2029,0.48,
16,23,13,0,2023,0.48,
16,11,28,0,2046,0.8,
16,16,1,0,2046,1.28,
16,5,0,1,2040,1.12,
16,21,0,0,2048,0.8,
17,9,0,1,2025,0.96,
16,19,1,0,2022,0.96,
16,11,13,0,2027,0.16,
16,10,15,0,2029,1.12,
16,22,17,0,2031,1.76,
16,17,19,0,2033,0.8,
16,16,15,0,2029,0.8,
16,19,1,0,2018,0.64,
17,20,1,1,2038,1.44,
16,22,0,0,2048,0.64,
16,20,30,0,2044,2.24,
16,20,4,0,2012,0.8,
16,5,0,0,2048,0.8,
16,31,0,0,2048,1.44,
16,19,20,0,2034,1.28,
17,3,14,0,2018,0.96,
16,32,0,0,2048,1.44,
16,19,26,0,2040,1.6,
16,19,0,0,2048,1.6,
16,18,27,0,2036,0.64,
16,9,32,0,2047,1.28,
16,24,8,0,2046,1.12,
16,16,24,0,2046,0.64,
17,16,0,1,2038,1.44,
16,14,0,0,2048,1.12,
16,12,0,1,2037,1.76,
16,14,0,0,2048,1.12,
16,6,0,0,2048,1.76,
16,21,0,1,2019,1.44,
16,11,0,1,2017,0.96,
16,10,22,0,2034,1.12,
17,14,28,0,2040,1.76,
16,14,30,0,2042,1.76,
16,14,1,0,2015,0.64,
16,2,30,0,2042,0.96,
16,27,0,1,2015,1.28,
16,25,3,0,2017,1.12,
16,15,0,0,2048,1.44,
16,2,16,0,2031,1.44,
17,32,9,0,2023,1.44,
16,17,21,0,2035,1.28,
16,19,2,0,2014,1.12,
16,19,7,0,2021,1.28,
16,19,0,0,2048,1.28,
16,0,9,0,2021,1.28,
16,42,21,0,2035,0.96,
17,21,0,0,2048,2.24,
16,20,14,0,2014,1.44,
16,17,2,0,2038,1.28,
16,19,19,0,2046,0.96,
16,4,0,0,2048,1.6,
16,25,0,0,2048,1.76,
16,0,0,1,2029,0.8,
16,26,28,0,2030,1.6,
17,1,31,0,2045,1.28,
16,22,31,0,2043,1.12,
16,7,34,0,2036,2.24,
16,23,35,0,2035,1.28,
16,2,37,0,2037,0.96,
16,17,3,0,2017,0.64,
16,19,0,1,2034,0.64,
16,1,15,0,2040,0.8,
17,20,9,0,2023,1.12,
16,13,3,0,2017,1.44,
16,11,0,1,2021,1.28,
16,16,0,0,2048,1.28,
16,13,29,0,2043,1.28,
16,12,31,0,2045,2.24,
16,7,32,0,2047,0.48,
16,35,0,0,2048,1.12,
17,8,7,0,2017,0.96,
16,32,1,1,2030,0.96,
16,19,22,0,2036,1.12,
16,18,1,2,2044,0.96,
16,20,19,0,2031,0.64,
16,20,0,0,2048,2.08,
16,21,3,1,2017,1.6,
17,20,20,0,2030,0.8,
16,19,15,0,2021,1.44,
16,21,5,0,2013,1.28,
16,19,12,0,2017,1.28,
16,19,0,0,2048,0.96,
16,20,32,0,2042,1.12,
16,1,1,1,2042,0.64,
16,36,2,1,2035,0.96,
17,13,30,0,2036,0.8,
16,13,0,1,2026,1.6,
16,0,33,0,2039,1.6,
16,27,0,0,2048,0.64,
16,13,0,0,2048,0.64,
16,4,21,0,2043,0.8,
16,9,22,0,2028,1.28,
16,22,0,0,2048,1.44,
17,11,0,0,2048,0.96,
16,3,0,0,2048,0.96,
16,17,0,1,2031,1.44,
16,15,0,0,2048,0.8,
16,7,5,0,2019,0.96,
16,26,0,1,2028,1.12,
16,4,0,1,2015,0.96,
16,26,10,0,2025,0.64,
17,11,13,0,2028,1.12,
16,23,3,0,2017,1.12,
16,18,20,0,2034,1.12,
16,1,22,0,2037,1.12,
16,37,0,0,2048,0.96,
16,19,24,0,2038,0.8,
16,0,0,0,2048,2.24,
17,42,31,0,2045,0.48,
16,24,22,0,2036,0.8,
16,0,0,0,2048,0.8,
16,40,9,1,2032,0.48,
16,7,28,0,2042,2.08,
16,27,0,0,2048,0.96,
16,15,25,0,2027,0.96,
16,2,0,0,2048,0.8,
17,30,33,0,2045,1.44,
16,14,31,0,2033,0.48,
16,5,0,1,2039,0.32,
16,14,0,1,2036,0.8,
16,19,0,1,2033,0.8,
16,5,0,1,2029,1.28,
16,16,5,0,2019,1.76,
16,4,22,0,2030,1.28,
17,16,0,1,2021,0.48,
16,12,11,0,2025,1.44,
16,6,28,0,2036,1.76,
16,17,30,0,2038,0.48,
16,2,17,0,2031,0.8,
16,25,24,0,2038,1.92,
16,8,1,0,2032,1.12,
16,10,24,0,2038,0.8,
17,34,0,0,2048,0.32,
16,1,32,0,2046,0.32,
16,23,9,0,2021,1.44,
16,35,0,0,2048,1.6,
16,21,5,0,2031,1.44,
16,20,15,0,2027,1.44,
16,0,0,0,2048,1.28,
17,41,15,0,2017,1.76,
16,20,29,0,2044,1.12,
16,21,0,0,2048,1.92,
16,17,21,0,2023,1.44,
16,26,4,0,2042,1.28,
16,16,0,0,2048,1.76,
16,3,3,1,2040,1.44,
16,35,23,0,2025,1.28,
17,12,1,0,2020,1.12,
16,13,0,1,2016,2.08,
16,15,27,0,2025,0.96,
16,0,4,0,2018,0.96,
16,23,0,1,2042,0.48,
16,2,0,1,2039,1.44,
16,18,1,0,2023,1.28,
16,13,0,1,2033,1.76,
17,3,1,0,2033,0.32,
16,21,0,0,2048,0.48,
16,3,2,0,2016,0.48,
16,17,0,0,2048,0.48,
16,0,0,1,2019,1.44,
16,24,0,0,2048,0.48,
16,16,29,0,2043,0.96,
16,8,0,0,2048,1.28,
17,29,11,0,2025,1.12,
16,3,7,0,2021,1.6,
16,34,5,1,2035,0.96,
16,21,0,0,2048,0.8,
16,0,13,0,2027,1.6,
16,42,4,0,2012,1.28,
16,20,0,0,2048,0.32,
17,22,7,1,2032,0.32,
16,22,23,0,2037,0.48,
16,23,0,0,2048,0.8,
16,20,16,0,2000,0.8,
16,3,26,0,2032,1.44,
16,36,26,0,2014,1.12,
16,10,31,0,2039,0.64,
16,16,32,0,2038,1.28,
17,20,34,0,2040,1.44,
16,6,0,0,2048,0.48,
16,18,0,0,2048,1.12,
16,3,1,0,2037,0.48,
16,18,0,0,2029,1.28,
16,3,0,0,2048,1.28,
16,18,1,0,2024,1.12,
16,13,6,0,2020,0.64,
17,0,0,0,2048,0.64,
16,14,10,0,2024,0.96,
16,8,0,0,2048,0.96,
16,11,0,0,2048,0.8,
16,2,0,0,2048,0.32,
16,22,11,0,2029,0.96,
16,6,0,0,2048,1.76,
16,28,0,1,2016,1.6,
17,19,24,0,2038,1.28,
16,23,0,0,2048,0.8,
16,16,11,0,2023,0.8,
16,17,30,0,2044,1.76,
16,29,0,0,2048,1.28,
16,1,17,0,2029,1.28,
16,39,7,1,2036,0.32,
17,22,0,0,2048,1.28,
16,24,27,0,2041,1.92,
16,22,26,0,2030,1.28,
16,5,0,0,2048,0.64,
16,40,32,0,2047,1.12,
16,18,32,0,2036,0.16,
16,10,0,0,2048,0.8,
16,21,1,0,2031,1.76,
17,14,5,0,2015,0.48,
16,2,0,0,2048,0.8,
16,8,37,0,2011,0.96,
16,21,0,1,2039,0.96,
16,13,0,0,2048,1.28,
16,10,0,1,2032,1.6,
16,9,0,1,2031,0.8,
16,12,0,0,2048,1.6,
17,3,49,0,2023,0.96,
16,12,0,0,2048,0.8,
16,6,0,0,2048,1.76,
16,9,0,0,2048,0.96,
16,6,2,0,2016,1.12,
16,22,4,0,2014,1.28,
16,0,0,0,2048,1.6,
16,37,9,0,2023,0.8,
17,21,10,0,2020,1.12,
16,3,0,0,2048,1.12,
16,39,30,0,2047,0.32,
16,18,16,0,2026,0.96,
16,22,0,0,2048,1.44,
16,1,10,0,2014,1.28,
16,40,0,0,2048,1.44,
17,23,23,0,2027,1.12,
16,23,27,0,2041,1.44,
16,26,29,0,2039,0.96,
16,1,32,0,2030,0.8,
16,49,33,0,2046,0.96,
16,18,33,0,2044,1.44,
16,12,39,0,2037,2.56,
16,6,3,0,2043,0.8,
17,14,0,0,2048,1.92,
16,5,0,1,2032,0.64,
16,5,0,1,2035,1.6,
16,10,1,0,2021,1.28,
16,1,0,0,2031,1.12,
16,6,1,0,2028,0.96,
16,6,55,0,2019,1.12,
16,9,5,0,2019,0.64,
17,2,0,0,2048,0.96,
16,10,40,0,2022,0.96,
16,3,9,0,2022,0.96,
16,7,1,0,2015,0.8,
16,22,0,1,2020,0.96,
16,17,0,0,2048,0.8,
16,8,10,0,2024,1.28,
16,41,10,0,2022,1.6,
17,23,0,0,2048,0.96,
16,26,24,0,2036,1.44,
16,24,22,0,2017,0.64,
16,25,0,0,2048,1.28,
16,24,30,0,2042,1.28,
16,23,33,0,2019,1.76,
16,22,0,0,2048,0.8,
17,18,36,0,2018,0.96,
16,20,39,0,2029,0.8,
16,18,0,0,2048,1.28,
16,0,43,0,2025,2.08,
16,33,45,0,2027,2.08,
16,6,30,0,2035,0.8,
16,24,0,0,2048,0.96,
16,1,0,0,2048,1.12,
17,6,1,0,2025,1.92,
16,5,20,0,2018,1.12,
16,18,0,1,2029,0.96,
16,7,0,0,2048,0.48,
16,16,7,0,2021,0.32,
16,10,1,0,2019,0.64,
16,14,11,0,2025,0.64,
16,15,33,0,2035,0.8,
17,1,35,0,2037,0.96,
16,45,21,0,2033,1.12,
16,26,15,0,2027,1.44,
16,22,21,0,2041,0.96,
16,20,27,0,2039,1.12,
16,9,24,0,2030,1.28,
16,27,2,0,2020,1.12,
16,18,33,0,2045,2.24,
17,8,4,0,2016,0.48,
16,35,0,0,2048,0.96,
16,0,3,1,2042,0.96,
16,39,38,0,2028,0.96,
16,5,40,0,2032,1.28,
16,33,42,0,2034,0.8,
16,20,3,1,2029,1.28,
17,3,0,0,2048,1.12,
16,24,18,0,2028,1.6,
16,7,20,0,2034,1.28,
16,12,17,0,2017,1.12,
16,18,1,0,2022,0.96,
16,2,0,1,2026,1.28,
16,24,0,1,2023,0.8,
16,9,4,0,2016,0.96,
17,24,27,0,2027,1.28,
16,16,4,0,2016,1.44,
16,2,0,0,2048,1.28,
16,38,34,0,2034,0.8,
16,17,15,0,2027,0.32,
16,20,13,0,2023,1.6,
16,7,0,0,2048,0.96,
16,27,17,0,2027,1.92,
17,19,4,1,2029,0.8,
16,19,40,0,2035,0.8,
16,21,12,0,2024,1.6,
16,19,6,0,2012,1.28,
16,23,6,0,2020,0.64,
16,15,18,0,2030,1.6,
16,15,17,0,2013,0.64,
16,34,20,0,2002,0.64,
17,0,0,0,2048,0.96,
16,34,25,0,2033,1.44,
16,12,2,0,2015,1.44,
16,5,0,1,2037,1.12,
16,27,0,1,2033,0.8,
16,12,0,1,2029,1.76,
16,17,0,1,2025,0.64,
17,12,10,0,2025,0.96,
16,12,38,0,2021,0.96,
16,10,41,0,2023,1.76,
16,2,0,0,2035,1.76,
16,23,4,0,2018,0.96,
16,14,6,0,2020,0.96,
16,4,8,0,2022,1.76,
16,22,0,0,2048,0.16,
17,13,12,0,2027,1.28,
16,0,1,0,2015,1.28,
16,31,31,0,2045,1.28,
16,18,1,0,2022,1.12,
16,0,8,0,2022,0.64,
16,40,0,0,2048,0.8,
16,19,11,0,2017,1.6,
16,5,0,0,2048,0.96,
17,37,0,0,2048,1.92,
16,23,17,0,2031,2.24,
16,25,31,0,2047,1.76,
16,22,0,0,2048,0.8,
16,19,25,0,2037,0.96,
16,5,2,0,2029,0.96,
16,26,29,0,2013,1.6,
16,2,31,0,2015,0.64,
17,32,0,1,2016,0.8,
16,14,0,0,2048,1.28,
16,17,0,0,2048,0.48,
16,10,7,0,2019,1.44,
16,13,40,0,2023,0.64,
16,6,0,0,2048,0.96,
16,16,1,0,2036,0.48,
17,3,0,0,2048,1.6,
16,22,17,0,2029,1.12,
16,6,0,1,2028,1.6,
16,6,0,0,2048,1.28,
16,4,4,0,2031,1.12,
16,18,0,0,2048,1.12,
16,1,0,0,2048,1.12,
16,12,0,0,2048,0.48,
17,15,0,0,2048,0.8,
16,38,3,1,2012,1.28,
16,21,0,0,2048,1.6,
16,22,12,0,2016,1.28,
16,18,14,0,2012,0.96,
16,20,0,1,2023,1.6,
16,15,19,0,2023,1.28,
16,18,22,0,2034,0.96,
17,1,23,0,2021,0.48,
16,40,0,0,2048,0.8,
16,20,0,0,2048,0.96,
16,22,30,0,2042,0.96,
16,21,16,0,2022,0.64,
16,25,0,0,2048,1.12,
16,20,12,1,2044,1.44,
16,16,22,0,2028,1.44,
17,15,0,0,2048,0.8,
16,5,27,0,2031,1.12,
16,16,1,0,2018,0.64,
16,1,0,0,2048,0.96,
16,23,0,1,2036,0.64,
16,1,0,0,2048,0.8,
16,24,0,0,2048,1.12,
17,10,0,0,2048,0.8,
16,8,11,0,2025,0.96,
16,12,1,0,2018,0.96,
16,10,0,0,2048,0.8,
16,1,0,0,2048,0.64,
16,27,14,0,2026,0.64,
16,10,0,1,2024,1.76,
16,23,10,0,2022,0.48,
17,1,12,0,2024,0.64,
16,34,0,0,2048,0.8,
16,18,24,0,2036,1.12,
16,23,10,0,2018,0.8,
16,1,0,0,2048,0.64,
16,40,30,0,2042,1.28,
16,20,17,0,2023,1.28,
16,11,0,0,2048,1.76,
17,33,28,0,2040,0.96,
16,4,21,0,2008,1.28,
16,41,28,0,2042,0.96,
16,1,30,0,2046,0.48,
16,36,28,0,2014,0.48,
16,0,0,0,2048,1.44,
16,32,0,0,2048,1.6,
16,15,0,0,2048,0.64,
17,11,20,0,2014,1.28,
16,8,0,1,2037,1.6,
16,14,0,0,2016,1.44,
16,4,5,0,2019,0.48,
16,13,0,0,2048,1.12,
16,14,0,0,2048,1.44,
16,5,0,1,2031,1.44,
17,16,0,0,2048,0.8,
16,10,7,0,2033,1.44,
16,11,15,0,2029,0.96,
16,6,0,1,2021,0.48,
16,16,0,0,2021,1.28,
16,21,23,0,2038,0.48,
16,7,0,0,2048,1.44,
16,30,6,0,2020,1.12,
17,22,15,0,2029,0.8,
16,22,30,0,2044,1.6,
16,23,15,0,2017,1.44,
16,22,21,0,2035,0.48,
16,10,7,1,2038,1.44,
16,31,21,0,2023,1.44,
16,19,27,0,2041,0.8,
16,19,2,0,2016,1.44,
17,14,0,0,2048,0.96,
16,30,30,0,2026,0.96,
16,18,33,0,2033,1.12,
16,21,34,0,2022,1.12,
16,8,33,0,2044,1.76,
16,28,0,0,2048,2.4,
16,11,33,0,2041,2.08,
16,13,23,0,2024,1.6,
17,6,0,1,2039,0.64,
16,12,0,1,2031,1.28,
16,15,30,0,2030,0.8,
16,8,0,0,2048,1.12,
16,7,34,0,2034,1.12,
16,10,1,0,2021,0.96,
16,15,0,0,2048,1.12,
17,10,0,0,2048,1.12,
16,11,1,0,2040,2.24,
16,11,0,0,2048,1.76,
16,17,0,0,2048,1.44,
16,15,4,0,2018,0.8,
16,26,26,0,2040,1.28,
16,20,12,0,2026,0.8,
16,2,0,0,2048,2.4,
17,39,11,0,2013,1.28,
16,21,15,0,2029,1.6,
16,17,4,0,2020,1.76,
16,23,18,0,2018,2.4,
16,22,21,0,2035,1.76,
16,22,12,0,2012,1.44,
16,1,24,0,2024,1.6,
16,47,28,0,2040,1.12,
17,22,30,0,2042,1.44,
16,17,32,0,2044,0.48,
16,18,34,0,2030,0.64,
16,1,1,1,2032,0.8,
16,23,0,1,2043,0.64,
16,3,0,1,2041,0.48,
16,18,1,0,2039,1.76,
16,3,1,0,2041,0.32,
17,14,46,0,2022,0.32,
16,7,0,1,2031,0.96,
16,11,1,0,2027,1.6,
16,12,47,0,2028,0.48,
16,5,0,0,2029,0.48,
16,6,0,0,2048,0.48,
16,11,9,0,2028,1.28,
17,1,1,0,2015,1.44,
16,16,0,0,2048,0.64,
16,12,0,0,2048,0.8,
16,17,0,0,2048,0.96,
16,22,5,0,2013,1.12,
16,23,10,0,2016,1.28,
16,23,13,0,2027,1.44,
16,23,14,0,2016,0.64,
17,20,16,0,2027,0.8,
16,5,0,0,2048,1.28,
16,37,21,0,2035,1.44,
16,20,23,0,2033,0.48,
16,0,0,0,2048,0.96,
16,45,27,0,2041,1.44,
16,23,29,0,2039,0.48,
16,25,0,0,2048,3.04,
17,23,33,0,2038,1.28,
16,18,36,0,2035,1.12,
16,17,0,0,2048,1.28,
16,13,2,0,2040,1.6,
16,4,5,0,2042,0.48,
16,7,0,0,2048,1.12,
16,5,0,0,2048,1.28,
16,5,1,0,2036,0.64,
17,8,0,1,2034,0.8,
16,3,1,0,2019,0.8,
16,14,0,0,2048,0.96,
16,6,6,0,2020,0.48,
16,13,0,1,2025,1.12,
16,4,0,0,2048,0.8,
16,7,12,0,2026,1.12,
17,9,0,0,2048,1.12,
16,15,19,0,2033,0.48,
16,18,8,0,2020,0.8,
16,20,7,0,2017,2.24,
16,26,0,0,2048,1.92,
16,25,14,0,2026,1.6,
16,24,18,0,2018,1.92,
16,24,0,0,2048,2.24,
17,25,26,0,2040,2.24,
16,22,28,0,2010,0.96,
16,23,0,0,2048,1.12,
16,1,32,0,2047,1.6,
16,38,34,0,2016,1.44,
16,5,0,0,2048,1.28,
16,34,7,1,2025,1.76,
16,21,41,0,2023,0.96,
17,10,42,0,2036,1.12,
16,28,43,0,2036,1.28,
16,2,21,0,2017,1.12,
16,12,9,0,2037,0.96,
16,7,0,1,2031,1.76,
16,7,0,0,2048,1.28,
16,14,28,0,2012,0.64,
16,4,1,0,2029,0.96,
17,16,33,0,2025,0.48,
16,2,0,1,2019,0.48,
16,15,0,0,2021,0.96,
16,16,0,1,2019,1.44,
16,17,40,0,2024,1.92,
16,24,6,0,2014,1.92,
16,21,0,0,2048,1.28,
17,20,14,0,2014,1.44,
16,20,8,0,2017,1.28,
16,19,18,0,2022,1.12,
16,20,20,0,2020,1.44,
16,22,13,0,2009,1.76,
16,22,25,0,2029,1.28,
16,19,26,0,2026,0.64,
16,2,20,0,2016,0.48,
17,41,21,0,2013,0.64,
16,20,7,1,2024,1.12,
16,21,0,0,2048,1.44,
16,23,27,0,2019,1.76,
16,21,25,0,1995,1.92,
16,1,0,0,2048,1.28,
16,25,33,0,2025,1.44,
16,1,1,0,2029,1.44,
17,15,0,0,2048,0.96,
16,11,38,0,2026,0.96,
16,14,0,0,2022,0.8,
16,0,0,0,2048,0.8,
16,11,2,0,2038,0.64,
16,11,47,0,2011,1.12,
16,4,0,0,2033,0.8,
16,17,0,1,2033,0.8,
17,5,0,1,2017,0.96,
16,21,0,0,2048,1.12,
16,7,57,0,2021,0.96,
16,23,0,0,2048,1.12,
16,19,0,0,2048,2.4,
16,20,5,1,2018,1.76,
16,20,18,0,2032,0.48,
17,21,0,0,2048,1.92,
16,26,18,0,2016,0.8,
16,1,22,0,2028,1.92,
16,48,0,0,2048,0.64,
16,23,29,0,2017,0.96,
16,23,31,0,2031,1.28,
16,20,0,0,2048,0.8,
16,2,35,0,2023,0.96,
17,37,37,0,2029,1.12,
16,17,3,1,2016,1.44,
16,19,31,0,2040,1.12,
16,4,43,0,2035,0.48,
16,11,2,0,2037,0.96,
16,24,24,0,2036,1.44,
16,6,24,0,2034,1.28,
16,14,4,0,2034,0.64,
17,8,19,0,2023,0.8,
16,12,21,0,2025,0.8,
16,5,0,1,2024,1.28,
16,11,25,0,2029,1.28,
16,10,27,0,2031,0.16,
16,20,0,1,2022,1.6,
16,18,1,0,2016,0.48,
16,21,5,0,2017,1.6,
17,25,34,0,2036,1.12,
16,5,0,0,2048,1.44,
16,39,16,0,2014,1.6,
16,19,33,0,2041,1.44,
16,19,0,0,2048,0.48,
16,20,23,0,2021,0.48,
16,19,2,1,2023,0.96,
17,18,0,0,2048,0.96,
16,23,30,0,2026,0.96,
16,23,31,0,2045,0.96,
16,22,0,0,2048,0.8,
16,0,36,0,2032,0.64,
16,41,7,0,2033,0.32,
16,18,0,0,2048,1.12,
16,14,38,0,2039,0.64,
17,6,0,0,2048,0.96,
16,13,0,1,2036,0.96,
16,8,0,0,2048,1.6,
16,14,0,0,2048,0.8,
16,13,1,0,2032,0.96,
16,12,0,0,2048,0.96,
16,10,1,0,2026,2.56,
16,12,0,0,2048,0.32,
17,10,0,0,2048,1.92,
16,0,0,1,2016,1.92,
16,27,2,0,2016,1.12,
16,19,0,1,2032,1.12,
16,15,0,0,2048,1.6,
16,2,9,0,2023,0.64,
16,38,29,0,2043,1.28,
16,21,0,0,2048,1.76,
17,3,30,0,2044,1.92,
16,43,18,0,2030,0.64,
16,21,19,0,2017,0.8,
16,20,24,0,2038,0.8,
16,20,26,0,2034,0.64,
16,24,0,0,2048,1.12,
16,20,30,0,2044,1.12,
17,7,31,0,2021,0.48,
16,26,0,0,2048,0.96,
16,29,31,0,2046,0.64,
16,13,37,0,2027,1.44,
16,14,0,0,2048,1.12,
16,14,41,0,2037,1.6,
16,0,1,0,2031,1.28,
16,20,0,1,2035,1.28,
17,0,0,0,2048,0.48,
16,18,0,0,2022,1.44,
16,5,1,0,2033,1.12,
16,10,0,0,2048,1.6,
16,7,0,0,2048,0.32,
16,8,0,1,2025,1.12,
16,14,0,0,2023,0.32,
16,6,0,0,2048,0.32,
17,21,0,0,2036,0.64,
16,5,5,0,2019,0.64,
16,31,1,0,2023,0.64,
16,20,12,0,2026,1.12,
16,3,7,0,2013,0.96,
16,39,0,0,2048,0.64,
16,24,18,0,2032,0.96,
16,22,17,0,2015,0.8,
17,22,18,0,2028,0.48,
16,22,21,0,2015,1.12,
16,22,27,0,2041,1.12,
16,22,26,0,2032,1.28,
16,16,28,0,2020,0.96,
16,29,32,0,2047,1.28,
16,13,33,0,2038,2.4,
17,24,27,0,2046,0.8,
16,13,0,0,2048,1.12,
16,13,36,0,2000,1.28,
16,3,14,0,2042,0.96,
16,20,2,0,2016,1.28,
16,12,0,0,2048,0.96,
16,0,0,0,2048,0.96,
16,14,1,0,2036,0.48,
17,15,10,0,2024,0.32,
16,7,0,0,2027,0.96,
16,6,0,0,2048,0.96,
16,12,22,0,2034,0.96,
16,8,0,1,2020,1.12,
16,7,17,0,2031,0.8,
16,7,1,0,2020,1.28,
16,22,21,0,2035,0.48,
17,15,0,0,2048,0.64,
16,29,7,0,2009,0.96,
16,21,15,0,2029,1.12,
16,24,0,0,2048,2.24,
16,20,16,0,2012,1.28,
16,20,21,0,2035,1.6,
16,1,0,0,2048,1.12,
16,39,22,0,2018,0.48,
17,21,24,0,2031,2.08,
16,22,0,0,2048,1.44,
16,23,17,0,2017,0.96,
16,24,31,0,2037,0.48,
16,22,0,0,2048,1.44,
16,6,32,0,2014,1.28,
16,34,35,0,2043,2.08,
17,15,0,0,2048,1.92,
16,4,39,0,2011,0.8,
16,16,36,0,2038,0.96,
16,0,0,1,2038,0.96,
16,11,0,1,2034,1.44,
16,8,0,1,2032,1.92,
16,10,1,0,2030,1.44,
16,9,1,0,2028,1.28,
17,5,0,0,2048,1.28,
16,14,0,1,2025,1.12,
16,5,1,0,2023,0.64,
16,3,0,1,2021,1.12,
16,13,40,0,2022,1.28,
16,2,12,0,2026,1.6,
16,24,14,0,2028,1.44,
16,4,0,0,2048,1.12,
17,39,8,0,2020,0.96,
16,22,12,0,2010,0.48,
16,22,22,0,2036,1.44,
16,23,17,0,2023,1.44,
16,24,19,0,2015,1.6,
16,23,28,0,2042,0.8,
16,25,26,0,2026,1.44,
16,25,29,0,2018,0.64,
17,21,33,0,2025,1.12,
16,17,34,0,1999,1.12,
16,24,0,0,2048,0.8,
16,20,40,0,2032,0.64,
16,21,41,0,2005,0.64,
16,0,0,0,2048,0.64,
16,31,32,0,2036,0.16,
17,3,8,0,2029,0.64,
16,11,2,0,2036,1.28,
16,6,0,0,2048,1.28,
16,6,0,0,2031,0.8,
16,8,0,1,2030,0.64,
16,8,1,0,2026,1.6,
16,9,0,0,2024,0.8,
16,7,0,0,2022,0.96,
17,2,31,0,2022,0.96,
16,17,13,0,2022,1.6,
16,13,4,0,2018,0.64,
16,19,9,0,2023,1.12,
16,25,0,0,2048,1.76,
16,22,12,0,2014,1.12,
16,20,16,0,2028,0.8,
16,20,0,0,2048,0.96,
17,19,20,0,2018,0.8,
16,21,22,0,2018,0.32,
16,22,0,0,2048,0.96,
16,22,26,0,2024,0.64,
16,22,28,0,2024,1.76,
16,23,0,0,2048,1.76,
16,23,32,0,2030,1.6,
16,24,34,0,2031,0.8,
17,22,34,0,2008,1.6,
16,20,22,1,2040,0.8,
16,16,35,0,2040,0.96,
16,7,40,0,2014,0.96,
16,7,2,0,2021,0.96,
16,12,0,0,2048,0.8,
16,5,3,0,2017,0.64,
17,17,5,0,2019,0.8,
16,8,0,0,2030,0.96,
16,12,0,0,2048,0.48,
16,9,0,1,2025,0.8,
16,4,13,0,2027,0.96,
16,15,20,0,2027,1.12,
16,6,0,0,2016,0.32,
16,11,0,0,2048,0.8,
17,27,4,0,2018,0.48,
16,21,7,0,2011,0.8,
16,21,26,0,2040,0.96,
16,8,16,0,2018,0.96,
16,42,19,0,2012,0.8,
16,24,32,0,2046,0.8,
16,15,26,0,2020,1.44,
16,25,28,0,2016,0.96,
17,20,31,0,2025,1.28,
16,0,33,0,2028,1.28,
16,40,0,0,2048,0.8,
16,19,38,0,2032,0.8,
16,23,10,0,2018,0.96,
16,22,0,0,2048,0.96,
16,23,36,0,2037,0.64,
16,14,25,0,2015,0.96,
17,7,0,0,2048,1.44,
16,13,19,0,2035,0.96,
16,5,0,0,2048,0.64,
16,9,0,0,2048,0.8,
16,4,0,0,2016,0.8,
16,12,1,0,2020,0.8,
16,15,0,1,2029,1.28,
17,11,41,0,2031,1.28,
16,7,0,1,2024,1.12,
16,21,0,0,2048,0.96,
16,6,0,0,2048,1.28,
16,31,25,0,2029,0.96,
16,17,11,0,2025,0.8,
16,19,0,0,2048,1.6,
16,19,31,0,2035,0.96,
17,19,8,0,2010,0.8,
16,21,0,0,2048,0.96,
16,24,27,0,2041,1.44,
16,22,22,0,2008,1.12,
16,24,0,0,2048,0.16,
16,1,30,0,2047,1.6,
16,42,29,0,2015,1.12,
16,20,0,0,2048,1.12,
17,22,32,0,2044,1.44,
16,20,17,0,2047,1.76,
16,13,0,0,2048,0.96,
16,17,1,0,2041,1.44,
16,8,14,0,2042,1.44,
16,11,42,0,2026,1.44,
16,15,0,1,2038,1.6,
16,11,1,0,2035,1.12,
17,5,0,0,2048,1.44,
16,6,22,0,2033,1.6,
16,15,0,1,2018,1.76,
16,7,0,0,2048,1.44,
16,2,11,0,2027,1.28,
16,21,47,0,2027,0.64,
16,11,0,0,2048,0.64,
17,14,7,0,2021,1.44,
16,18,20,0,2036,1.12,
16,22,0,0,2048,1.76,
16,21,6,2,2018,1.12,
16,0,26,0,2042,1.12,
16,42,0,0,2048,0.96,
16,22,14,0,2008,1.12,
16,24,30,0,2048,1.44,
17,20,0,0,2048,2.24,
16,25,24,0,2000,2.24,
16,22,25,0,2027,1.76,
16,19,0,0,2048,1.76,
16,21,30,0,2006,1.12,
16,21,31,0,2033,0.96,
16,9,0,0,2048,2.08,
16,29,36,0,2012,1.44,
17,14,9,0,2013,0.8,
16,2,30,0,2008,0.96,
16,23,1,0,2015,0.8,
16,13,15,0,2019,1.6,
16,4,1,0,2037,0.96,
16,15,33,0,2034,0.48,
16,11,9,0,2023,1.76,
16,7,21,0,2021,1.12,
17,8,0,1,2030,1.28,
16,8,15,0,2029,0.96,
16,9,0,0,2048,0.32,
16,7,29,0,2029,0.96,
16,18,22,0,2036,1.28,
16,4,6,0,2020,1.12,
16,35,7,0,2017,0.96,
17,21,0,0,2048,1.44,
16,21,12,0,2014,0.8,
16,16,10,0,2010,1.28,
16,25,0,0,2048,2.08,
16,21,19,0,2021,2.24,
16,20,19,0,2013,1.76,
16,21,0,0,2048,0.96,
16,22,25,0,2027,2.08,
17,20,26,0,2034,2.72,
16,28,0,0,2048,0.64,
16,25,31,0,2033,1.6,
16,24,33,0,2039,2.08,
16,20,0,0,2048,0.64,
16,6,37,0,2039,1.12,
16,24,21,0,2043,0.64,
16,7,41,0,2021,0.96,
17,2,0,0,2048,0.8,
16,19,45,0,2017,0.96,
16,5,0,0,2048,0.96,
16,9,49,0,2030,0.48,
16,11,0,0,2048,1.28,
16,9,1,0,2028,1.76,
16,4,16,0,2030,0.96,
16,10,0,0,2048,0.96,
17,3,47,0,2022,1.76,
16,9,0,0,2048,0.64,
16,8,0,1,2024,1.12,
16,8,0,1,2015,0.8,
16,21,3,0,2017,2.08,
16,27,0,0,2048,2.08,
16,26,11,0,2019,1.92,
17,24,15,0,2020,1.28,
16,23,0,0,2048,2.08,
16,22,19,0,2024,1.6,
16,21,22,0,2025,1.44,
16,21,0,0,2048,0.96,
16,21,26,0,2030,0.64,
16,3,29,0,2031,0.64,
16,22,0,0,2048,1.44,
17,42,32,0,2028,0.48,
16,23,34,0,2032,1.6,
16,6,0,0,2048,1.44,
16,37,38,0,2034,1.44,
16,13,40,0,2038,1.28,
16,0,0,0,2048,1.28,
16,17,0,0,2048,1.12,
16,3,4,0,2015,0.64,
17,13,0,0,2048,0.48,
16,3,0,0,2048,1.44,
16,13,0,0,2048,1.28,
16,3,0,0,2048,1.28,
16,14,0,0,2048,0.64,
16,2,1,0,2017,0.48,
16,8,1,0,2015,0.8,
16,7,0,0,2048,1.76,
17,12,0,0,2016,1.44,
16,3,2,0,2016,1.12,
16,27,1,0,2023,0.8,
16,22,6,0,2017,2.24,
16,22,0,0,2048,1.12,
16,23,14,0,2018,0.64,
16,5,18,0,2018,0.64,
17,31,22,0,2008,1.28,
16,29,24,0,2020,0.48,
16,22,26,0,2013,0.96,
16,22,9,1,2011,1.12,
16,1,30,0,2026,1.28,
16,46,33,0,2019,1.6,
16,25,34,0,1990,1.44,
16,0,37,0,2031,1.12,
17,43,39,0,2037,0.64,
16,20,40,0,2039,1.12,
16,13,0,0,2048,1.44,
16,6,11,0,2039,0.96,
16,6,1,0,2034,1.44,
16,9,0,0,2048,1.44,
16,8,13,0,2013,1.28,
16,8,1,0,2032,1.44,
17,9,19,0,2015,0.96,
16,12,22,0,2018,1.44,
16,1,60,0,2014,1.6,
16,9,0,1,2023,0.48,
16,12,0,0,2048,0.48,
16,12,0,1,2017,0.8,
16,3,1,0,2015,0.48,
16,28,31,0,2031,0.8,
17,22,0,0,2048,2.4,
16,25,12,0,2016,0.8,
16,27,16,0,2016,1.44,
16,24,0,0,2048,1.28,
16,4,24,0,2017,0.8,
16,37,26,0,2019,0.8,
16,2,0,0,2048,1.12,
17,38,30,0,2014,0.8,
16,22,32,0,2026,0.64,
16,25,34,0,2028,0.64,
16,24,36,0,2020,0.48,
16,21,39,0,2033,1.28,
16,18,40,0,2034,3.04,
16,6,42,0,2026,0.64,
16,27,32,0,2037,0.8,
17,2,5,0,2011,0.32,
16,13,5,0,2012,0.64,
16,5,0,0,2048,0.32,
16,15,0,1,2030,0.64,
16,11,48,0,2014,1.12,
16,0,15,0,2021,1.12,
16,19,52,0,2018,1.12,
16,10,0,1,2020,0.64,
17,11,56,0,2022,1.92,
16,9,1,0,2015,0.96,
16,17,0,0,2048,1.12,
16,20,27,0,2034,0.96,
16,19,28,0,2034,0.64,
16,22,0,0,2048,1.12,
16,23,34,0,2040,1.44,
16,27,34,0,2040,1.76,
17,23,0,0,2048,1.12,
16,21,25,0,2006,1.6,
16,20,29,0,2007,1.12,
16,0,30,0,2030,1.12,
16,20,0,0,2048,0.96,
16,34,34,0,2026,1.92,
16,21,37,0,2035,0.8,
17,0,38,0,2038,0.8,
16,46,42,0,2036,0.32,
16,17,43,0,2035,1.44,
16,2,12,1,2035,1.6,
16,23,5,0,2037,0.8,
16,1,0,0,2048,1.28,
16,18,48,0,2029,1.12,
16,2,33,0,2019,1.44,
17,8,28,0,2029,0.96,
16,5,39,0,2017,0.96,
16,10,41,0,2019,1.44,
16,13,0,1,2019,0.8,
16,7,0,0,2022,1.12,
16,17,2,0,2016,0.8,
16,17,42,0,2033,0.96,
16,20,5,0,2013,0.8,
17,9,11,0,2019,2.24,
16,27,0,0,2048,2.08,
16,19,19,0,2035,0.96,
16,16,18,0,2024,1.28,
16,24,0,0,2048,1.12,
16,23,25,0,2041,1.6,
16,28,24,0,2030,0.48,
16,25,0,0,2048,1.12,
17,25,31,0,2027,0.96,
16,0,33,0,2045,0.96,
16,44,34,0,2042,1.76,
16,20,36,0,2033,0.8,
16,20,12,0,2023,1.44,
16,0,7,1,2035,1.44,
16,28,37,0,2038,1.12,
17,6,0,0,2048,0.8,
16,13,0,0,2048,0.8,
16,11,18,0,2014,0.96,
16,0,0,0,2048,0.48,
16,24,0,0,2048,1.28,
16,4,0,1,2028,0.8,
16,10,26,0,2022,0,
16,5,3,0,2028,1.76,
17,13,0,0,2048,1.6,
16,1,4,0,2018,1.76,
16,27,0,0,2048,0.48,
16,18,32,0,2032,2.24,
16,24,22,0,2036,0.64,
16,23,12,0,2020,0.96,
16,25,38,0,2038,1.12,
16,23,28,0,2042,1.6,
17,13,22,0,2015,1.76,
16,28,0,0,2048,1.44,
16,20,26,0,2020,0.64,
16,19,29,0,2021,2.08,
16,0,0,0,2048,1.12,
16,43,32,0,2026,0.64,
16,22,35,0,2027,0.64,
16,24,0,0,2048,0.8,
17,24,37,0,2042,0.96,
16,17,40,0,2038,1.12,
16,12,0,0,2048,0.48,
16,9,2,0,2031,1.6,
16,0,0,0,2048,1.6,
16,13,0,0,2048,1.28,
16,5,1,0,2033,0.48,
17,14,41,0,2027,1.12,
16,6,0,0,2048,0.48,
16,14,1,0,2026,0.64,
16,1,47,0,2027,1.28,
16,25,0,0,2048,0.8,
16,10,41,0,2030,0.48,
16,5,10,0,2022,0.96,
16,25,8,0,2022,1.44,
17,6,41,0,2025,0.16,
16,31,12,0,2026,0.96,
16,21,11,0,2007,1.12,
16,22,7,1,2011,1.28,
16,25,18,0,2032,0.48,
16,25,21,0,2009,0.8,
16,23,23,0,2003,0.64,
16,22,25,0,2038,0.48,
17,21,0,0,2048,0.16,
16,9,29,0,2031,1.44,
16,32,31,0,2033,1.6,
16,20,0,0,2048,1.28,
16,20,36,0,2038,1.76,
16,13,37,0,2039,1.6,
16,22,0,0,2048,1.6,
16,4,18,0,2041,0.8,
17,20,44,0,2032,1.6,
16,0,0,0,2048,1.6,
16,23,14,0,2016,1.12,
16,1,15,0,2035,0.96,
16,17,39,0,2030,1.76,
16,0,20,0,2022,1.44,
16,18,0,0,2048,0.64,
17,1,0,1,2028,0.64,
16,20,0,1,2025,0.96,
16,0,0,1,2023,0.96,
16,28,0,0,2048,0.96,
16,18,23,0,2038,0.96,
16,21,7,0,2013,1.12,
16,17,10,0,2014,0.8,
16,6,16,0,2030,1.28,
17,42,0,0,2048,1.12,
16,1,19,0,2021,1.44,
16,35,16,0,2014,1.28,
16,2,0,0,2048,2.56,
16,41,25,0,2027,1.92,
16,22,22,0,2020,3.04,
16,24,0,0,2048,2.24,
16,24,31,0,2033,1.6,
17,19,34,0,2032,0.64,
16,24,35,0,2035,1.76,
16,19,33,0,2002,1.28,
16,10,40,0,2038,1.44,
16,15,0,0,2048,0.48,
16,1,40,0,2014,1.28,
16,20,0,1,2035,1.76,
16,0,0,0,2048,0.8,
17,20,0,0,2048,0.96,
16,5,0,1,2031,0.8,
16,9,0,1,2026,0.64,
16,11,0,0,2048,0.32,
16,6,0,0,2019,1.12,
16,12,0,1,2021,0.8,
16,7,0,1,2018,0.64,
17,16,4,0,2018,0.64,
16,17,0,0,2048,0.8,
16,20,5,0,2019,0.96,
16,22,4,1,2011,1.12,
16,24,12,0,2023,1.12,
16,24,15,0,2021,0.8,
16,21,18,0,2010,1.28,
16,1,20,0,2028,1.6,
17,40,23,0,2037,0.96,
16,21,24,0,2034,1.6,
16,22,0,0,2048,1.12,
16,22,29,0,2043,0.8,
16,7,31,0,2041,0.8,
16,40,0,0,2048,1.6,
16,11,9,2,2037,0.32,
16,28,18,0,2045,0.48,
17,12,0,0,2048,0.96,
16,16,0,0,2048,1.44,
16,1,39,0,2037,0.96,
16,20,0,0,2048,1.28,
16,8,0,1,2020,0.48,
16,1,0,0,2048,0.32,
16,11,0,0,2048,1.12,
16,16,12,0,2026,1.28,
17,10,0,0,2048,1.44,
16,0,0,1,2027,1.44,
16,19,0,0,2048,0.8,
16,5,0,1,2022,1.44,
16,4,0,0,2048,0.48,
16,11,24,0,2038,1.44,
16,29,2,0,2020,0.64,
17,21,0,0,2048,1.12,
16,23,30,0,2044,1.12,
16,1,24,0,2038,0.96,
16,45,0,0,2048,1.28,
16,21,4,0,2040,1.44,
16,20,30,0,2045,1.28,
16,5,0,0,2048,1.28,
16,39,8,1,2007,0.96,
17,7,28,0,2022,0.8,
16,36,0,0,2048,0.8,
16,23,31,0,2037,0.64,
16,17,34,0,2028,1.6,
16,5,0,0,2048,1.44,
16,40,36,0,2043,0.96,
16,15,40,0,2034,0.8,
16,11,0,0,2048,0.64,
17,5,0,0,2048,0.32,
16,8,0,1,2039,1.28,
16,12,0,1,2021,1.12,
16,4,1,0,2015,2.24,
16,7,0,1,2032,0.32,
16,18,44,0,2028,1.76,
16,13,46,0,2030,1.6,
16,10,1,0,2024,0.96,
17,3,0,1,2021,1.44,
16,15,0,1,2019,1.12,
16,7,1,0,2015,0.8,
16,23,0,0,2048,0.8,
16,4,15,0,2031,0.96,
16,35,9,0,2021,1.6,
16,23,32,0,2044,1.6,
17,0,15,0,2030,1.6,
16,44,5,0,2011,0.64,
16,22,0,0,2048,0.96,
16,6,22,0,2014,1.28,
16,38,17,0,2010,1.6,
16,22,0,0,2048,1.28,
16,19,28,0,2020,0.64,
16,21,24,0,2016,1.12,
17,21,0,0,2048,0.32,
16,20,18,0,2047,0.8,
16,22,37,0,2039,0.8,
16,18,0,0,2048,1.12,
16,12,10,0,2015,1.92,
16,0,0,0,2048,1.76,
16,20,1,0,2036,1.92,
16,4,28,0,2036,1.44,
17,21,40,0,2023,1.28,
16,6,28,0,2024,1.12,
16,12,0,1,2028,0.32,
16,0,0,0,2048,0.48,
16,19,34,0,2030,0.96,
16,10,0,0,2048,1.28,
16,10,0,1,2016,1.28,
16,12,0,0,2048,1.12,
17,18,1,1,2025,3.04,
16,20,5,0,2015,0.96,
16,20,8,0,2012,0.96,
16,19,0,0,2048,1.28,
16,21,13,0,2021,0.96,
16,16,14,0,2018,1.28,
16,28,0,0,2048,0.64,
17,20,10,1,2026,0.8,
16,25,21,0,2031,1.76,
16,22,0,0,2048,1.92,
16,23,25,0,1993,1.6,
16,21,28,0,2036,1.92,
16,23,0,0,2048,0.8,
16,19,31,0,1999,1.12,
16,21,34,0,2043,0.64,
17,17,0,0,2048,0.8,
16,9,38,0,2024,0.8,
16,5,40,0,2039,0.64,
16,23,9,0,2014,0.8,
16,4,43,0,2011,1.12,
16,17,0,1,2025,0.64,
16,3,16,0,2020,0.8,
16,13,1,0,2032,1.28,
17,3,20,0,2024,0.64,
16,6,0,1,2027,0.8,
16,14,55,0,2024,0.64,
16,7,0,1,2024,2.08,
16,1,0,0,2048,1.44,
16,19,1,0,2019,0.96,
16,1,0,1,2016,0.64,
16,30,1,0,2016,0.64,
17,9,6,0,2015,1.44,
16,35,17,0,2031,1.76,
16,14,0,0,2048,1.44,
16,26,15,0,2019,0.64,
16,20,23,0,2037,0.64,
16,23,0,0,2048,1.28,
16,24,21,0,2025,1.28,
17,25,24,0,2027,1.44,
16,23,28,0,2024,2.08,
16,22,30,0,2000,0.8,
16,21,32,0,2032,1.6,
16,21,34,0,2030,1.76,
16,19,36,0,2006,1.28,
16,18,38,0,2038,1.44,
16,15,40,0,2036,1.12,
17,15,26,0,2040,0.64,
16,2,9,0,2040,0.8,
16,17,10,0,2038,0.64,
16,0,0,1,2034,1.12,
16,8,2,0,2031,0.96,
16,20,1,0,2030,0.64,
16,8,0,0,2031,1.92,
16,0,0,1,2018,1.92,
17,9,0,1,2026,1.44,
16,8,0,1,2025,0.32,
16,16,3,0,2017,1.28,
16,8,7,0,2021,0.64,
16,19,21,0,2033,1.28,
16,21,0,0,2048,0.64,
16,23,25,0,2037,0.96,
16,19,14,0,2016,1.12,
17,12,0,0,2048,1.6,
16,30,19,0,2033,0.8,
16,20,21,0,2033,1.28,
16,5,0,0,2048,0.48,
16,41,0,0,2048,1.92,
16,22,27,0,2041,1.28,
16,19,29,0,2041,0.64,
17,27,0,0,2048,1.6,
16,22,33,0,2037,1.12,
16,21,34,0,2006,0.8,
16,9,0,0,2048,1.28,
16,22,0,1,2033,0.48,
16,20,35,0,2040,0.96,
16,2,42,0,1996,1.28,
16,12,0,0,2036,0.64,
17,2,3,0,2015,1.12,
16,18,0,0,2048,1.92,
16,5,9,0,2023,1.92,
16,17,52,0,2006,0.96,
16,8,0,1,2028,1.12,
16,9,0,0,2048,0.64,
16,8,0,1,2018,0.8,
16,10,20,0,2034,0.8,
17,14,62,0,2017,1.44,
16,11,0,0,2048,1.6,
16,18,26,0,2040,1.76,
16,22,25,0,2037,1.6,
16,24,0,0,2048,1.12,
16,22,32,0,2046,2.4,
16,24,31,0,2044,1.44,
16,23,0,0,2048,1.6,
17,20,24,0,2034,0.8,
16,20,26,0,2036,0.96,
16,20,27,0,2021,1.12,
16,0,0,0,2048,1.12,
16,39,32,0,2042,1.12,
16,22,33,0,2027,0.8,
16,22,0,0,2048,0.8,
17,1,38,0,2036,1.44,
16,44,39,0,2039,0.96,
16,14,37,0,2039,1.6,
16,9,23,0,2039,1.44,
16,7,2,1,2036,1.28,
16,15,0,0,2048,1.44,
16,8,0,1,2031,0.8,
16,11,0,0,2048,0.48,
17,9,1,0,2030,0.96,
16,11,0,1,2023,0.64,
16,8,39,0,2029,0.64,
16,9,0,0,2048,1.76,
16,7,0,0,2048,1.6,
16,18,1,0,2015,0.32,
16,17,2,0,2014,1.44,
16,19,18,0,2034,0.96,
17,20,0,0,2048,0.96,
16,19,7,0,2011,0.96,
16,21,5,0,2011,1.12,
16,21,0,0,2048,0.8,
16,24,16,0,2014,0.8,
16,22,20,0,2008,1.12,
16,3,0,0,2048,1.44,
16,42,24,0,2018,1.28,
17,21,26,0,2032,1.92,
16,11,0,0,2048,2.08,
16,33,22,0,2002,0.8,
16,25,32,0,2038,1.44,
16,9,0,0,2048,1.44,
16,28,34,0,2004,0.96,
16,9,30,0,2043,0.8,
17,15,40,0,2028,0.32,
16,3,0,1,2033,1.28,
16,11,0,1,2039,1.44,
16,11,0,1,2028,1.12,
16,10,0,0,2048,0.8,
16,6,48,0,2006,1.76,
16,0,0,0,2030,1.76,
16,14,0,0,2028,0.64,
17,8,0,1,2019,1.12,
16,8,0,1,2017,0.32,
16,3,0,0,2048,2.08,
16,16,26,0,2025,1.44,
16,14,5,0,2019,0.96,
16,16,3,0,2017,1.28,
16,20,33,0,2019,0.96,
16,23,0,0,2048,0.8,
17,23,13,0,2018,0.96,
16,25,17,0,2015,1.92,
16,23,0,0,2048,0.32,
16,22,22,0,2022,0.64,
16,23,25,0,2019,2.08,
16,22,0,0,2048,1.28,
16,22,30,0,2026,1.28,
16,22,31,0,2025,0.96,
17,20,0,0,2048,0.96,
16,12,35,0,2027,0.8,
16,13,37,0,2035,1.76,
16,33,0,0,2048,0.8,
16,16,41,0,2033,1.6,
16,6,22,0,2039,0.64,
16,13,27,0,2037,0.8,
17,6,0,0,2048,0.8,
16,18,28,0,2010,1.44,
16,6,0,0,2048,1.28,
16,8,9,0,2021,2.08,
16,15,0,0,2025,0.8,
16,12,13,0,2025,0.96,
16,10,0,0,2048,1.12,
16,4,0,0,2022,1.12,
17,14,1,0,2015,0.8,
16,18,23,0,2037,1.44,
16,21,23,0,2035,1.44,
16,22,47,0,2031,1.44,
16,22,29,0,2043,1.28,
16,5,29,0,2041,1.12,
16,41,10,1,2019,2.24,
16,20,7,1,2039,1.92,
17,9,0,0,2048,0.8,
16,27,26,0,2030,1.12,
16,18,0,1,2035,1.76,
16,23,30,0,2026,0.64,
16,0,32,0,2028,0.64,
16,39,0,0,2048,0.64,
16,22,36,0,2040,1.12,
16,26,38,0,2034,1.12,
17,19,0,0,2048,1.44,
16,13,23,0,2039,1.28,
16,7,15,0,2039,1.28,
16,13,31,0,2009,1.28,
16,6,0,0,2048,0.64,
16,12,0,1,2025,1.12,
16,1,1,0,2031,1.6,
17,17,0,1,2026,0.96,
16,6,0,0,2048,1.92,
16,10,15,0,2037,1.76,
16,15,0,1,2021,1.28,
16,6,0,1,2018,1.28,
16,20,0,0,2048,0.32,
16,17,4,0,2016,1.12,
16,8,0,0,2048,1.12,
17,26,10,0,2018,1.28,
16,20,17,0,2032,0.48,
16,20,23,0,2037,0.8,
16,20,16,0,2026,1.28,
16,25,0,0,2048,1.6,
16,26,30,0,2044,1.44,
16,6,24,0,2030,1.44,
16,42,0,0,2048,0.8,
17,14,29,0,2043,1.44,
16,32,32,0,2033,1.6,
16,19,0,0,2048,0.96,
16,2,7,0,2039,1.12,
16,35,39,0,2039,1.12,
16,14,0,0,2048,1.76,
16,13,2,0,2017,1.44,
16,9,0,0,2048,1.12,
17,13,1,0,2035,1.44,
16,11,0,1,2032,1.76,
16,9,10,0,2020,0.8,
16,14,12,0,2022,1.12,
16,8,0,0,2048,0.48,
16,8,0,1,2020,0.32,
16,7,30,0,2030,1.12,
17,14,25,0,2031,0.8,
16,14,0,0,2048,1.12,
16,14,36,0,2036,1.6,
16,23,2,0,2014,1.44,
16,25,9,0,2013,0.48,
16,23,14,0,2016,1.92,
16,22,16,0,2012,0.32,
16,0,19,0,2015,0.32,
17,39,9,0,2012,0.8,
16,19,23,0,2035,0.96,
16,22,0,0,2048,1.28,
16,21,9,0,2016,1.12,
16,20,29,0,2041,1.76,
16,24,0,0,2048,1.12,
16,22,16,0,2022,1.28,
16,19,19,0,2046,0.8,
17,2,0,0,2048,0.64,
16,36,25,0,2012,1.12,
16,14,0,1,2035,0.96,
16,8,35,0,2038,1.12,
16,11,0,0,2048,1.28,
16,1,0,0,2048,0.96,
16,17,37,0,2033,1.6,
16,12,1,0,2021,0.64,
17,0,0,1,2019,0.32,
16,21,3,0,2017,0.8,
16,4,13,0,2027,1.28,
16,16,0,1,2036,1.92,
16,6,17,0,2031,0.96,
16,6,0,0,2048,0,
16,14,0,0,2048,1.12,
17,30,5,0,2019,1.28,
16,19,14,0,2028,0.8,
16,2,0,0,2048,1.92,
16,39,11,0,2007,0.96,
16,24,21,0,2035,1.44,
16,22,0,0,2048,1.12,
16,23,19,0,2012,1.44,
16,7,27,0,2041,2.24,
17,37,0,0,2048,2.4,
16,21,19,1,2046,1.12,
16,21,28,0,2024,0.48,
16,20,0,0,2048,1.12,
16,22,10,0,2015,1.92,
16,21,34,0,2030,0.8,
16,16,0,0,2048,0.8,
16,10,16,0,2006,1.76,
17,12,10,0,2010,1.44,
16,18,34,0,2039,0.96,
16,9,34,0,2016,0.48,
16,9,36,0,2018,0.8,
16,5,1,0,2036,1.44,
16,9,0,0,2048,1.76,
16,8,0,0,2048,0.64,
16,3,0,0,2048,0.64,
17,9,0,0,2048,0.64,
16,13,3,0,2017,0.48,
16,3,0,1,2023,0.96,
16,18,7,0,2021,1.28,
16,14,9,0,2023,1.12,
16,19,37,0,2037,1.28,
16,19,0,0,2048,0.96,
17,20,13,0,2035,0.64,
16,21,14,0,2018,1.12,
16,19,0,0,2048,1.28,
16,22,8,0,2008,0.8,
16,22,20,0,2024,1.76,
16,25,0,0,2048,1.44,
16,24,24,0,2005,1.6,
16,25,29,0,2027,1.44,
17,26,31,0,2039,0.96,
16,22,31,0,2046,0.48,
16,20,15,0,2023,1.76,
16,20,17,0,2044,1.44,
16,7,8,0,2022,1.6,
16,23,8,0,2010,1.12,
16,3,10,0,2012,1.28,
16,16,46,0,2014,0.48,
17,8,48,0,2016,0.48,
16,0,0,0,2048,0.96,
16,20,0,1,2031,1.28,
16,4,0,0,2048,0.48,
16,8,22,0,2024,2.08,
16,11,0,0,2048,1.28,
16,10,0,0,2048,0.96,
16,10,0,0,2048,0.32,
17,12,30,0,2032,0.8,
16,5,2,0,2016,1.44,
16,31,0,0,2048,0.96,
16,25,8,0,2013,0.48,
16,22,13,0,2019,0.64,
16,5,0,0,2048,1.12,
16,40,20,0,2014,1.76,
17,20,5,0,2026,1.28,
16,21,28,0,2047,1.6,
16,2,6,0,2017,1.12,
16,36,7,0,2013,1.76,
16,23,7,0,2022,1.28,
16,21,12,0,2012,0.8,
16,25,16,0,2016,1.44,
16,22,17,0,2005,1.6,
17,6,38,0,2035,1.6,
16,33,0,0,2048,1.6,
16,13,30,0,2039,0.64,
16,7,25,0,2038,0.48,
16,3,5,0,2038,0.96,
16,9,30,0,2026,0.8,
16,22,31,0,2019,0.64,
16,7,35,0,2035,0.64,
17,17,37,0,2037,0.48,
16,3,39,0,2035,0.64,
16,21,10,0,2024,0.64,
16,10,41,0,2029,0.48,
16,12,0,1,2016,1.6,
16,15,16,0,2030,0.96,
16,19,4,0,2016,0.8,
16,19,10,0,2024,1.28,
17,7,11,0,2025,1.76,
16,36,11,0,2023,0.48,
16,18,0,0,2048,0.16,
16,23,17,0,2031,0.96,
16,21,18,0,2029,0.48,
16,4,0,0,2048,0.64,
16,36,23,0,2037,0.64,
17,20,24,0,2036,1.12,
16,22,0,0,2048,1.44,
16,24,10,0,2013,2.24,
16,22,30,0,2043,1.44,
16,22,0,0,2048,0.8,
16,19,23,0,2001,1.76,
16,2,3,1,2044,1.6,
16,26,38,0,2036,1.76,
17,4,41,0,2029,1.44,
16,18,0,0,2048,1.44,
16,5,45,0,2033,1.76,
16,5,0,1,2031,1.6,
16,14,0,1,2036,0.32,
16,7,39,0,2018,1.28,
16,11,0,0,2048,0.96,
16,8,44,0,2022,1.28,
17,13,0,1,2028,0.96,
16,3,2,0,2016,1.76,
16,10,0,0,2024,0.96,
16,18,0,0,2048,1.6,
16,0,0,0,2048,0.96,
16,29,0,0,2048,0.48,
16,18,5,0,2017,0.64,
16,19,15,0,2027,1.12,
17,25,0,0,2048,1.44,
16,25,18,0,2031,0.96,
16,25,29,0,2047,1.76,
16,23,0,0,2048,1.44,
16,22,25,0,2037,1.12,
16,22,12,0,2017,1.28,
16,4,0,0,2048,1.44,
17,38,30,0,2036,1.28,
16,24,32,0,2032,1.12,
16,16,34,0,2030,1.76,
16,17,36,0,2042,1.12,
16,18,29,0,2043,1.12,
16,2,40,0,2028,0.96,
16,25,0,0,2025,0.8,
16,0,12,0,2040,1.28,
17,16,44,0,2034,0.96,
16,0,0,0,2048,0.96,
16,12,4,0,2018,0.8,
16,15,0,0,2048,0.8,
16,1,8,0,2022,1.28,
16,20,0,0,2048,1.28,
16,4,12,0,2026,1.28,
16,17,0,0,2022,0.32,
17,0,16,0,2031,1.12,
16,20,18,0,2033,0.48,
16,16,21,0,2035,0.64,
16,12,0,0,2048,0.96,
16,28,8,0,2027,1.28,
16,23,27,0,2041,0.8,
16,23,0,0,2048,1.76,
16,24,18,0,2003,1.92,
17,24,33,0,2047,1.76,
16,20,0,0,2048,1.44,
16,5,26,0,2020,1.28,
16,33,1,1,2036,2.08,
16,17,31,0,2031,1.44,
16,21,32,0,2027,1.28,
16,18,34,0,2040,1.28,
17,21,5,0,2013,1.76,
16,24,0,0,2048,1.6,
16,20,41,0,2035,0.48,
16,12,20,0,2010,0.32,
16,11,0,0,2048,1.44,
16,0,1,0,2036,0.64,
16,20,26,0,2017,0.96,
16,0,0,0,2048,0.64,
17,16,1,0,2027,0.8,
16,8,0,0,2048,0.8,
16,0,0,0,2048,0.8,
16,17,36,0,2030,0.8,
16,11,14,0,2028,1.28,
16,2,40,0,2034,1.12,
16,27,0,0,2048,0.48,
16,24,0,0,2048,1.6,
17,3,22,0,2036,0.64,
16,36,13,0,2019,0.8,
16,18,16,0,2031,0.96,
16,18,29,0,2043,1.28,
16,19,2,0,2015,1.28,
16,21,0,0,2048,1.44,
16,22,24,0,2022,0.96,
16,22,15,0,2015,1.12,
17,2,0,0,2048,1.28,
16,43,31,0,2031,1.44,
16,22,25,0,2013,1.28,
16,8,0,0,2048,1.44,
16,34,37,0,2037,1.76,
16,19,31,0,2019,0.48,
16,9,0,0,2048,0.48,
17,16,35,0,2023,0.32,
16,13,5,0,2040,1.12,
16,12,39,0,2027,0.48,
16,12,41,0,2033,0.64,
16,10,43,0,2009,1.44,
16,14,0,0,2048,1.12,
16,4,0,0,2027,0.64,
16,7,1,0,2024,1.92,
17,7,5,0,2034,0.64,
16,16,0,0,2048,1.6,
16,6,56,0,2022,1.12,
16,23,3,0,2017,1.92,
16,17,0,1,2017,2.24,
16,11,14,0,2029,0.96,
16,28,33,0,2041,1.28,
16,25,9,0,2007,1.28,
17,15,0,0,2048,0.96,
16,24,18,0,2028,0.64,
16,21,20,0,2016,0.48,
16,20,0,0,2048,0.32,
16,20,24,0,2034,0.16,
16,1,26,0,2022,1.12,
16,48,0,0,2048,0.48,
16,22,30,0,2040,0.8,
17,24,31,0,2030,1.28,
16,18,0,0,2048,1.92,
16,18,7,0,2037,0.8,
16,12,38,0,2036,0.96,
16,16,40,0,2028,1.28,
16,8,0,0,2041,0.64,
16,8,44,0,2032,0.64,
17,10,0,1,2038,0.32,
16,4,46,0,2020,0.8,
16,19,48,0,2022,0.96,
16,10,1,0,2033,0.96,
16,5,0,0,2048,1.6,
16,13,0,1,2015,0.8,
16,1,1,0,2026,0.8,
16,16,0,0,2023,0.96,
17,12,1,0,2019,1.44,
16,7,0,0,2048,1.12,
16,29,0,0,2048,1.28,
16,6,8,0,2020,0.48,
16,40,11,0,2024,0.8,
16,22,0,0,2048,0.96,
16,25,17,0,2022,0.8,
16,21,19,0,2029,1.12,
17,6,21,0,2018,1.44,
16,35,24,0,2024,0.8,
16,9,20,0,2004,0.96,
16,31,28,0,2024,1.92,
16,7,30,0,2030,1.28,
16,32,26,0,2010,1.12,
16,25,34,0,2030,1.28,
16,20,36,0,2036,1.6,
17,22,0,0,2048,1.6,
16,12,3,0,2013,1.28,
16,11,20,0,2041,1.28,
16,8,0,1,2038,0.8,
16,11,9,0,2038,1.44,
16,4,35,0,2013,0.96,
16,16,0,0,2032,1.76,
17,5,0,1,2031,0.64,
16,14,1,0,2024,0.8,
16,5,20,0,2028,0.48,
16,16,0,1,2023,0.96,
16,5,0,0,2016,1.28,
16,15,0,0,2048,0.96,
16,11,0,0,2048,1.12,
16,20,0,0,2048,0.64,
17,19,0,0,2048,1.28,
16,22,5,1,2022,0.8,
16,23,11,0,2025,0.96,
16,21,0,0,2048,0.64,
16,3,16,0,2006,1.92,
16,40,18,0,2030,1.12,
16,20,0,0,2048,0.64,
16,21,22,0,2012,1.92,
17,0,31,0,2047,0.96,
16,44,0,0,2048,1.6,
16,22,29,0,2043,1.76,
16,22,22,1,2008,1.28,
16,25,0,0,2048,1.28,
16,19,14,1,2036,1.44,
16,13,26,0,1994,1.76,
16,14,0,0,2048,1.28,
17,2,1,0,2041,1.44,
16,20,0,1,2035,1.44,
16,2,0,1,2036,0.8,
16,11,34,0,2035,0,
16,7,1,0,2028,0.8,
16,8,41,0,2009,0.8,
16,11,43,0,2011,1.12,
17,4,0,0,2048,0.8,
16,9,0,0,2048,1.28,
16,2,1,0,2025,0.8,
16,10,0,0,2048,0.32,
16,14,53,0,2021,1.28,
16,12,5,0,2019,1.76,
16,17,4,0,2018,0.32,
16,19,12,0,2026,1.44,
17,21,0,0,2048,1.12,
16,21,12,0,2012,0.64,
16,22,15,0,2029,0.64,
16,27,0,0,2048,1.12,
16,19,21,0,2015,0.8,
16,4,24,0,2032,0.64,
16,44,0,0,2048,0.64,
16,23,29,0,2019,1.12,
17,24,32,0,2046,1.28,
16,23,0,0,2048,0.8,
16,21,36,0,2030,1.12,
16,0,18,0,2015,1.44,
16,40,0,0,2048,2.4,
16,13,42,0,2036,2.4,
16,7,10,0,2010,0.64,
16,7,45,0,1999,0.96,
17,14,0,1,2037,0.96,
16,10,1,0,2034,0.96,
16,5,18,0,2018,0.48,
16,10,1,0,2029,0.8,
16,3,0,0,2048,1.6,
16,16,20,0,2024,0.8,
16,9,22,0,2026,1.12,
17,11,0,0,2048,0.8,
16,8,26,0,2030,0.64,
16,9,28,0,2032,0.8,
16,24,8,0,2022,0.96,
16,9,32,0,2036,0.64,
16,36,11,0,2017,0.8,
16,20,16,0,2026,1.44,
16,26,35,0,2042,1.28,
17,21,0,0,2048,0.96,
16,20,23,0,2019,1.76,
16,19,11,0,2047,1.44,
16,1,28,0,2026,1.28,
16,39,13,0,2009,0.96,
16,23,0,0,2048,1.6,
16,23,34,0,2032,0.96,
16,23,22,0,2012,2.08,
17,20,0,0,2048,1.28,
16,22,39,0,2025,0.96,
16,15,42,0,2036,1.44,
16,8,0,0,2048,1.28,
16,10,1,1,2038,0.64,
16,13,2,0,2037,0.8,
16,10,36,0,2022,0.96,
16,9,0,0,2048,1.28,
17,13,41,0,2031,0.8,
16,8,0,0,2048,0.64,
16,7,14,0,2026,0.8,
16,14,32,0,2035,1.92,
16,1,14,0,2035,0.96,
16,20,0,0,2048,0.64,
16,6,2,0,2014,0.96,
17,32,1,1,2024,1.6,
16,18,7,0,2017,1.44,
16,21,16,0,2026,1.44,
16,23,0,0,2048,0.64,
16,21,16,0,2022,1.76,
16,22,19,0,2001,1.44,
16,2,0,0,2048,1.12,
16,40,24,0,2026,0.48,
17,21,1,1,2027,1.28,
16,21,4,1,2015,0.48,
16,3,30,0,2022,2.4,
16,45,32,0,2038,0.48,
16,22,29,0,1997,1.28,
16,0,36,0,2028,1.28,
16,39,22,0,2043,0.96,
16,7,35,0,2003,0.64,
17,8,43,0,2023,0.8,
16,19,39,0,2007,0.64,
16,8,47,0,2027,0.48,
16,10,13,0,2036,0.8,
16,8,45,0,2013,0.64,
16,8,0,1,2025,1.6,
16,10,0,0,2030,1.28,
16,2,51,0,2019,0.96,
17,20,1,0,2019,0.64,
16,8,0,0,2048,1.12,
16,5,1,0,2019,1.44,
16,12,1,0,2015,1.12,
16,23,26,0,2024,0.48,
16,21,8,0,2016,0.8,
16,22,16,0,2030,0.96,
17,24,13,0,2021,2.4,
16,24,18,0,2016,0.8,
16,20,0,0,2048,1.6,
16,20,22,0,2024,0.96,
16,1,24,0,2022,2.24,
16,40,0,0,2048,1.28,
16,24,28,0,2030,1.28,
16,22,30,0,2028,1.12,
17,24,0,0,2048,1.28,
16,22,26,0,2004,0.96,
16,22,35,0,2035,0.96,
16,16,0,0,2048,0.32,
16,18,32,0,2010,1.92,
16,1,30,0,2040,0.8,
16,15,0,0,2048,0.64,
16,6,1,0,2035,0.8,
17,14,0,0,2019,1.12,
16,10,0,0,2048,1.12,
16,10,2,0,2016,0.96,
16,11,0,0,2048,0.8,
16,5,0,1,2023,0.96,
16,5,0,0,2048,0.96,
16,16,0,0,2048,1.12,
16,2,12,0,2026,0.96,
17,16,9,0,2029,0.64,
16,3,4,0,2018,1.6,
16,34,1,1,2017,1.6,
16,22,7,0,2011,1.12,
16,24,12,0,2018,1.44,
16,25,0,0,2048,1.6,
16,21,18,0,2012,1.6,
17,19,21,0,2027,1.12,
16,16,0,0,2048,0.48,
16,27,33,0,2047,1.92,
16,18,27,0,2033,1.44,
16,24,0,0,2048,1.92,
16,24,16,0,2016,0.32,
16,22,33,0,2039,1.6,
16,23,0,0,2048,1.44,
17,0,27,1,2035,1.12,
16,39,32,0,2016,1.12,
16,12,31,0,2040,0.48,
16,11,1,0,2024,0.64,
16,0,38,0,2022,0.8,
16,12,0,0,2018,0.64,
16,7,42,0,2026,1.12,
16,1,0,1,2017,0.8,
17,14,46,0,2030,1.12,
16,5,48,0,2010,0.96,
16,19,0,0,2048,0.96,
16,5,21,0,2032,1.44,
16,13,54,0,2016,1.28,
16,4,11,0,2025,0.96,
16,17,0,0,2048,0.96,
16,1,1,1,2019,1.28,
17,34,21,0,2035,1.28,
16,24,9,0,2011,1.92,
16,24,14,0,2020,1.6,
16,22,27,0,2041,0.48,
16,24,19,0,2015,1.12,
16,3,23,0,2023,1.6,
16,47,26,0,2047,0.8,
17,2,0,0,2048,1.92,
16,40,20,1,2045,0.96,
16,18,33,0,2033,1.76,
16,18,0,0,2048,1.44,
16,18,3,0,2023,2.24,
16,2,7,0,2015,1.44,
16,39,41,0,2029,0.8,
16,21,29,0,2039,1.44,
17,11,2,0,2037,2.24,
16,5,0,0,2048,1.12,
16,14,49,0,2023,1.28,
16,8,0,0,2048,0.96,
16,1,0,1,2018,1.76,
16,13,1,0,2016,1.12,
16,2,0,1,2016,0.64,
16,15,0,0,2048,1.6,
17,10,4,0,2018,1.44,
16,8,1,0,2022,0.8,
16,13,2,0,2016,0.48,
16,14,12,0,2027,1.6,
16,21,0,0,2048,1.12,
16,20,9,0,2013,1.76,
16,21,41,0,2031,1.44,
16,18,0,0,2048,0.8,
17,17,8,0,2008,0.8,
16,22,19,0,2019,0.48,
16,22,27,0,2041,1.44,
16,0,0,0,2048,1.44,
16,47,19,0,2005,1.76,
16,25,31,0,2047,1.12,
16,21,0,0,2048,1.6,
17,21,31,0,2038,1.28,
16,19,9,1,2029,0.8,
16,22,0,0,2048,1.44,
16,19,29,0,2043,0.8,
16,20,14,0,2003,0.8,
16,0,0,0,2048,1.6,
16,17,1,0,2028,1.44,
16,9,21,0,2009,1.12,
17,14,0,0,2048,0.64,
16,9,0,1,2018,0.8,
16,6,53,0,2024,1.44,
16,4,30,0,2020,1.44,
16,17,0,0,2023,0.8,
16,8,33,0,2021,0.48,
16,4,36,0,2026,0.96,
16,11,38,0,2028,0.96,
17,9,0,1,2019,1.76,
16,24,1,0,2017,0.8,
16,22,17,0,2031,0.8,
16,24,11,0,2013,1.28,
16,17,15,0,2021,0.64,
16,23,23,0,2037,1.28,
16,20,20,0,2016,1.44,
16,22,21,0,2027,0.8,
17,22,23,0,2019,1.76,
16,25,20,2,2000,0.64,
16,26,0,0,2048,2.56,
16,21,30,0,2024,1.28,
16,21,33,0,2003,0.96,
16,20,0,0,2048,0.8,
16,4,37,0,2031,0.8,
17,33,39,0,2005,0.8,
16,1,0,0,2048,1.92,
16,32,18,0,2004,0.8,
16,7,45,0,2011,1.28,
16,3,18,0,2037,1.12,
16,9,50,0,2016,0.96,
16,8,52,0,2018,0.48,
16,10,0,0,2048,0.96,
17,9,0,1,2032,0.48,
16,16,0,0,2048,0.96,
16,3,41,0,2023,0.48,
16,10,0,1,2024,1.44,
16,13,0,1,2021,0.64,
16,14,1,0,2015,1.12,
16,19,2,0,2015,0.96,
16,23,15,0,2029,1.12,
17,3,12,0,2016,1.28,
16,43,16,0,2012,1.6,
16,20,0,0,2048,0.8,
16,20,19,0,2022,1.92,
16,20,22,0,2018,0.96,
16,24,0,0,2048,1.76,
16,25,26,0,2028,0.96,
16,2,28,0,2024,0.48,
17,42,0,0,2048,0.96,
16,21,32,0,2002,0.8,
16,22,35,0,2029,1.6,
16,9,0,0,2048,0.8,
16,28,38,0,2008,1.12,
16,4,11,0,2007,0.8,
16,25,42,0,2016,1.12,
17,8,19,0,2039,0.16,
16,6,17,0,2013,0.96,
16,14,19,0,2015,1.28,
16,1,0,1,2028,1.76,
16,18,9,0,2023,1.28,
16,1,25,0,2021,1.44,
16,15,13,0,2027,1.12,
16,7,0,1,2018,0.96,
17,14,17,0,2031,1.12,
16,6,1,0,2017,1.6,
16,22,0,0,2048,1.44,
16,19,23,0,2037,1.28,
16,1,9,0,2019,1.92,
16,44,0,0,2048,1.12,
16,9,29,0,2043,0.8,
16,33,18,0,2022,1.44,
17,17,20,0,2017,0.96,
16,25,22,0,2024,0.96,
16,10,8,0,2008,0.96,
16,35,27,0,2023,0.96,
16,22,28,0,2030,1.44,
16,22,24,0,2005,0.96,
16,2,33,0,2029,0.8,
16,42,34,0,2036,1.28,
17,19,0,0,2048,0.8,
16,19,3,0,2043,0.64,
16,0,36,0,2040,0.64,
16,24,15,0,2041,1.12,
16,7,31,0,2037,0.64,
16,10,10,0,2037,1.6,
16,12,0,0,2033,0.8,
17,12,48,0,2012,1.6,
16,8,1,0,2029,0.96,
16,9,1,0,2027,1.28,
16,4,8,0,2022,1.92,
16,15,1,0,2018,1.12,
16,8,0,0,2048,1.6,
16,12,0,0,2048,1.12,
16,0,4,0,2014,0.8,
17,34,6,0,2016,0.96,
16,5,0,0,2048,0.64,
16,39,22,0,2037,1.12,
16,22,15,0,2019,1.76,
16,24,0,0,2048,1.12,
16,20,29,0,2043,1.28,
16,20,21,0,2025,0.8,
16,1,0,0,2048,2.56,
17,41,24,0,2032,0.8,
16,7,27,0,2033,0.48,
16,36,0,0,2048,1.76,
16,24,30,0,2038,1.76,
16,9,33,0,2039,1.28,
16,35,0,0,2048,1.6,
16,22,33,0,2044,0.8,
16,1,22,0,2043,1.76,
17,24,0,0,2048,0.48,
16,4,0,1,2033,0.96,
16,9,0,0,2023,0.96,
16,5,0,0,2048,1.44,
16,8,0,0,2048,1.6,
16,10,0,0,2048,1.44,
16,3,0,0,2048,1.28,
17,11,0,1,2029,0.96,
16,4,0,1,2024,1.12,
16,15,0,1,2023,1.28,
16,8,0,0,2048,1.6,
16,5,0,0,2048,0.64,
16,19,0,1,2015,0.8,
16,18,0,0,2048,2.08,
16,18,7,0,2021,1.12,
17,23,11,0,2016,1.12,
16,23,13,0,2021,1.76,
16,25,24,0,2038,1.12,
16,17,21,0,2019,1.44,
16,34,24,0,2022,1.28,
16,24,30,0,2044,1.76,
16,22,30,0,2022,1.6,
16,0,32,0,2026,1.12,
17,40,33,0,2033,0.32,
16,9,0,0,2048,1.6,
16,33,38,0,2014,0.8,
16,18,39,0,2039,0.8,
16,19,0,0,2048,1.12,
16,15,44,0,2020,1.12,
16,9,5,0,2034,0.16,
16,10,25,0,2007,1.44,
17,4,0,1,2027,0.64,
16,9,1,0,2030,1.12,
16,6,11,0,2019,1.12,
16,9,4,0,2018,1.28,
16,6,1,0,2023,0.96,
16,5,3,0,2015,1.28,
16,22,0,0,2048,1.28,
17,5,0,0,2048,1.44,
16,22,44,0,2033,0.64,
16,2,46,0,2028,1.12,
16,40,10,0,2016,1.44,
16,21,14,0,2018,1.92,
16,19,34,0,2031,1.92,
16,23,18,0,2020,1.28,
16,16,20,0,2024,1.12,
17,27,23,0,2036,1.6,
16,21,0,0,2048,1.44,
16,22,26,0,2022,1.28,
16,23,30,0,2042,1.28,
16,21,0,0,2048,2.56,
16,20,32,0,2028,2.08,
16,3,12,0,2046,1.44,
16,37,0,0,2048,1.6,
17,18,30,0,2002,0.96,
16,17,32,0,2004,1.28,
16,7,0,0,2048,0.96,
16,13,39,0,2027,1.44,
16,13,41,0,2030,0.8,
16,5,8,0,2020,0.8,
16,20,0,0,2048,1.6,
16,8,36,0,2034,0.8,
17,11,28,0,2024,0.8,
16,5,3,0,2034,1.6,
16,15,32,0,2028,0.96,
16,16,0,1,2030,0.64,
16,15,0,1,2025,1.92,
16,17,0,0,2048,1.12,
16,19,28,0,2026,0.8,
17,23,11,0,2011,0.32,
16,20,0,0,2048,1.28,
16,22,32,0,2044,0.8,
16,20,18,0,2017,1.44,
16,5,0,0,2048,1.28,
16,35,2,1,2037,1.28,
16,20,25,0,2023,1.6,
16,0,26,0,2012,1.44,
17,40,29,0,2027,2.24,
16,26,0,0,2048,1.12,
16,24,20,0,2004,1.44,
16,21,35,0,2033,1.28,
16,18,0,0,2048,1.44,
16,7,27,0,2011,0.64,
16,23,38,0,2039,0.8,
16,11,31,0,2029,0.8,
17,5,0,0,2048,0.64,
16,17,0,0,2048,0.8,
16,0,4,0,2019,1.28,
16,20,39,0,2037,1.6,
16,0,0,1,2028,0.48,
16,18,26,0,2039,0.96,
16,1,0,0,2048,2.08,
16,19,0,0,2022,0.96,
17,12,0,1,2019,1.76,
16,10,0,0,2048,1.28,
16,0,1,1,2024,0.48,
16,32,5,0,2017,0.8,
16,20,7,0,2017,0.48,
16,22,5,0,2017,1.12,
16,0,0,0,2048,1.76,
17,45,16,0,2008,2.4,
16,24,16,0,2027,0.64,
16,20,0,0,2048,0.32,
16,21,22,0,2014,0.64,
16,22,23,0,2033,0.16,
16,0,0,0,2048,1.44,
16,44,28,0,2020,0.8,
16,23,29,0,2039,2.4,
17,22,31,0,2005,1.28,
16,15,34,0,2042,1.44,
16,21,36,0,1998,0.48,
16,0,0,0,2048,0.48,
16,24,0,1,2042,0.16,
16,13,42,0,2004,1.12,
16,3,0,0,2048,1.6,
16,7,0,0,2048,1.12,
17,16,1,0,2029,1.28,
16,8,0,0,2048,0.64,
16,13,0,0,2024,0.8,
16,1,0,0,2048,0.96,
16,15,37,0,2027,1.28,
16,11,0,0,2048,1.44,
16,0,1,0,2019,0.32,
16,18,1,0,2016,1.12,
17,2,2,0,2016,0.64,
16,31,9,0,2023,0.64,
16,3,7,0,2009,1.28,
16,42,12,0,2012,1.92,
16,23,15,0,2029,1.76,
16,0,16,0,2012,1.92,
16,40,19,0,2017,0.96,
17,20,20,0,2024,0.48,
16,18,0,0,2048,1.12,
16,25,25,0,2029,1.12,
16,22,26,0,2031,2.24,
16,2,0,0,2048,1.28,
16,47,31,0,2036,0.96,
16,25,33,0,2037,0.32,
16,21,0,0,2048,1.12,
17,10,12,0,2039,0.96,
16,22,39,0,2040,1.28,
16,8,0,0,2048,0.96,
16,6,0,0,2048,0.96,
16,12,0,0,2048,0.96,
16,2,0,0,2048,0.32,
16,12,0,0,2048,0.64,
16,7,3,0,2017,0.96,
17,7,1,0,2029,1.92,
16,10,7,0,2021,0.8,
16,11,16,0,2030,1.12,
16,2,0,0,2048,0.96,
16,11,13,0,2027,1.12,
16,9,0,0,2048,0.96,
16,9,1,1,2014,0.8,
16,27,0,0,2048,1.44,
17,19,6,0,2019,1.12,
16,23,9,0,2019,0.64,
16,25,32,0,2046,1.28,
16,22,17,0,2021,0.8,
16,1,19,0,2021,1.28,
16,43,18,1,2014,1.28,
16,23,24,0,2026,1.28,
17,21,26,0,2032,1.6,
16,19,28,0,2028,0.8,
16,27,0,0,2048,1.28,
16,21,32,0,2038,1.28,
16,21,34,0,2034,0.64,
16,21,0,0,2048,0.16,
16,20,24,0,2043,0.64,
16,14,36,0,2040,0.96,
17,3,0,0,2048,0.8,
16,18,0,0,2048,1.28,
16,6,2,0,2017,0.64,
16,6,5,0,2019,1.12,
16,11,0,1,2029,0.64,
16,3,0,0,2028,0.8,
16,19,0,0,2048,0.8,
16,10,13,0,2027,0.8,
17,9,0,0,2048,0.64,
16,3,17,0,2031,0.48,
16,10,1,0,2016,1.12,
16,5,35,0,2029,0.8,
16,21,42,0,2025,1.76,
16,22,6,0,2020,0.8,
16,8,0,0,2048,1.12,
16,40,10,0,2009,1.6,
17,6,32,0,2037,0.16,
16,40,0,0,2048,0.96,
16,15,4,2,2042,1.28,
16,25,5,0,2014,1.12,
16,21,0,0,2048,1.12,
16,21,9,1,2009,1.28,
16,21,16,0,2009,0.96,
17,23,30,0,2034,0.8,
16,22,32,0,2028,0.96,
16,23,35,0,2041,1.6,
16,24,37,0,2041,0.64,
16,16,38,0,2034,0.96,
16,7,11,1,2029,0.96,
16,16,4,1,2034,1.28,
16,0,45,0,2031,1.6,
17,17,0,1,2023,1.92,
16,2,0,1,2021,1.76,
16,10,0,1,2019,0.8,
16,3,0,1,2021,0.8,
16,12,1,0,2030,0.32,
16,3,42,0,2029,1.44,
16,9,0,0,2048,0.96,
16,8,56,0,2012,1.28,
17,15,0,1,2021,0.96,
16,11,0,0,2048,0.8,
16,11,8,0,2022,0.8,
16,22,0,0,2048,1.44,
16,23,40,0,2018,0.96,
16,24,16,0,2030,0.8,
16,1,0,0,2048,1.12,
16,44,17,0,2000,2.24,
17,24,26,0,2040,0.96,
16,21,0,0,2048,0.96,
16,27,30,0,2020,1.44,
16,25,33,0,2045,0.96,
16,23,0,0,2048,1.12,
16,22,37,0,2025,0.48,
16,19,9,0,2027,1.44,
17,17,0,0,2048,1.44,
16,14,43,0,2025,0.8,
16,19,46,0,2028,1.6,
16,6,0,0,2048,1.44,
16,16,0,0,2048,0.96,
16,10,13,0,2019,0.48,
16,7,20,0,2031,0.64,
16,14,0,0,2048,1.12,
17,1,14,0,2016,1.12,
16,14,38,0,2023,0.64,
16,9,22,0,2030,0.16,
16,7,0,0,2048,0.8,
16,18,0,1,2016,0.96,
16,18,0,0,2048,1.12,
16,21,8,0,2012,0.48,
16,28,12,0,2012,1.6,
17,25,30,0,2033,1.28,
16,4,20,0,2014,0.96,
16,22,1,0,2043,0.96,
16,39,26,0,2014,1.76,
16,18,21,0,2043,0.32,
16,18,1,0,2041,1.92,
16,2,0,0,2048,0.8,
16,32,34,0,2022,0.64,
17,18,1,1,2027,1.6,
16,10,38,0,2030,0.96,
16,38,10,0,2024,0.16,
16,21,16,0,2004,0.64,
16,17,42,0,2036,0.8,
16,12,24,0,2022,0.96,
16,9,26,0,2008,0.32,
17,0,27,0,2024,1.44,
16,16,0,0,2048,1.28,
16,7,0,0,2048,1.44,
16,3,0,0,2031,1.44,
16,16,0,0,2029,1.28,
16,14,0,1,2022,1.12,
16,1,0,0,2048,1.12,
16,20,0,0,2048,0.96,
17,25,4,0,2014,0.96,
16,19,8,0,2014,2.08,
16,1,11,0,2015,0.8,
16,35,25,0,2033,0.64,
16,6,4,0,2033,0.64,
16,28,19,0,2019,0.64,
16,18,19,0,2023,1.44,
16,25,23,0,2023,0.64,
17,0,13,0,2005,0.64,
16,48,26,0,2030,0.48,
16,25,25,0,2015,0.8,
16,25,30,0,2000,1.12,
16,6,33,0,2035,1.12,
16,36,34,0,2018,0.64,
16,17,37,0,2005,1.44,
16,0,39,0,2040,0.96,
17,25,42,0,2018,2.08,
16,1,43,0,2027,0.96,
16,11,45,0,2013,0.96,
16,10,1,0,2036,1.28,
16,16,0,0,2048,0.64,
16,0,52,0,2020,0.64,
16,19,0,0,2027,1.28,
17,8,0,0,2048,1.44,
16,4,46,0,2024,1.76,
16,14,35,0,2024,0.8,
16,4,5,0,2021,0.64,
16,8,7,0,2023,0.96,
16,30,4,0,2018,0.64,
16,20,5,0,2013,0.64,
16,25,0,0,2048,1.44,
17,26,15,0,2031,1.12,
16,26,19,0,2013,1.44,
16,24,0,0,2048,1.44,
16,25,26,0,2032,2.08,
16,22,28,0,2016,1.28,
16,19,0,0,2048,1.76,
16,18,32,0,2030,0.8,
16,17,34,0,2024,0.8,
17,20,0,0,2048,1.28,
16,19,38,0,2028,1.28,
16,22,40,0,2024,1.28,
16,17,25,0,2039,2.4,
16,14,44,0,2034,2.24,
16,13,47,0,2031,1.28,
16,6,0,1,2028,1.28,
16,8,0,0,2048,0.96,
17,10,22,0,2032,1.76,
16,8,0,1,2019,0.96,
16,8,15,0,2021,0.96,
16,11,17,0,2023,0.64,
16,13,0,1,2024,0.8,
16,0,1,0,2015,0.96,
16,31,1,0,2017,0.8,
17,19,0,0,2048,0.96,
16,20,27,0,2033,2.56,
16,22,13,0,2011,0.96,
16,20,0,0,2048,0.96,
16,18,33,0,2039,0.96,
16,16,19,0,2017,0.96,
16,24,21,0,2019,1.28,
16,19,0,0,2048,0.32,
17,24,25,0,2031,0.64,
16,22,28,0,2043,1.12,
16,22,0,0,2048,1.44,
16,24,31,0,2037,0.8,
16,22,16,2,2040,1.28,
16,20,0,0,2048,0.96,
16,17,31,0,2043,1.12,
16,16,30,0,2004,1.12,
17,9,0,1,2027,1.92,
16,6,0,1,2023,0.16,
16,12,0,0,2048,0.96,
16,8,38,0,2012,0.64,
16,17,0,1,2032,0.8,
16,14,0,1,2029,1.76,
16,6,1,0,2027,1.6,
16,15,0,0,2048,0.48,
17,8,0,0,2019,1.76,
16,10,51,0,2025,1.76,
16,12,51,0,2027,1.28,
16,16,0,0,2048,1.28,
16,16,6,0,2020,1.12,
16,4,24,0,2038,0.64,
16,32,26,0,2040,0.96,
17,23,12,0,2026,0.64,
16,25,25,0,2039,1.6,
16,26,18,0,2028,1.28,
16,22,21,0,2029,1.28,
16,19,31,0,2045,1.28,
16,18,25,0,2033,1.12,
16,22,27,0,2035,1.12,
16,19,0,0,2048,1.12,
17,19,31,0,2044,0.96,
16,15,7,0,2015,1.44,
16,28,0,0,2048,0.16,
16,18,8,2,2033,0.48,
16,12,15,0,2020,1.28,
16,6,42,0,2028,1.76,
16,24,1,0,2021,0.48,
16,4,0,0,2048,0.96,
17,10,1,0,2015,0.64,
16,8,0,1,2025,1.44,
16,12,8,0,2033,1.28,
16,2,1,0,2031,1.28,
16,12,32,0,2036,0.64,
16,14,0,0,2048,0.96,
16,8,0,0,2048,0.8,
16,21,0,0,2048,0.64,
17,14,10,0,2024,0.64,
16,19,10,0,2024,1.12,
16,19,0,1,2038,1.92,
16,19,13,0,2027,1.76,
16,17,13,0,2027,1.76,
16,21,18,0,2032,1.28,
16,23,1,0,2021,1.28,
17,7,0,0,2048,2.4,
16,41,17,1,2008,1.44,
16,24,24,0,2038,0.96,
16,22,0,0,2048,0.64,
16,13,26,0,2014,0.8,
16,29,30,0,2044,0.8,
16,20,0,0,2048,1.92,
16,10,33,0,2019,0.8,
17,23,0,0,2048,1.44,
16,3,0,1,2041,1.76,
16,20,29,0,2005,1.44,
16,11,0,0,2048,1.76,
16,11,33,0,2009,1.92,
16,12,0,0,2048,1.28,
16,9,0,1,2018,1.12,
16,9,0,0,2030,0.32,
17,1,0,0,2027,1.28,
16,13,18,0,2030,1.28,
16,14,7,0,2021,2.08,
16,5,0,0,2048,0.8,
16,15,1,0,2025,1.44,
16,11,0,0,2022,1.12,
16,0,3,0,2017,1.12,
16,32,4,0,2014,1.12,
17,21,26,0,2040,0.8,
16,22,9,0,2013,1.44,
16,9,8,2,2042,1.44,
16,36,32,0,2046,1.28,
16,21,18,0,2018,1.76,
16,20,9,0,2011,1.12,
16,23,9,1,2024,0.64,
17,21,30,0,2044,0.48,
16,22,0,0,2048,0.64,
16,13,28,0,2030,1.92,
16,29,8,1,2035,1.12,
16,8,0,0,2048,0.8,
16,34,34,0,2036,1.76,
16,19,14,1,2001,1.12,
16,15,0,0,2048,1.6,
17,7,33,0,2021,0.8,
16,17,22,0,2012,0.64,
16,5,2,0,2040,0.64,
16,14,0,0,2048,0.32,
16,0,41,0,2029,0.48,
16,17,1,0,2034,0.64,
16,10,32,0,2022,0.64,
16,3,37,0,2034,1.6,
17,15,0,1,2027,1.6,
16,1,41,0,2034,1.12,
16,18,32,0,2034,1.28,
16,6,0,0,2048,1.28,
16,17,0,0,2033,1.28,
16,17,3,0,2017,0.8,
16,18,0,0,2048,0.64,
16,19,2,1,2013,1.28,
17,5,15,0,2032,1.12,
16,35,0,0,2048,1.44,
16,22,16,0,2024,1.28,
16,24,16,0,2002,0.96,
16,27,0,0,2048,1.44,
16,1,25,0,2027,1.12,
16,45,27,0,2003,1.28,
17,21,0,0,2048,2.08,
16,22,26,0,2002,2.08,
16,15,32,0,2016,1.76,
16,21,0,0,2048,0.96,
16,22,19,0,2003,0.16,
16,17,38,0,2022,0.96,
16,4,0,0,2048,0.64,
16,17,35,0,2038,1.12,
17,12,0,1,2031,0.48,
16,12,0,0,2048,0.96,
16,0,0,0,2032,0.96,
16,19,0,1,2034,1.28,
16,3,0,0,2048,1.28,
16,12,31,0,2028,0.16,
16,4,0,0,2048,0.48,
16,18,41,0,2026,1.6,
17,11,0,0,2048,1.76,
16,10,1,2,2015,0.8,
16,15,0,1,2017,2.08,
16,23,5,0,2015,0.8,
16,1,9,0,2015,1.44,
16,43,12,0,2013,0.8,
16,20,16,0,2016,1.44,
16,19,17,0,2021,1.6,
17,21,0,0,2048,1.12,
16,20,21,0,2029,0.8,
16,21,23,0,2023,0.8,
16,9,0,0,2048,0.64,
16,35,28,0,2036,0.32,
16,17,29,0,2029,1.6,
16,26,0,0,2048,1.28,
17,22,29,0,2021,1.76,
16,20,35,0,2035,1.44,
16,0,0,0,2048,1.44,
16,35,35,0,2027,1.12,
16,11,32,0,2040,1.28,
16,1,0,0,2048,0.64,
16,22,41,0,2033,1.28,
16,12,0,0,2048,0.96,
17,11,36,0,2036,0.48,
16,11,13,0,2019,0.96,
16,16,1,0,2035,1.44,
16,2,8,0,2022,1.12,
16,17,10,0,2024,0.96,
16,10,0,0,2048,1.28,
16,1,0,1,2024,1.28,
16,22,0,0,2048,0.96,
17,16,0,0,2048,1.6,
16,19,5,0,2019,1.12,
16,20,0,0,2048,1.12,
16,23,25,0,2039,0.32,
16,13,13,0,2027,0.32,
16,29,0,0,2048,2.4,
16,20,31,0,2045,1.12,
16,20,19,0,2033,0.48,
17,2,0,0,2048,1.92,
16,39,23,0,2029,0.48,
16,22,25,0,2037,0.96,
16,22,0,0,2048,1.44,
16,23,29,0,2035,1.6,
16,25,31,0,2043,1.6,
16,20,0,0,2048,1.6,
17,0,32,0,2006,0.96,
16,32,33,0,1999,0.16,
16,1,18,0,2043,1.28,
16,20,38,0,2013,1.44,
16,3,40,0,2006,0.48,
16,6,1,0,2037,1.92,
16,13,1,0,2035,0.8,
16,6,0,0,2033,1.12,
17,0,49,0,2023,1.12,
16,10,0,1,2016,0.96,
16,12,1,0,2025,1.12,
16,5,7,0,2032,0.48,
16,13,0,0,2048,1.12,
16,0,0,0,2027,1.12,
16,16,4,0,2018,1.6,
16,0,1,0,2021,0.48,
17,26,8,0,2022,1.12,
16,22,0,0,2048,0.64,
16,23,9,0,2013,1.76,
16,23,12,0,2015,1.12,
16,27,0,0,2048,1.44,
16,24,21,0,2013,1.28,
16,25,25,0,2015,1.44,
16,25,0,0,2048,1.44,
17,23,10,1,2040,1.12,
16,22,33,0,2027,0.96,
16,19,8,0,2036,0.8,
16,9,3,1,2016,1.28,
16,28,0,0,2048,0.8,
16,18,1,1,2021,0.8,
16,7,0,0,2048,0.32,
17,30,46,0,2030,0.8,
16,4,44,0,2033,1.44,
16,16,0,0,2048,1.76,
16,4,0,0,2048,1.44,
16,7,4,0,2033,1.44,
16,12,22,0,2020,0.64,
16,6,23,0,2031,0.96,
16,13,1,0,2026,1.12,
17,4,0,0,2048,0.8,
16,15,29,0,2037,0.48,
16,2,9,0,2023,0.64,
16,29,34,0,2032,0.96,
16,23,6,0,2012,1.12,
16,25,40,0,2034,0.96,
16,1,0,0,2048,0.96,
16,40,15,0,2015,1.76,
17,8,35,0,2037,0.96,
16,12,0,0,2048,1.12,
16,37,14,0,2006,1.44,
16,13,0,0,2048,1.12,
16,25,27,0,2026,0.64,
16,22,30,0,2026,0.64,
16,20,0,0,2048,1.12,
16,23,33,0,2032,1.12,
17,22,10,1,2025,1.28,
16,20,17,0,2019,1.6,
16,20,30,0,2022,1.12,
16,0,20,0,1998,0.64,
16,26,25,0,2023,1.12,
16,7,27,0,2026,0.64,
16,12,0,1,2035,2.24,
17,16,40,0,2033,0.48,
16,2,0,0,2048,2.08,
16,12,33,0,2011,1.28,
16,20,27,0,2036,1.44,
16,10,40,0,2038,0.8,
16,3,39,0,2017,0.96,
16,21,20,0,2039,1.44,
16,15,10,0,2020,0.96,
17,20,1,0,2017,0.96,
16,17,0,0,2048,0.96,
16,15,0,1,2019,0.8,
16,12,8,0,2018,0.96,
16,29,39,0,2029,1.44,
16,21,11,0,2013,1.28,
16,21,14,0,2024,1.44,
16,23,9,0,2011,1.44,
17,21,22,0,2032,1.12,
16,23,21,0,2019,1.28,
16,21,0,0,2048,1.12,
16,11,28,0,2038,1.12,
16,35,28,0,2024,1.12,
16,17,0,0,2048,0.8,
16,8,34,0,2045,2.08,
16,26,34,0,2030,1.44,
17,12,36,0,2014,0.8,
16,9,19,0,2043,1.44,
16,15,40,0,2018,0.8,
16,12,0,0,2048,1.44,
16,6,20,0,2038,1.12,
16,15,1,0,2037,1.12,
16,6,1,0,2030,0.32,
17,7,0,1,2032,0.48,
16,11,19,0,2031,0.64,
16,5,1,0,2023,0.48,
16,15,23,0,2035,1.28,
16,7,0,0,2048,1.6,
16,12,6,0,2021,1.28,
16,21,1,0,2017,1.28,
16,10,4,0,2016,0.8,
17,30,7,0,2015,2.08,
16,23,0,0,2048,0.64,
16,21,15,0,2029,0.64,
16,24,17,0,2017,2.08,
16,20,0,0,2048,1.44,
16,7,21,0,2036,0.8,
16,35,23,0,2023,0.8,
16,23,0,0,2048,1.76,
17,24,25,0,2003,1.92,
16,16,29,0,2029,0.96,
16,29,0,0,2048,0.48,
16,3,32,0,2008,0.64,
16,33,36,0,2035,0.64,
16,10,0,0,2048,0.8,
16,20,0,1,2043,0.48,
16,12,0,0,2048,1.44,
17,5,0,0,2048,0.96,
16,3,2,0,2016,1.44,
16,13,1,0,2035,0.96,
16,9,1,0,2033,0.8,
16,8,0,0,2031,1.12,
16,11,1,0,2029,1.28,
16,9,0,1,2027,1.28,
17,11,15,0,2029,1.28,
16,8,0,1,2021,1.44,
16,12,19,0,2033,0.64,
16,0,2,0,2020,1.28,
16,28,0,0,2048,0.8,
16,22,16,0,2030,1.44,
16,0,10,0,2016,1.76,
16,45,0,0,2048,1.76,
17,23,16,0,2016,0.96,
16,22,18,0,2020,0.96,
16,10,0,0,2048,1.12,
16,21,23,0,2021,0.32,
16,35,24,0,2026,0.32,
16,23,0,0,2048,0.64,
16,22,29,0,2027,1.76,
16,21,30,0,2032,1.12,
17,2,0,0,2048,0.8,
16,37,31,0,1999,2.08,
16,18,3,0,2013,1.76,
16,13,0,0,2048,1.92,
16,19,37,0,2005,1.44,
16,0,14,0,2015,1.12,
16,19,0,0,2048,0.48,
16,0,0,0,2048,1.12,
17,20,0,0,2032,0.48,
16,5,23,0,2023,0.48,
16,14,49,0,2017,0.48,
16,8,27,0,2027,1.76,
16,8,0,1,2023,0.16,
16,13,1,0,2021,1.44,
16,4,0,0,2048,0.96,
17,11,0,1,2016,0.8,
16,15,0,0,2048,1.92,
16,20,2,0,2021,1.12,
16,21,31,0,2040,1.44,
16,6,0,0,2048,1.12,
16,31,14,0,2010,1.12,
16,14,2,1,2022,1.44,
16,29,0,0,2048,1.12,
17,20,3,1,2032,1.6,
16,23,23,0,2025,0.48,
16,24,28,0,2042,1.12,
16,24,19,0,1999,1.44,
16,24,29,0,2031,0.64,
16,23,22,1,2037,1.76,
16,23,32,0,1998,0.32,
16,22,35,0,2037,0.64,
17,21,36,0,2014,0.48,
16,13,24,0,2043,0.96,
16,11,0,0,2048,0.96,
16,1,42,0,2022,1.44,
16,17,0,0,2033,1.44,
16,4,0,0,2048,1.28,
16,13,0,0,2048,1.76,
16,7,38,0,2002,0.96,
17,3,1,0,2023,1.28,
16,3,1,0,2021,0.96,
16,2,1,0,2019,1.28,
16,6,0,0,2048,0.8,
16,7,0,1,2022,1.76,
16,7,0,0,2048,0.8,
16,9,0,0,2048,0.96,
17,21,0,0,2048,2.4,
16,2,0,0,2048,1.44,
16,40,8,0,2012,1.28,
16,17,13,0,2025,1.12,
16,29,0,0,2048,1.44,
16,22,19,0,2013,1.44,
16,23,21,0,2029,0.64,
16,25,0,0,2048,1.44,
17,25,28,0,2036,1.12,
16,25,31,0,2032,0.48,
16,25,0,0,2048,0.96,
16,23,39,0,2037,1.44,
16,22,40,0,2036,1.12,
16,21,0,0,2048,0.96,
16,2,20,0,2025,1.28,
16,27,16,0,2033,1.44,
17,10,0,0,2048,0.8,
16,4,15,0,2035,1.12,
16,7,4,0,2015,0.64,
16,4,0,0,2019,0.64,
16,8,8,0,2018,1.12,
16,3,1,0,2026,0.96,
16,14,0,1,2023,0.48,
16,9,0,1,2021,1.92,
17,21,0,1,2016,0.96,
16,13,0,0,2048,1.6,
16,4,6,0,2021,1.12,
16,36,9,0,2013,0.96,
16,23,0,0,2048,1.28,
16,25,16,0,2024,0.8,
16,27,21,0,2013,1.44,
17,24,23,0,2007,0.64,
16,22,28,0,2020,1.28,
16,22,31,0,2017,0.8,
16,20,33,0,2009,0.64,
16,21,35,0,2025,1.76,
16,20,37,0,2023,1.12,
16,0,39,0,2015,1.28,
16,35,41,0,2031,1.28,
17,19,43,0,2027,0.8,
16,16,1,1,2028,0.96,
16,13,1,0,2019,1.6,
16,7,50,0,2026,1.28,
16,0,1,1,2028,1.28,
16,17,22,0,2020,1.6,
16,8,0,0,2022,1.6,
16,18,0,0,2019,1.6,
17,1,11,0,2025,1.44,
16,24,13,0,2027,1.44,
16,15,0,1,2018,1.6,
16,14,17,0,2031,0.64,
16,25,0,0,2048,1.6,
16,23,11,0,2013,1.28,
16,23,24,0,2038,1.28,
16,10,0,0,2048,1.12,
17,30,9,1,2032,2.08,
16,19,30,0,2040,1.6,
16,1,0,0,2048,1.6,
16,47,18,0,1998,1.76,
16,17,19,0,2045,1.92,
16,20,0,0,2048,1.44,
16,11,33,0,2029,1.44,
17,24,6,0,2047,1.28,
16,16,36,0,2030,1.12,
16,17,39,0,2035,0.96,
16,9,40,0,2038,0.64,
16,19,0,0,2048,1.76,
16,6,38,0,2016,1.12,
16,21,0,0,2048,0.96,
16,5,14,0,2026,0.96,
17,20,0,1,2031,0.96,
16,5,0,0,2048,1.44,
16,21,5,0,2020,1.28,
16,15,0,0,2048,0.16,
16,12,0,0,2048,0.32,
16,2,0,0,2048,1.12,
16,27,2,0,2015,1.76,
16,20,31,0,2043,0.64,
17,21,0,0,2048,0.8,
16,0,12,0,2008,1.6,
16,46,30,0,2046,1.12,
16,19,0,0,2048,1.44,
16,10,19,0,2013,1.6,
16,27,2,0,2027,0.64,
16,14,0,0,2048,2.08,
16,23,0,0,2048,1.44,
17,18,27,0,2021,1.12,
16,20,1,1,2020,0.96,
16,20,32,0,2040,1.44,
16,24,0,0,2048,2.08,
16,24,11,0,2013,0.8,
16,14,20,0,2044,1.28,
16,17,0,0,2048,2.56,
17,13,22,0,2005,0.64,
16,13,0,0,2048,0.96,
16,11,27,0,2009,0.32,
16,14,29,0,2011,0.96,
16,7,0,1,2017,1.28,
16,11,0,0,2048,1.6,
16,15,3,0,2017,1.6,
16,10,0,0,2048,0.96,
17,14,0,0,2048,0.96,
16,1,0,1,2021,0.96,
16,16,0,0,2048,0.96,
16,18,0,0,2048,0.48,
16,15,27,0,2036,0.8,
16,17,5,0,2017,1.12,
16,14,0,0,2033,1.28,
16,15,1,0,2028,0.8,
17,15,11,0,2023,0.8,
16,21,0,0,2048,1.44,
16,22,5,1,2012,1.76,
16,26,30,0,2044,1.12,
16,24,0,0,2048,1.44,
16,23,22,0,2008,1.44,
16,3,11,1,2031,1.12,
16,42,0,0,2048,1.28,
17,20,28,0,2012,1.28,
16,19,3,0,2032,1.44,
16,19,1,1,2034,1.92,
16,8,0,1,2017,0.8,
16,19,19,0,2009,1.12,
16,14,0,0,2048,0.32,
16,14,0,0,2048,0.64,
17,13,0,0,2048,1.12,
16,13,10,0,2024,1.12,
16,3,0,0,2048,1.6,
16,14,0,0,2048,0.96,
16,3,33,0,2023,1.76,
16,9,0,0,2048,1.12,
16,2,14,0,2028,0.8,
16,16,1,0,2015,0.48,
17,14,18,0,2032,1.12,
16,6,5,0,2019,1.12,
16,25,1,0,2020,1.12,
16,16,1,1,2014,0.96,
16,23,7,0,2035,0.64,
16,21,0,0,2048,1.28,
16,11,13,0,2015,1.44,
16,16,8,0,2010,1.44,
17,34,12,1,2046,0.96,
16,0,0,0,2048,2.08,
16,44,27,0,2041,0.48,
16,21,23,0,2029,0.48,
16,23,0,0,2048,0.48,
16,22,24,1,2046,1.12,
16,15,29,0,2035,1.12,
16,9,0,0,2048,0.64,
17,35,2,0,2041,0.8,
16,4,35,0,2023,0.96,
16,29,37,0,2025,1.44,
16,0,39,0,2028,1.28,
16,16,2,0,2042,0.64,
16,5,0,1,2038,0.96,
16,15,0,0,2048,1.12,
17,10,35,0,2034,1.28,
16,12,0,1,2031,1.92,
16,11,14,0,2029,1.28,
16,11,0,1,2025,0.96,
16,4,1,0,2024,1.44,
16,15,21,0,2035,0.8,
16,7,1,0,2016,0.64,
16,9,0,0,2017,0.8,
17,5,1,0,2016,1.28,
16,34,4,0,2017,1.28,
16,23,8,0,2022,0.8,
16,26,0,0,2048,1.12,
16,20,11,1,2042,0.96,
16,24,16,0,2027,1.6,
16,0,0,0,2048,1.44,
16,40,8,0,2013,1.28,
17,18,24,0,2028,0.96,
16,19,0,0,2048,0.96,
16,19,1,1,2028,1.6,
16,21,30,0,2035,1.76,
16,19,0,0,2048,1.92,
16,24,9,0,2011,1.28,
16,23,37,0,2041,0.96,
16,21,0,0,2048,0.8,
17,11,29,0,2041,0.8,
16,17,26,0,2040,0.8,
16,9,30,0,2028,0.8,
16,3,23,0,2036,0.8,
16,13,32,0,2018,0.8,
16,1,34,0,2020,0.48,
16,15,1,0,2027,1.76,
17,6,1,0,2018,0.48,
16,14,0,1,2026,1.44,
16,9,0,0,2048,1.6,
16,11,0,1,2019,0.8,
16,3,0,1,2016,1.12,
16,19,2,0,2016,0.64,
16,18,2,0,2016,1.92,
16,2,0,0,2048,1.92,
17,31,1,1,2028,0.48,
16,17,16,0,2030,1.12,
16,23,0,0,2048,0.96,
16,24,8,1,2011,0.96,
16,23,22,0,2036,1.76,
16,27,0,0,2048,1.6,
16,24,23,0,2009,1.12,
16,21,28,0,2043,0.64,
17,23,0,0,2048,0.8,
16,24,30,0,2040,0.64,
16,20,33,0,2033,0.96,
16,3,0,0,2048,2.4,
16,35,18,0,2045,2.24,
16,16,39,0,2039,0.64,
16,6,26,0,2040,1.12,
16,17,0,1,2039,0.8,
17,0,43,0,2034,1.28,
16,23,0,1,2031,1.12,
16,3,32,0,2014,1.76,
16,13,0,1,2025,0.8,
16,8,0,0,2048,1.6,
16,0,0,1,2020,1.6,
16,10,0,0,2048,1.12,
17,6,42,0,2024,0.64,
16,19,0,0,2048,0.48,
16,16,0,0,2018,0.8,
16,12,0,0,2048,0.8,
16,21,8,0,2022,0.96,
16,22,12,0,2026,1.28,
16,22,13,0,2015,0.8,
16,21,15,0,2029,1.44,
17,19,9,1,2006,1.44,
16,22,0,0,2048,1.12,
16,2,21,0,2021,0.8,
16,38,18,0,2010,1.28,
16,24,0,0,2048,1.76,
16,6,27,0,2027,0.96,
16,37,24,0,2016,1.92,
16,6,0,0,2048,1.44,
17,35,32,0,2034,0.96,
16,19,26,0,2014,1.28,
16,22,0,0,2048,0.64,
16,11,38,0,2040,1.44,
16,12,0,0,2048,0.96,
16,11,38,0,2031,1.12,
16,10,0,1,2028,0.48,
16,16,9,0,2019,1.28,
17,11,0,0,2048,0.96,
16,9,0,0,2048,1.28,
16,12,0,1,2027,0.48,
16,5,0,0,2048,0.64,
16,9,0,0,2048,1.92,
16,16,1,0,2019,0.96,
16,0,0,0,2048,0.96,
17,9,2,0,2016,1.12,
16,30,48,0,2030,0.64,
16,19,4,0,2014,0.32,
16,20,0,0,2048,2.08,
16,0,11,0,2024,1.76,
16,44,13,0,2017,1.12,
16,0,0,0,2048,1.6,
16,40,18,0,2030,1.6,
17,20,19,0,2019,1.6,
16,20,0,0,2048,1.6,
16,21,24,0,2034,0.64,
16,24,25,0,2025,1.12,
16,23,0,0,2048,1.12,
16,23,30,0,2040,0.64,
16,27,32,0,2032,1.12,
16,0,0,0,2048,1.12,
17,33,33,0,2023,0.96,
16,4,23,0,1997,0.8,
16,23,25,0,1999,1.6,
16,10,0,1,2036,1.44,
16,3,1,0,2034,1.28,
16,13,44,0,2034,0.96,
16,7,40,0,2035,1.44,
16,3,30,0,2035,1.12,
17,6,0,1,2031,1.28,
16,9,1,0,2024,1.44,
16,3,0,0,2048,0.96,
16,4,0,0,2048,0.8,
16,9,0,1,2027,0.8,
16,9,29,0,2025,0.8,
16,4,2,0,2016,0.8,
17,23,4,0,2018,0.64,
16,16,0,1,2017,1.44,
16,20,0,0,2048,1.76,
16,24,11,0,2023,0.8,
16,22,14,0,2020,1.76,
16,23,0,0,2048,1.6,
16,23,20,0,2028,0.48,
16,24,23,0,2023,2.24,
17,22,0,0,2048,1.28,
16,27,31,0,2017,0.64,
16,24,34,0,2000,1.44,
16,27,0,0,2048,1.6,
16,19,39,0,2021,0.96,
16,9,41,0,2006,1.6,
16,28,0,0,2048,0.8,
16,0,45,0,2027,0.8,
17,27,2,0,2021,0.48,
16,10,9,0,2013,0.32,
16,4,4,0,2016,0.64,
16,13,21,0,2031,0.64,
16,0,0,1,2026,0.96,
16,10,2,0,2015,1.12,
16,21,0,1,2028,1.12,
16,5,0,1,2018,0.64,
17,15,0,1,2015,0.96,
16,1,26,0,2030,0.96,
16,29,0,0,2048,0.96,
16,22,5,0,2018,1.12,
16,14,10,0,2012,1.28,
16,36,0,0,2048,1.92,
16,25,19,0,2017,2.56,
17,16,31,0,2043,1.28,
16,31,27,0,2011,0.96,
16,18,29,0,2015,1.28,
16,21,1,0,2044,1.76,
16,17,0,0,2048,0.8,
16,15,35,0,2019,1.28,
16,15,38,0,2026,1.28,
16,18,39,0,2033,0.96,
17,20,0,0,2048,1.44,
16,19,1,1,2029,1.28,
16,14,45,0,2032,1.6,
16,12,8,0,2020,0.96,
16,16,36,0,2032,1.12,
16,5,20,0,2033,1.28,
16,14,18,0,2033,1.44,
16,12,2,0,2016,1.12,
17,3,0,0,2027,1.28,
16,21,25,0,2039,1.28,
16,15,0,0,2048,0.64,
16,16,0,0,2048,1.12,
16,20,0,0,2048,0.96,
16,25,31,0,2047,0.8,
16,25,14,0,2014,0.48,
16,20,0,0,2048,2.4,
17,16,35,0,2034,1.92,
16,24,22,0,2036,0.64,
16,17,0,0,2048,0.64,
16,14,24,0,2022,2.08,
16,23,27,0,2023,2.08,
16,18,28,0,2026,0.96,
16,15,12,0,2020,1.6,
17,25,33,0,2037,1.6,
16,21,3,0,2013,1.6,
16,3,6,1,2026,1.28,
16,39,0,0,2048,0.32,
16,7,12,0,2016,1.28,
16,17,8,0,2012,1.28,
16,8,27,0,2035,0.96,
16,23,1,0,2037,1.12,
17,14,0,1,2033,0.64,
16,14,33,0,2041,1.28,
16,1,35,0,2043,1.12,
16,30,25,0,2044,0.96,
16,12,1,1,2019,0.8,
16,19,30,0,2035,1.12,
16,1,0,0,2048,0.8,
16,37,0,0,2048,1.12,
17,0,0,0,2048,1.12,
16,32,0,0,2048,0.64,
16,17,15,0,2027,1.12,
16,17,16,0,2024,1.12,
16,4,18,0,2027,1.76,
16,29,2,0,2016,1.76,
16,0,27,0,2041,0.96,
16,37,8,0,2018,0.48,
17,11,26,0,2034,1.76,
16,29,29,0,2042,1.12,
16,17,7,0,2047,0.8,
16,21,33,0,2041,1.28,
16,21,0,0,2048,1.28,
16,16,5,0,2018,1.44,
16,17,4,0,2044,1.6,
17,17,0,0,2048,1.12,
16,5,22,0,2033,1.6,
16,27,0,0,2048,1.28,
16,13,0,0,2048,1.28,
16,8,0,1,2023,1.28,
16,23,0,0,2048,1.44,
16,13,0,0,2048,0.8,
16,4,0,0,2048,1.28,
17,30,0,1,2036,1.28,
16,0,0,1,2031,1.12,
16,30,0,0,2048,0.96,
16,13,0,1,2024,0.8,
16,8,32,0,2038,0.8,
16,5,15,0,2027,0.48,
16,24,0,1,2038,1.6,
16,4,19,0,2031,0.96,
17,24,4,0,2018,1.12,
16,18,23,0,2035,1.28,
16,16,25,0,2037,0.8,
16,18,27,0,2039,1.44,
16,18,1,1,2022,0.64,
16,19,2,0,2014,0.96,
16,19,27,0,2046,0.64,
16,3,19,0,2033,1.28,
17,32,29,0,2043,0.64,
16,17,0,0,2048,0.64,
16,18,23,0,2037,0.48,
16,7,0,0,2025,0.8,
16,28,0,0,2048,0.32,
16,18,1,0,2018,1.44,
16,21,23,0,2029,1.28,
17,22,6,1,2046,1.44,
16,13,11,0,2025,0.8,
16,23,13,0,2027,1.76,
16,0,21,0,2035,0.16,
16,34,23,0,2037,1.44,
16,12,18,0,2024,0.32,
16,12,32,0,2043,0.96,
16,3,3,0,2017,0.48,
17,11,0,1,2041,0.96,
16,29,22,0,2028,1.6,
16,9,0,1,2027,0.48,
16,18,30,0,2036,1.12,
16,17,13,0,2023,1.28,
16,3,0,1,2021,1.44,
16,13,17,0,2027,1.76,
16,20,19,0,2029,0.8,
17,17,0,0,2048,2.56,
16,14,23,0,2033,1.12,
16,15,0,1,2031,0.8,
16,15,0,1,2038,1.6,
16,16,0,0,2048,1.12,
16,17,0,0,2048,2.24,
16,13,0,1,2015,1.92,
16,22,0,0,2048,0.64,
17,15,3,0,2034,1.28,
16,21,0,1,2027,1.44,
16,19,10,0,2024,1.12,
16,18,17,0,2031,1.12,
16,4,0,0,2048,1.12,
16,36,5,0,2017,1.28,
16,20,18,0,2033,1.12,
17,15,26,0,2040,1.12,
16,13,1,0,2042,0.48,
16,23,23,0,2035,0.32,
16,17,0,1,2034,0.64,
16,16,0,1,2024,1.12,
16,16,20,0,2025,1.76,
16,4,22,0,2027,1.12,
16,28,3,0,2017,1.12,
17,14,0,0,2048,0.96,
16,15,25,0,2044,1.28,
16,14,0,0,2048,1.28,
16,0,0,0,2048,0.96,
16,29,0,0,2048,0.96,
16,0,37,0,2041,0.48,
16,23,0,1,2031,0.64,
16,0,1,0,2028,0.96,
17,21,0,1,2015,0.32,
16,7,0,1,2034,0.8,
16,23,0,0,2048,1.12,
16,17,0,0,2048,0.96,
16,18,1,0,2020,0.32,
16,17,11,0,2025,0.96,
16,18,13,0,2027,0.96,
16,20,0,0,2048,0.8,
17,18,17,0,2031,1.28,
16,9,19,0,2033,1.76,
16,24,22,0,2036,1.28,
16,18,24,0,2038,1.28,
16,19,20,0,2034,1.12,
16,17,28,0,2042,0.96,
16,10,30,0,2044,0.32,
17,31,4,2,2038,0.64,
16,12,0,0,2048,1.44,
16,29,30,0,2044,2.72,
16,4,32,0,2046,1.44,
16,29,3,0,2015,1.12,
16,16,1,0,2027,0.96,
16,16,0,0,2048,1.44,
16,11,0,0,2048,0.8,
17,12,1,0,2016,0.96,
16,16,0,0,2048,0.64,
16,13,4,0,2018,0.48,
16,15,6,0,2020,1.12,
16,10,21,0,2031,0.64,
16,11,0,1,2025,0.64,
16,19,4,0,2018,0.48,
16,13,27,0,2037,1.12,
17,1,0,0,2048,0.96,
16,23,10,0,2024,0.8,
16,14,0,2,2032,0.48,
16,16,0,1,2028,1.12,
16,10,16,0,2030,1.6,
16,21,29,0,2043,1.76,
16,17,1,0,2016,1.44,
16,0,14,0,2026,0.48,
17,32,30,0,2047,1.6,
16,18,8,0,2018,0.64,
16,20,10,0,2020,1.28,
16,19,1,1,2025,1.6,
16,23,1,1,2025,1.28,
16,19,28,0,2042,0.64,
16,1,11,0,2011,1.76,
17,38,2,1,2037,0.32,
16,19,15,0,2025,1.28,
16,19,17,0,2027,1.76,
16,15,0,0,2048,1.28,
16,17,0,0,2048,0.96,
16,17,23,0,2023,1.28,
16,8,1,1,2023,1.92,
16,26,1,0,2019,0.64,
17,10,12,0,2024,1.44,
16,19,3,0,2017,1.28,
16,13,5,0,2019,0.32,
16,14,0,1,2041,1.28,
16,1,1,2,2026,1.12,
16,27,8,0,2022,1.6,
16,13,1,0,2020,1.92,
16,11,12,0,2026,0.64,
17,1,2,0,2016,0.64,
16,28,0,1,2020,1.12,
16,7,31,0,2044,0.8,
16,21,1,0,2015,0.8,
16,15,10,0,2024,0.96,
16,15,0,0,2048,0.96,
16,17,0,1,2017,1.12,
16,0,32,0,2046,0.96,
17,39,0,0,2048,1.44,
16,17,13,0,2028,0.96,
16,19,0,0,2048,1.12,
16,18,18,0,2032,1.28,
16,19,16,0,2030,0.8,
16,0,0,0,2048,0.48,
16,39,0,0,2048,0.8,
17,18,14,0,2024,0.8,
16,7,0,0,2048,1.28,
16,32,26,0,2036,0.8,
16,2,0,0,2048,0.8,
16,38,12,0,2020,0.32,
16,17,1,1,2043,1.12,
16,18,17,0,2029,1.12,
16,16,0,1,2028,0.48,
17,16,9,0,2019,1.44,
16,14,32,0,2042,1.12,
16,0,0,0,2048,0.8,
16,27,27,0,2035,0.32,
16,6,0,1,2032,0.64,
16,20,0,1,2040,1.6,
16,14,33,0,2041,0.8,
16,7,0,0,2048,1.6,
17,18,0,1,2016,1.28,
16,5,0,0,2048,1.28,
16,23,8,0,2020,0.48,
16,16,0,1,2034,1.6,
16,15,8,0,2022,0.48,
16,7,1,0,2028,1.28,
16,16,0,0,2048,0.96,
16,3,19,0,2031,0.64,
17,27,0,1,2017,0.8,
16,14,17,0,2029,1.44,
16,8,3,0,2017,1.12,
16,29,5,0,2019,0.8,
16,9,23,0,2035,0.96,
16,27,1,0,2033,1.6,
16,19,20,0,2034,1.6,
17,19,0,0,2048,0.96,
16,22,22,0,2036,2.24,
16,19,1,0,2034,1.6,
16,4,1,1,2039,1.12,
16,34,22,0,2036,0.96,
16,18,1,0,2026,0.96,
16,13,0,0,2048,1.6,
16,24,6,0,2018,1.6,
17,18,0,0,2048,0.96,
16,0,22,0,2030,0.8,
16,39,1,1,2021,1.28,
16,16,0,0,2048,0.8,
16,5,0,0,2048,1.28,
16,26,19,0,2031,0.96,
16,0,1,0,2028,0.8,
16,30,0,0,2048,0.64,
17,4,25,0,2037,0.8,
16,23,13,0,2027,0.96,
16,8,15,0,2029,0.8,
16,18,0,1,2033,0.96,
16,14,0,0,2029,0.64,
16,8,21,0,2035,0.64,
16,21,0,1,2026,1.44,
16,4,0,0,2021,0.64,
17,21,25,0,2039,0.96,
16,13,3,0,2046,1.6,
16,18,0,0,2048,1.28,
16,16,4,0,2018,0.96,
16,15,30,0,2047,1.6,
16,14,6,0,2047,1.12,
16,10,1,0,2045,0.96,
17,16,0,0,2048,2.08,
16,24,0,0,2048,1.12,
16,19,9,0,2023,1.28,
16,19,1,0,2018,1.44,
16,17,13,0,2027,1.44,
16,20,5,0,2017,0.96,
16,16,7,0,2019,1.92,
16,19,0,0,2048,1.12,
17,19,0,0,2048,1.28,
16,20,13,0,2023,1.28,
16,19,25,0,2039,0.48,
16,16,21,0,2032,1.44,
16,13,23,0,2034,0.8,
16,20,26,0,2036,1.12,
16,16,0,1,2030,0.8,
16,16,30,0,2040,1.28,
17,13,18,0,2028,0.8,
16,12,34,0,2044,2.4,
16,19,22,0,2032,0.48,
16,1,6,0,2014,1.28,
16,29,8,0,2016,1.12,
16,9,0,0,2048,1.12,
16,16,12,0,2020,1.12,
16,14,0,0,2048,1.6,
17,15,0,0,2048,2.08,
16,12,0,0,2048,1.28,
16,16,0,0,2048,1.76,
16,15,4,0,2018,0.96,
16,13,10,0,2025,1.44,
16,7,0,0,2048,0.96,
16,24,0,1,2030,1.28,
17,17,17,0,2031,1.12,
16,17,0,0,2048,1.12,
16,15,21,0,2035,0.32,
16,17,0,0,2048,1.12,
16,18,16,0,2030,0.8,
16,18,6,0,2020,0.48,
16,18,20,0,2034,1.12,
16,19,1,1,2027,0.8,
17,16,0,1,2019,0.48,
16,19,0,0,2048,1.12,
16,21,0,0,2048,1.6,
16,2,26,0,2040,1.12,
16,35,28,0,2042,0.48,
16,21,22,0,2036,1.6,
16,12,31,0,2047,1.44,
16,23,2,0,2037,0.96,
17,2,0,0,2048,1.12,
16,35,0,0,2048,0.64,
16,17,0,0,2048,1.6,
16,14,0,0,2048,0.64,
16,0,0,0,2048,1.92,
16,29,0,0,2048,1.92,
16,7,17,0,2031,1.28,
16,19,0,0,2048,0.8,
17,10,13,0,2023,1.12,
16,20,0,1,2026,2.4,
16,9,7,0,2044,0.8,
16,19,0,0,2041,1.6,
16,2,11,0,2025,1.6,
16,24,23,0,2033,0.32,
16,1,0,1,2030,0.64,
17,25,27,0,2037,1.6,
16,14,13,0,2027,1.28,
16,5,24,0,2038,1.28,
16,22,33,0,2043,1.76,
16,5,28,0,2042,1.76,
16,29,30,0,2044,1.76,
16,9,0,0,2048,1.6,
16,22,0,0,2048,1.28,
17,19,0,0,2048,1.6,
16,18,1,0,2040,1.12,
16,2,7,0,2013,0.96,
16,36,2,0,2015,0.64,
16,19,0,0,2048,1.6,
16,18,14,0,2026,1.76,
16,18,23,0,2037,1.12,
16,18,18,0,2030,0.8,
17,19,0,0,2048,1.12,
16,20,15,0,2027,0.8,
16,18,11,0,2019,0.48,
16,20,0,1,2015,0.48,
16,12,21,0,2033,0.48,
16,20,5,0,2018,0.8,
16,15,25,0,2037,0.64,
16,3,0,1,2034,0.64,
17,27,23,0,2032,0.16,
16,16,1,0,2026,0.96,
16,4,0,1,2022,1.12,
16,22,17,0,2046,0.8,
16,13,0,1,2044,1.12,
16,3,32,0,2046,0.96,
16,26,10,0,2046,1.28,
17,12,0,0,2048,1.92,
16,15,0,0,2048,1.12,
16,12,0,0,2048,0.96,
16,15,0,0,2048,0.96,
16,14,0,0,2048,1.12,
16,15,0,0,2048,2.56,
16,16,0,0,2048,1.44,
16,16,9,0,2023,1.92,
17,14,23,0,2037,1.92,
16,18,9,0,2023,0.8,
16,16,27,0,2041,1.28,
16,21,0,0,2048,1.28,
16,18,0,0,2048,0.8,
16,23,0,0,2048,0.8,
16,18,0,0,2048,0.8,
16,19,0,1,2039,1.12,
17,15,28,0,2042,0.96,
16,24,1,1,2020,0.64,
16,6,32,0,2046,2.08,
16,29,0,0,2048,1.92,
16,19,23,0,2037,2.08,
16,20,28,0,2042,1.92,
16,16,11,0,2021,1.28,
16,1,29,0,2043,0.64,
17,33,0,0,2048,0.32,
16,15,0,0,2048,1.76,
16,13,0,0,2048,0.48,
16,17,0,0,2048,0.8,
16,14,9,0,2021,0.8,
16,14,0,0,2048,1.12,
16,10,13,0,2025,1.28,
17,14,14,0,2024,0.64,
16,6,0,0,2048,0.64,
16,20,0,1,2029,1.12,
16,10,21,0,2033,1.12,
16,13,0,0,2025,0.48,
16,13,5,0,2017,1.44,
16,14,0,1,2041,0.96,
16,15,9,0,2021,0.96,
17,16,11,0,2024,0.96,
16,0,21,0,2035,0.96,
16,33,18,0,2046,1.28,
16,15,0,1,2020,1.12,
16,7,28,0,2042,0.96,
16,24,19,0,2033,0.64,
16,0,3,0,2017,0.64,
16,35,1,0,2028,1.44,
17,18,0,0,2048,1.12,
16,13,30,0,2044,1.44,
16,28,32,0,2046,0.8,
16,1,8,0,2016,1.6,
16,38,0,0,2048,1.28,
16,18,19,0,2033,1.28,
16,19,12,0,2012,1.12,
16,17,0,0,2048,0.96,
17,15,0,0,2048,1.44,
16,13,21,0,2027,1.76,
16,2,0,0,2048,0.96,
16,30,0,0,2048,1.44,
16,17,5,0,2019,0.48,
16,16,0,0,2048,1.28,
16,13,1,0,2042,0.64,
17,15,11,0,2025,1.28,
16,14,13,0,2028,1.28,
16,8,4,0,2018,0.8,
16,17,0,1,2032,1.92,
16,6,21,0,2035,0.8,
16,22,1,0,2020,1.12,
16,12,0,1,2022,0.8,
16,13,0,0,2048,0.96,
17,1,4,0,2018,0.96,
16,30,0,0,2048,0.48,
16,10,28,0,2042,1.44,
16,21,1,1,2019,1.12,
16,20,0,0,2048,0.96,
16,19,5,0,2015,0.96,
16,9,0,0,2048,1.44,
16,30,0,0,2048,0.48,
17,19,0,0,2048,0.64,
16,20,17,0,2047,0.64,
16,20,15,0,2026,0.8,
16,18,19,0,2031,0.8,
16,19,1,0,2024,1.44,
16,10,23,0,2035,1.28,
16,26,2,0,2014,0.96,
16,18,18,0,2026,0.96,
17,7,20,0,2026,0.32,
16,28,22,0,2030,0.96,
16,18,0,1,2028,0.8,
16,17,20,0,2046,0.96,
16,14,23,0,2032,1.28,
16,0,0,0,2048,2.24,
16,27,32,0,2040,0.96,
17,9,34,0,2042,0.8,
16,20,0,1,2015,2.08,
16,8,3,0,2017,1.44,
16,17,0,0,2048,1.92,
16,1,0,0,2018,1.92,
16,24,0,0,2048,1.12,
16,14,0,0,2048,1.44,
16,6,0,0,2048,0.8,
17,27,0,0,2048,1.28,
16,8,8,0,2023,0.96,
16,20,0,0,2048,0.8,
16,1,11,0,2025,1.92,
16,29,13,0,2027,1.12,
16,10,6,0,2018,1.12,
16,24,0,1,2018,0.8,
16,19,1,0,2015,0.64,
17,19,13,0,2025,1.28,
16,17,0,0,2048,0.48,
16,2,3,1,2018,0.8,
16,37,19,0,2033,1.28,
16,21,13,0,2025,1.12,
16,21,30,0,2044,1.6,
16,0,17,0,2029,1.6,
16,34,27,0,2041,0.48,
17,12,0,0,2048,1.12,
16,25,0,0,2048,2.72,
16,18,18,0,2026,0.96,
16,16,1,0,2047,1.12,
16,14,0,0,2048,1.92,
16,13,0,0,2048,0.8,
16,6,7,0,2019,1.28,
17,24,3,0,2017,1.76,
16,16,11,0,2023,1.12,
16,15,0,0,2048,0.8,
16,7,15,0,2027,1.44,
16,17,0,0,2048,1.76,
16,0,0,0,2048,0.8,
16,25,14,0,2026,1.92,
16,7,6,0,2020,1.28,
17,18,8,0,2022,0.64,
16,7,22,0,2036,0.48,
16,20,0,1,2036,1.12,
16,13,0,1,2033,1.12,
16,13,0,1,2018,0.8,
16,20,18,0,2032,0.8,
16,20,1,1,2017,1.44,
16,6,21,0,2035,0.64,
17,30,20,0,2034,0.64,
16,2,0,0,2048,1.6,
16,33,24,0,2038,0.8,
16,19,2,0,2014,0.8,
16,20,1,0,2020,0.8,
16,19,25,0,2039,0.8,
16,19,32,0,2047,1.28,
16,20,19,0,2031,0.48,
17,11,0,0,2048,0.96,
16,25,13,0,2019,2.08,
16,17,0,0,2048,0.96,
16,19,1,0,2015,1.28,
16,20,1,0,2036,1.44,
16,0,6,0,2018,0.8,
16,34,23,0,2030,1.44,
17,0,0,0,2020,0.96,
16,28,28,0,2034,1.12,
16,13,29,0,2035,1.28,
16,14,18,0,2030,1.76,
16,14,33,0,2039,1.44,
16,5,22,0,2035,0.64,
16,22,33,0,2043,0.64,
16,9,27,0,2039,1.28,
17,17,3,0,2017,1.92,
16,0,25,0,2037,1.92,
16,27,0,0,2048,0.96,
16,13,33,0,2045,1.44,
16,18,31,0,2044,1.6,
16,12,0,0,2048,0.64,
16,15,0,0,2048,0.64,
16,1,0,0,2048,1.28,
17,33,4,0,2018,1.6,
16,16,0,0,2048,1.44,
16,14,0,0,2048,0.96,
16,22,0,0,2048,0.96,
16,19,4,0,2018,1.6,
16,18,6,0,2020,0.96,
16,12,0,0,2048,1.44,
16,29,16,0,2047,1.12,
17,2,7,0,2013,0.64,
16,41,22,0,2036,1.6,
16,17,27,0,2041,0.64,
16,19,0,1,2016,1.28,
16,3,0,0,2048,0.96,
16,33,23,0,2037,0.96,
16,16,7,0,2019,1.12,
17,7,23,0,2035,1.44,
16,21,29,0,2039,1.44,
16,14,31,0,2041,0.48,
16,20,33,0,2043,1.12,
16,1,7,0,2021,1.12,
16,27,1,0,2022,0.48,
16,0,0,1,2018,1.12,
16,26,0,0,2048,1.44,
17,6,0,0,2048,1.12,
16,19,0,1,2039,1.44,
16,14,7,0,2021,1.12,
16,11,9,0,2023,1.12,
16,17,6,0,2021,1.92,
16,0,1,0,2029,0.64,
16,26,11,0,2025,0.96,
16,15,14,0,2028,1.44,
17,8,0,0,2048,1.6,
16,24,3,0,2015,1.28,
16,16,20,0,2034,0.8,
16,8,7,0,2019,0.8,
16,28,28,0,2042,1.6,
16,13,16,0,2030,1.44,
16,21,18,0,2032,1.44,
16,18,15,0,2027,1.28,
17,24,22,0,2036,2.08,
16,15,0,0,2048,1.6,
16,20,26,0,2040,0.8,
16,0,0,0,2048,1.44,
16,38,0,0,2048,1.12,
16,20,14,0,2024,0.48,
16,19,29,0,2041,0.8,
17,19,0,0,2048,0.96,
16,18,2,1,2041,1.12,
16,18,0,0,2048,0.8,
16,1,10,0,2018,0.64,
16,30,12,0,2020,1.44,
16,12,14,0,2022,0.96,
16,2,16,0,2024,1.12,
16,26,0,0,2048,0.48,
17,13,20,0,2028,1.44,
16,12,0,1,2023,1.44,
16,15,0,1,2032,1.44,
16,11,26,0,2034,0.32,
16,13,0,1,2036,0.32,
16,16,18,0,2032,1.12,
16,12,33,0,2043,1.12,
16,1,22,0,2036,0.8,
17,23,5,0,2015,1.28,
16,18,26,0,2040,1.28,
16,1,0,0,2048,0.8,
16,14,0,0,2048,1.12,
16,28,0,0,2048,0.96,
16,13,15,0,2025,1.28,
16,20,1,0,2015,1.28,
16,17,32,0,2047,0.8,
17,8,5,0,2020,0.96,
16,30,29,0,2043,1.12,
16,18,0,0,2048,1.28,
16,0,1,1,2039,1.28,
16,38,8,0,2047,0.96,
16,13,7,0,2019,1.44,
16,24,1,1,2035,2.56,
17,20,17,0,2029,1.44,
16,18,22,0,2036,0.8,
16,17,8,0,2018,0.48,
16,22,0,0,2048,2.24,
16,18,26,0,2047,2.24,
16,18,27,0,2037,1.28,
16,13,0,0,2048,1.28,
16,23,0,1,2030,1.6,
17,1,20,0,2031,0.8,
16,30,11,0,2021,1.28,
16,9,0,0,2048,1.76,
16,9,27,0,2037,0.8,
16,22,0,0,2048,1.12,
16,3,4,0,2018,1.28,
16,24,33,0,2043,1.44,
16,15,1,0,2019,0.96,
17,9,11,0,2045,0.48,
16,4,3,0,2015,0.64,
16,28,0,0,2048,0.8,
16,12,0,0,2048,1.28,
16,15,0,0,2048,1.12,
16,6,5,0,2017,1.28,
16,21,0,0,2048,0.32,
16,15,0,0,2048,0.64,
17,16,12,0,2026,0.8,
16,16,14,0,2028,0.16,
16,1,0,1,2019,2.08,
16,32,0,0,2048,0.8,
16,18,7,0,2019,0.64,
16,19,6,0,2018,0.96,
16,19,24,0,2038,1.28,
17,9,10,0,2022,0.32,
16,30,28,0,2040,0.8,
16,18,0,0,2048,0.96,
16,20,0,0,2048,1.28,
16,18,22,0,2034,0.96,
16,20,5,0,2046,0.96,
16,19,1,0,2015,1.6,
16,19,4,0,2016,0.48,
17,18,0,0,2048,0.96,
16,16,8,0,2020,0.48,
16,16,1,0,2015,1.12,
16,16,1,1,2028,0.96,
16,18,0,0,2048,0.48,
16,7,6,0,2020,0.8,
16,8,0,0,2048,0.96,
16,28,11,0,2025,1.12,
17,16,0,0,2048,1.76,
16,15,0,0,2048,1.28,
16,12,0,0,2048,1.12,
16,15,11,0,2025,0.16,
16,15,0,1,2022,1.12,
16,6,22,0,2037,0.8,
16,11,1,0,2035,1.12,
16,17,0,0,2032,1.44,
17,19,0,1,2028,1.6,
16,8,6,0,2021,1.28,
16,23,0,1,2021,1.44,
16,15,20,0,2032,1.28,
16,0,32,0,2042,1.76,
16,30,0,0,2048,0.8,
16,9,1,0,2015,2.08,
17,24,0,0,2048,1.12,
16,17,6,0,2018,1.28,
16,17,8,0,2020,0.64,
16,1,10,0,2022,0,
16,31,4,0,2046,0.64,
16,18,15,0,2027,0.64,
16,5,0,0,2048,1.44,
16,37,29,0,2047,1.12,
17,19,30,0,2047,0.96,
16,16,1,1,2038,0.96,
16,19,29,0,2043,0.32,
16,18,31,0,2045,0.8,
16,14,0,0,2048,0.64,
16,5,0,1,2027,0.8,
16,26,24,0,2024,1.12,
16,14,26,0,2026,1.28,
17,8,6,0,2020,2.24,
16,24,8,0,2023,1.28,
16,16,11,0,2025,0.96,
16,15,34,0,2034,0.8,
16,10,0,0,2048,1.12,
16,17,27,0,2039,1.12,
16,13,19,0,2033,1.12,
16,1,31,0,2043,1.44,
17,16,0,0,2048,0.48,
16,26,0,1,2031,0.48,
16,14,0,0,2048,1.12,
16,16,0,0,2048,0.48,
16,0,0,0,2048,0.48,
16,28,0,1,2016,0.96,
16,12,2,0,2016,1.12,
17,20,0,1,2025,0.96,
16,13,8,0,2022,1.12,
16,22,25,0,2035,0.48,
16,13,10,0,2022,1.44,
16,25,29,0,2039,1.44,
16,17,12,0,2024,1.12,
16,19,0,1,2020,1.12,
16,18,16,0,2028,1.92,
17,19,22,0,2036,1.76,
16,16,2,1,2045,1.76,
16,13,12,0,2024,0.96,
16,20,13,0,2019,2.24,
16,19,16,0,2028,1.28,
16,17,31,0,2045,2.24,
16,13,0,0,2048,1.28,
16,26,6,0,2016,1.28,
17,16,30,0,2044,0.64,
16,16,1,1,2031,1.12,
16,16,0,0,2048,0.32,
16,6,13,0,2021,1.12,
16,23,0,0,2048,1.44,
16,14,0,1,2018,1.12,
16,15,1,0,2015,0.8,
16,10,3,0,2017,0.48,
17,9,8,0,2022,1.12,
16,19,2,0,2016,0.48,
16,16,0,1,2037,1.44,
16,14,0,1,2033,1.12,
16,14,16,0,2030,1.12,
16,16,18,0,2032,0.64,
16,14,9,0,2023,1.92,
17,7,14,0,2028,1.12,
16,24,0,1,2041,0.96,
16,16,0,1,2032,2.08,
16,16,0,1,2028,0.8,
16,11,12,0,2026,1.12,
16,18,0,1,2017,1.76,
16,26,13,0,2027,0.8,
16,17,15,0,2029,1.12,
17,20,0,1,2044,1.6,
16,19,11,0,2019,1.28,
16,19,0,0,2048,0.96,
16,11,0,0,2048,1.12,
16,23,0,0,2016,1.28,
16,19,4,0,2014,1.28,
16,20,6,0,2016,1.44,
16,5,0,0,2048,1.44,
17,30,11,0,2023,1.76,
16,9,0,1,2028,1.12,
16,21,16,0,2028,0.96,
16,18,7,0,2021,1.12,
16,8,0,1,2034,0.48,
16,15,11,0,2021,1.28,
16,18,13,0,2023,0.48,
16,12,15,0,2029,0.64,
17,7,7,0,2021,0.64,
16,17,9,0,2023,0.96,
16,15,11,0,2025,0.96,
16,17,13,0,2027,1.6,
16,13,11,0,2025,0.96,
16,14,0,0,2048,0.64,
16,13,0,1,2020,0.96,
17,16,0,0,2048,0.48,
16,14,0,0,2048,0.64,
16,14,1,0,2029,0.8,
16,18,23,0,2037,0.64,
16,0,0,0,2048,0.64,
16,34,2,0,2016,1.76,
16,21,12,0,2027,0.48,
16,13,6,0,2018,0.64,
17,24,1,0,2018,1.28,
16,19,19,0,2033,1.28,
16,21,1,1,2036,1.44,
16,18,24,0,2047,0.96,
16,17,25,0,2039,1.28,
16,21,0,0,2048,0.96,
16,1,21,0,2035,1.12,
16,36,15,0,2027,0.32,
17,19,17,0,2029,0.32,
16,18,19,0,2047,0.96,
16,18,7,0,2013,1.12,
16,0,9,0,2016,0.48,
16,32,16,0,2028,0.64,
16,11,18,0,2030,1.44,
16,3,27,0,2035,1.28,
16,26,0,1,2017,0.8,
17,15,0,0,2048,0.64,
16,1,0,1,2034,0.48,
16,27,0,0,2048,0.96,
16,3,0,1,2025,1.28,
16,22,0,0,2048,0.96,
16,12,0,0,2048,1.44,
16,1,0,0,2048,1.28,
17,25,14,0,2028,1.44,
16,13,16,0,2030,0.96,
16,13,2,0,2016,1.44,
16,15,0,0,2048,1.44,
16,0,5,0,2019,1.44,
16,30,7,0,2021,0.8,
16,14,0,1,2029,1.92,
16,6,12,0,2026,1.28,
17,29,0,0,2048,0.64,
16,13,0,0,2048,1.12,
16,23,0,0,2048,1.12,
16,0,0,1,2043,1.12,
16,38,29,0,2041,0.32,
16,18,15,0,2029,0.48,
16,19,1,0,2025,0.8,
16,18,16,0,2024,1.12,
17,21,21,0,2035,0.48,
16,6,32,0,2047,1.44,
16,33,25,0,2039,1.12,
16,18,11,0,2019,1.44,
16,17,0,0,2048,1.12,
16,2,0,0,2048,0.96,
16,34,31,0,2043,1.44,
16,9,8,0,2020,1.6,
17,23,18,0,2046,0.64,
16,8,0,0,2048,0.96,
16,13,3,0,2044,1.28,
16,22,0,0,2048,0.48,
16,16,0,0,2048,0.96,
16,15,0,0,2048,1.28,
16,15,0,0,2048,0.96,
17,12,9,0,2023,0,
16,10,16,0,2030,0,
16,11,13,0,2027,1.12,
16,15,15,0,2029,0.96,
16,22,17,0,2032,1.12,
16,0,19,0,2033,1.12,
16,28,21,0,2035,1.6,
16,14,14,0,2028,1.12,
17,14,25,0,2040,0.96,
16,0,28,0,2042,0.96,
16,31,0,0,2048,0.8,
16,17,8,0,2018,0.64,
16,15,24,0,2038,0.8,
16,8,0,0,2048,0.8,
16,26,14,0,2024,0.64,
16,20,1,0,2025,0.96,
17,18,32,0,2046,1.12,
16,17,0,0,2048,1.12,
16,20,33,0,2045,0.8,
16,0,1,0,2036,1.6,
16,35,10,0,2020,1.28,
16,15,0,1,2041,1.6,
16,12,0,1,2036,1.28,
16,24,0,1,2034,1.44,
17,17,0,0,2048,1.6,
16,16,1,0,2022,1.28,
16,15,6,0,2018,1.12,
16,18,31,0,2043,0.96,
16,17,6,0,2018,0.64,
16,15,13,0,2027,0.96,
16,14,29,0,2035,1.12,
17,0,0,0,2048,1.12,
16,31,33,0,2039,0.48,
16,14,35,0,2042,1.12,
16,2,0,0,2048,0.8,
16,25,0,0,2048,1.44,
16,14,8,0,2022,1.6,
16,15,10,0,2024,0.32,
16,20,0,0,2048,1.44,
17,6,0,0,2048,1.28,
16,29,4,0,2047,0.96,
16,13,1,0,2043,0.96,
16,19,1,1,2037,1.92,
16,9,0,1,2045,0.96,
16,24,0,1,2041,1.28,
16,17,0,0,2048,0,
16,15,12,0,2024,1.12,
17,1,0,0,2048,0.96,
16,36,0,0,2048,1.28,
16,11,0,1,2043,1.92,
16,15,29,0,2043,1.6,
16,27,31,0,2045,1.6,
16,5,24,0,2036,0.48,
16,29,14,0,2026,1.92,
16,13,16,0,2028,1.12,
17,19,30,0,2044,0.8,
16,17,32,0,2046,1.6,
16,5,33,0,2046,1.12,
16,27,0,0,2048,1.12,
16,3,1,0,2015,0.8,
16,26,3,0,2017,0.8,
16,12,5,0,2019,0.64,
17,23,0,1,2029,1.12,
16,14,0,0,2048,0.96,
16,17,11,0,2025,0.8,
16,16,0,0,2048,1.12,
16,0,15,0,2029,1.12,
16,28,0,1,2043,1.44,
16,7,0,1,2039,0.64,
16,27,0,0,2048,1.12,
17,16,12,0,2026,0.96,
16,7,14,0,2028,0.64,
16,22,0,1,2023,0.64,
16,1,2,0,2017,0.96,
16,28,0,1,2036,2.4,
16,18,21,0,2033,1.28,
16,10,0,0,2048,1.12,
16,23,13,0,2027,1.28,
17,0,27,0,2039,1.76,
16,31,17,0,2031,1.6,
16,16,33,0,2047,1.76,
16,1,16,0,2029,2.4,
16,33,0,0,2048,0.96,
16,14,10,0,2024,1.92,
16,4,12,0,2026,1.6,
16,33,29,0,2043,0.64,
17,18,0,0,2048,1.92,
16,19,28,0,2047,0.64,
16,16,0,0,2048,1.92,
16,15,0,2,2039,1.76,
16,17,5,0,2017,2.24,
16,15,7,0,2019,0.96,
16,22,9,0,2021,1.44,
17,0,11,0,2023,1.44,
16,30,0,1,2032,0.64,
16,17,1,1,2026,1.12,
16,13,0,1,2021,1.12,
16,7,7,0,2019,1.12,
16,23,16,0,2046,1.12,
16,7,7,0,2021,2.08,
16,27,26,0,2036,1.12,
17,6,0,0,2048,0.96,
16,23,13,0,2027,0.8,
16,13,20,0,2032,1.76,
16,8,22,0,2034,1.28,
16,20,0,0,2048,1.12,
16,15,0,0,2048,1.12,
16,14,6,0,2018,1.6,
16,18,4,0,2019,1.44,
17,19,12,0,2026,0.96,
16,18,9,0,2023,1.28,
16,10,0,0,2048,0.48,
16,21,23,0,2047,0.48,
16,15,3,0,2017,1.92,
16,17,0,0,2048,0.64,
16,15,0,1,2043,1.12,
16,3,8,0,2020,1.12,
17,30,0,0,2048,1.28,
16,18,0,0,2048,2.24,
16,18,0,0,2048,0.8,
16,20,0,0,2048,0.64,
16,9,18,0,2031,0.96,
16,26,5,0,2017,1.92,
16,9,22,0,2034,1.28,
17,25,25,0,2037,1.44,
16,0,0,0,2048,1.28,
16,31,20,0,2034,0.8,
16,16,22,0,2036,1.44,
16,16,1,0,2020,0.32,
16,6,26,0,2040,1.92,
16,22,28,0,2042,1.76,
16,16,14,0,2028,0.8,
17,9,6,0,2018,0.96,
16,22,18,0,2032,0.96,
16,18,10,0,2022,1.12,
16,12,0,1,2021,1.28,
16,16,0,0,2048,0.96,
16,14,26,0,2040,0.48,
16,2,0,0,2048,0.8,
16,31,0,1,2040,1.92,
17,9,0,0,2048,2.08,
16,21,0,0,2048,2.08,
16,17,0,0,2048,1.28,
16,7,1,0,2023,0.64,
16,25,1,0,2015,1.6,
16,16,0,0,2048,0.96,
16,17,11,0,2025,1.12,
16,18,7,0,2021,1.12,
17,16,0,0,2048,1.6,
16,18,4,0,2018,0.96,
16,14,0,1,2024,2.24,
16,20,8,0,2022,1.44,
16,20,0,0,2048,2.4,
16,18,0,0,2048,1.28,
16,16,22,0,2036,0.96,
17,16,0,1,2043,0.96,
16,19,0,0,2048,1.28,
16,1,24,0,2047,1.12,
16,33,13,0,2021,0.64,
16,16,25,0,2039,0.8,
16,16,27,0,2041,0.64,
16,13,0,0,2048,0.32,
16,17,0,1,2045,0.48,
17,16,0,0,2048,1.76,
16,1,8,0,2022,0.48,
16,28,1,0,2025,1.28,
16,16,0,1,2029,1.6,
16,5,14,0,2028,1.44,
16,21,16,0,2030,0.8,
16,15,9,0,2023,0.64,
16,13,11,0,2025,1.44,
17,7,7,0,2021,0.64,
16,20,24,0,2036,1.28,
16,15,0,1,2032,1.12,
16,18,0,1,2028,2.08,
16,4,0,0,2048,1.28,
16,30,0,0,2048,1.44,
16,11,16,0,2047,1.6,
16,21,28,0,2042,1.28,
17,16,0,0,2048,1.76,
16,19,0,0,2048,1.12,
16,10,23,0,2047,1.12,
16,24,21,0,2035,0.48,
16,16,23,0,2037,0.16,
16,16,0,1,2016,1.12,
16,19,19,0,2029,0.96,
17,19,1,1,2023,0.96,
16,17,0,0,2048,1.6,
16,17,0,0,2048,1.12,
16,16,1,0,2035,1.44,
16,21,0,0,2048,0.96,
16,15,16,0,2030,0.96,
16,21,18,0,2032,1.12,
16,8,19,0,2032,1.92,
17,19,0,0,2048,1.92,
16,15,1,0,2015,1.44,
16,18,0,0,2048,1.6,
16,14,0,0,2048,0.48,
16,2,0,1,2029,1.44,
16,35,25,0,2037,0.96,
16,2,33,0,2046,1.92,
16,23,0,0,2048,0.96,
17,14,32,0,2044,1.12,
16,1,0,0,2048,0.8,
16,31,4,0,2018,1.28,
16,15,0,1,2032,0.48,
16,0,12,0,2024,1.44,
16,29,26,0,2040,0.96,
16,7,0,0,2048,0.96,
16,23,30,0,2044,0.96,
17,8,20,0,2032,1.6,
16,8,1,0,2045,0.96,
16,30,0,0,2022,1.28,
16,2,0,0,2048,1.12,
16,31,25,0,2039,1.12,
16,19,4,0,2018,1.44,
16,7,1,1,2018,1.28,
17,28,0,0,2048,1.6,
16,17,0,0,2048,1.12,
16,0,24,0,2032,1.44,
16,33,0,0,2048,1.28,
16,8,19,0,2033,0.96,
16,24,21,0,2035,1.12,
16,15,33,0,2039,1.6,
16,11,35,0,2041,1.6,
17,24,18,0,2030,0.96,
16,14,20,0,2033,2.24,
16,11,0,0,2048,0.96,
16,24,22,0,2034,1.12,
16,16,1,0,2023,1.76,
16,15,26,0,2038,0.32,
16,13,0,1,2022,1.44,
16,3,30,0,2042,0.32,
17,30,0,0,2048,0.8,
16,15,0,1,2033,0.96,
16,6,0,0,2048,0.64,
16,14,0,0,2048,1.28,
16,26,0,0,2048,0.96,
16,16,0,0,2048,1.12,
16,18,20,0,2030,1.28,
16,17,0,1,2022,1.12,
17,16,24,0,2034,1.44,
16,4,9,0,2021,1.44,
16,31,0,0,2048,1.44,
16,16,17,0,2032,1.28,
16,10,0,1,2039,1.28,
16,23,0,1,2035,1.44,
16,5,24,0,2038,0.48,
17,26,3,0,2017,1.44,
16,7,1,1,2019,0.96,
16,24,1,0,2033,0.64,
16,18,20,0,2032,0.8,
16,17,0,0,2048,0.96,
16,16,0,0,2048,0.64,
16,18,27,0,2039,0.64,
16,10,1,0,2021,1.12,
17,24,0,0,2048,0.16,
16,16,2,0,2016,0.96,
16,14,0,0,2048,0.96,
16,15,12,0,2026,0.96,
16,17,0,1,2040,1.6,
16,16,0,0,2048,1.76,
16,4,18,0,2032,2.24,
16,32,5,0,2017,1.28,
17,16,7,0,2019,0.64,
16,16,0,0,2048,0.64,
16,18,1,0,2035,1.44,
16,16,23,0,2037,1.28,
16,17,25,0,2037,1.6,
16,0,27,0,2039,1.6,
16,30,29,0,2041,0.32,
16,17,0,1,2027,0.96,
17,16,6,0,2018,1.12,
16,10,1,0,2017,1.28,
16,20,10,0,2022,1.44,
16,15,20,0,2032,1.6,
16,14,0,0,2048,0.8,
16,18,0,0,2031,0.64,
16,0,0,0,2048,1.44,
17,30,0,1,2022,0.64,
16,18,0,0,2048,1.28,
16,12,0,0,2048,0.8,
16,17,3,1,2016,1.28,
16,4,12,0,2026,0.8,
16,27,14,0,2028,0.64,
16,1,0,1,2035,1.6,
16,35,0,1,2030,0.96,
17,11,4,0,2018,0.64,
16,22,1,0,2020,0.48,
16,14,8,0,2023,1.6,
16,0,0,0,2048,1.28,
16,34,17,0,2031,1.44,
16,15,24,0,2036,0.8,
16,19,0,0,2032,1.76,
16,0,28,0,2040,1.76,
17,32,6,0,2020,2.24,
16,16,32,0,2044,1.12,
16,0,16,0,2028,1.12,
16,33,0,0,2048,1.28,
16,17,0,0,2048,1.76,
16,16,22,0,2034,0.8,
16,0,18,0,2032,0.64,
16,32,0,1,2025,1.6,
17,6,28,0,2040,0.64,
16,27,30,0,2042,1.44,
16,13,19,0,2031,1.44,
16,20,28,0,2042,0.96,
16,16,0,0,2048,0.8,
16,16,0,0,2048,1.28,
16,9,1,0,2015,1.6,
17,21,3,0,2017,0.96,
16,7,5,0,2019,1.44,
16,26,7,0,2021,0.64,
16,10,9,0,2023,2.4,
16,17,0,0,2048,0.96,
16,14,0,0,2048,2.08,
16,21,23,0,2038,1.28,
16,4,7,0,2020,1.76,
17,30,10,0,2022,1.6,
16,8,27,0,2041,0.96,
16,24,29,0,2043,1.76,
16,13,26,0,2040,1.44,
16,17,0,0,2048,1.12,
16,16,20,0,2032,1.12,
16,18,0,1,2031,0.64,
16,1,0,1,2027,0.8,
17,31,0,1,2022,1.28,
16,15,1,0,2017,1.12,
16,18,0,0,2048,0.8,
16,18,9,0,2023,0.64,
16,15,1,1,2015,1.28,
16,14,0,0,2048,1.6,
16,18,15,0,2029,0.96,
16,0,1,1,2033,1.12,
17,33,0,0,2048,1.6,
16,11,0,0,2048,0.96,
16,21,0,0,2048,1.28,
16,6,0,0,2048,0.96,
16,22,20,0,2030,1.44,
16,9,22,0,2032,1.6,
16,21,24,0,2034,0.8,
17,16,26,0,2036,0.96,
16,21,28,0,2038,1.6,
16,4,13,0,2027,0.48,
16,26,8,0,2022,1.12,
16,14,0,0,2048,0.96,
16,5,12,0,2026,0.96,
16,25,0,0,2048,1.6,
16,14,16,0,2030,1.12,
17,2,0,1,2028,0.32,
16,30,0,1,2024,0.64,
16,2,28,0,2040,1.12,
16,32,30,0,2042,1.92,
16,18,0,0,2048,1.6,
16,18,4,0,2014,0.96,
16,16,21,0,2035,1.76,
16,2,2,0,2016,0.96,
17,31,0,0,2048,1.12,
16,17,6,0,2021,0.8,
16,15,22,0,2036,1.44,
16,18,0,0,2048,1.44,
16,18,0,0,2048,1.28,
16,19,2,0,2015,0.48,
16,9,0,0,2048,1.28,
16,16,24,0,2034,0.64,
17,25,13,0,2025,1.12,
16,16,0,1,2023,2.08,
16,3,31,0,2041,1.92,
16,28,33,0,2043,0.96,
16,2,12,0,2026,2.24,
16,27,14,0,2028,1.28,
16,17,0,1,2036,0.48,
17,7,23,0,2035,0.96,
16,21,0,0,2048,0.32,
16,16,27,0,2039,0.96,
16,14,0,1,2017,1.76,
16,2,31,0,2043,1.28,
16,34,9,0,2023,0.64,
16,6,22,0,2034,1.28,
16,22,24,0,2037,0.16,
17,15,9,0,2047,2.56,
16,17,0,1,2026,0.8,
16,16,0,1,2022,0.8,
16,15,0,1,2018,1.28,
16,1,23,0,2037,0.96,
16,34,2,0,2016,1.6,
16,16,18,0,2032,0.64,
16,10,4,0,2018,0.96,
17,24,21,0,2033,1.44,
16,17,11,0,2025,0.96,
16,16,1,1,2014,1.6,
16,19,27,0,2039,1.92,
16,5,12,0,2024,1.12,
16,28,32,0,2046,0.96,
16,11,16,0,2028,1.44,
16,9,0,1,2033,1.28,
17,27,1,0,2026,1.76,
16,8,24,0,2039,1.28,
16,23,26,0,2041,0.8,
16,18,0,0,2048,1.92,
16,19,8,0,2022,1.44,
16,3,1,0,2025,1.6,
16,32,12,0,2026,1.28,
17,1,2,0,2016,1.6,
16,29,16,0,2031,1.44,
16,16,19,0,2033,1.28,
16,16,21,0,2035,0.32,
16,12,0,1,2019,0.96,
16,9,0,0,2048,1.12,
16,18,2,0,2016,1.6,
16,12,16,0,2028,1.12,
17,17,21,0,2035,0.64,
16,18,8,0,2022,0.64,
16,13,10,0,2025,0.96,
16,20,24,0,2039,1.28,
16,8,26,0,2041,1.76,
16,23,12,0,2024,0.96,
16,17,14,0,2026,1.12,
16,2,16,0,2028,1.12,
17,30,18,0,2031,0.8,
16,17,0,0,2048,0.48,
16,16,0,0,2048,0.32,
16,16,0,0,2048,0.8,
16,17,0,0,2048,1.28,
16,18,0,1,2027,1.28,
16,16,0,0,2048,0.8,
16,18,13,0,2027,0.8,
17,1,0,0,2048,1.76,
16,34,0,0,2048,1.6,
16,16,0,0,2048,1.44,
16,17,21,0,2035,2.4,
16,16,1,0,2015,1.6,
16,13,3,0,2017,1.76,
16,20,0,0,2048,1.12,
17,14,0,0,2048,0.96,
16,17,22,0,2035,1.6,
16,4,24,0,2037,1.44,
16,25,0,1,2022,2.72,
16,18,0,1,2018,0.8,
16,16,30,0,2039,1.12,
16,6,32,0,2040,1.12,
16,25,16,0,2028,2.24,
17,16,33,0,2044,1.6,
16,1,0,0,2048,0.8,
16,27,23,0,2035,0.48,
16,15,25,0,2037,0.8,
16,14,0,0,2048,0.8,
16,16,0,0,2048,0.96,
16,0,0,0,2048,1.12,
16,34,33,0,2046,1.12,
17,15,10,0,2024,0.64,
16,14,12,0,2026,1.92,
16,19,0,0,2048,1.92,
16,17,16,0,2030,2.24,
16,0,1,0,2017,0.96,
16,32,9,0,2023,0.8,
16,16,11,0,2025,1.6,
16,19,2,0,2016,0.64,
17,19,26,0,2040,1.44,
16,11,10,0,2024,0.48,
16,23,0,1,2025,1.12,
16,18,0,1,2019,0.8,
16,3,2,0,2014,2.08,
16,31,15,0,2027,1.76,
16,17,17,0,2029,1.44,
17,0,0,0,2048,0.64,
16,34,0,1,2043,1.6,
16,15,0,0,2048,0.96,
16,15,25,0,2037,0.64,
16,4,1,0,2023,0.8,
16,25,1,0,2019,1.44,
16,16,1,0,2015,1.44,
16,19,3,0,2017,0.8,
17,1,10,0,2024,0.96,
16,26,12,0,2026,1.28,
16,16,0,0,2048,0.32,
16,15,2,0,2016,1.28,
16,17,0,0,2048,1.12,
16,15,0,0,2048,1.44,
16,12,0,1,2015,0.96,
16,18,0,0,2048,1.6,
17,4,17,0,2031,0.96,
16,27,2,0,2016,1.6,
16,17,21,0,2036,1.28,
16,9,7,0,2021,1.6,
16,23,23,0,2037,1.28,
16,16,0,1,2015,1.28,
16,17,13,0,2027,1.28,
16,17,0,0,2048,1.28,
17,20,1,1,2038,0.8,
16,6,0,0,2048,0.8,
16,30,0,0,2048,0.64,
16,14,0,1,2025,0.96,
16,18,25,0,2039,0.8,
16,17,0,0,2048,0.8,
16,17,29,0,2043,1.12,
17,17,31,0,2045,1.44,
16,17,23,0,2037,1.44,
16,14,0,0,2048,2.56,
16,21,3,0,2017,1.28,
16,0,12,0,2024,1.28,
16,30,25,0,2035,1.28,
16,18,27,0,2037,0.48,
16,7,19,0,2029,0.96,
17,18,0,0,2048,0.64,
16,6,0,0,2048,0.64,
16,26,25,0,2035,1.44,
16,15,27,0,2037,0.96,
16,6,0,1,2031,0.96,
16,19,11,0,2025,1.76,
16,19,13,0,2027,1.28,
16,15,15,0,2029,1.44,
17,10,31,0,2043,1.12,
16,18,0,0,2048,1.28,
16,17,21,0,2035,0.96,
16,1,1,0,2030,0.64,
16,31,0,1,2026,1.28,
16,16,0,0,2048,0.8,
16,7,1,0,2018,1.6,
16,25,1,0,2015,0.48,
17,19,17,0,2031,0.8,
16,13,1,0,2017,0.64,
16,11,2,0,2016,0.96,
16,26,5,0,2017,1.76,
16,19,0,0,2048,1.44,
16,7,15,0,2025,1.44,
16,27,0,1,2018,1.44,
17,5,0,0,2048,1.28,
16,29,25,0,2047,0.64,
16,18,22,0,2034,0.64,
16,16,18,0,2032,1.44,
16,16,26,0,2038,0.8,
16,17,28,0,2040,0.64,
16,17,30,0,2042,1.12,
16,18,27,0,2041,0.96,
17,6,0,1,2019,0.48,
16,22,0,0,2048,2.24,
16,10,0,0,2048,0,
16,21,25,0,2037,0.96,
16,0,27,0,2039,0.96,
16,29,28,0,2036,0.48,
16,16,0,0,2048,0.8,
16,16,1,0,2018,0.8,
17,16,16,0,2028,1.44,
16,12,10,0,2024,0.96,
16,20,0,0,2048,1.28,
16,15,0,0,2048,0.96,
16,15,16,0,2030,2.24,
16,15,0,0,2048,1.76,
16,2,0,0,2027,1.12,
16,32,0,1,2023,0.8,
17,17,25,0,2039,0.96,
16,16,0,0,2048,1.12,
16,17,5,0,2017,1.28,
16,11,25,0,2037,0.96,
16,20,20,0,2034,0.8,
16,9,29,0,2041,0.64,
16,24,31,0,2043,0.96,
17,8,17,0,2027,1.6,
16,14,28,0,2042,0.48,
16,24,30,0,2044,1.44,
16,17,32,0,2046,1.44,
16,17,0,0,2048,1.12,
16,20,1,0,2029,0.96,
16,9,0,0,2048,1.6,
16,23,1,0,2020,1.6,
17,8,0,0,2048,1.44,
16,24,1,0,2026,1.44,
16,16,20,0,2032,0.96,
16,15,0,1,2022,1.12,
16,11,0,0,2048,2.24,
16,21,1,0,2015,1.76,
16,18,0,0,2048,1.76,
16,2,5,0,2019,0.64,
17,30,1,0,2024,0.96,
16,0,14,0,2028,1.12,
16,29,8,0,2046,1.28,
16,19,5,0,2017,0.8,
16,16,0,1,2035,2.08,
16,12,22,0,2036,1.12,
16,19,11,0,2025,0.48,
16,13,26,0,2040,1.44,
17,10,15,0,2030,0.96,
16,25,0,0,2048,1.44,
16,1,32,0,2046,1.12,
16,31,22,0,2036,1.76,
16,16,24,0,2038,0.8,
16,19,0,1,2034,0.64,
16,16,0,0,2048,1.28,
17,17,0,0,2048,0.8,
16,0,0,1,2021,0.48,
16,32,11,0,2023,0.48,
16,15,0,0,2048,0.48,
16,0,1,0,2038,0.64,
16,32,17,0,2029,1.44,
16,15,19,0,2031,1.44,
16,15,0,0,2048,0.8,
17,18,4,0,2018,1.12,
16,17,33,0,2045,0.8,
16,1,0,1,2022,0.96,
16,27,0,1,2043,0.48,
16,15,5,0,2017,0.64,
16,12,4,0,2016,0.48,
16,22,27,0,2041,0.64,
16,5,29,0,2043,1.76,
17,15,0,1,2021,1.12,
16,31,30,0,2047,1.12,
16,17,17,0,2029,1.6,
16,16,27,0,2041,1.6,
16,5,29,0,2043,0.64,
16,27,0,0,2048,1.44,
16,4,0,1,2030,1.28,
16,29,0,0,2048,2.08,
17,16,0,0,2048,0.32,
16,16,0,0,2048,0.8,
16,19,3,0,2015,1.12,
16,16,0,0,2048,1.12,
16,18,0,1,2022,1.92,
16,16,17,0,2031,0.96,
16,14,19,0,2033,2.24,
17,16,0,0,2048,0.64,
16,16,32,0,2044,0.8,
16,1,0,0,2048,1.12,
16,31,10,0,2046,1.6,
16,16,0,1,2019,0.8,
16,7,31,0,2045,0.48,
16,22,2,0,2016,1.76,
16,1,27,0,2041,1.12,
17,30,26,0,2038,1.28,
16,13,28,0,2041,1.12,
16,5,16,0,2030,1.12,
16,31,23,0,2033,2.08,
16,0,28,0,2046,0.96,
16,31,0,1,2039,1.6,
16,2,30,0,2040,1.28,
16,30,26,0,2040,1.12,
17,17,0,1,2028,0.96,
16,15,0,0,2048,0.16,
16,16,9,0,2021,0.48,
16,0,0,0,2048,0.64,
16,33,1,0,2036,1.6,
16,19,0,0,2048,2.4,
16,17,0,0,2048,2.24,
16,14,20,0,2032,1.28,
17,4,0,0,2048,1.12,
16,29,33,0,2043,1.28,
16,20,1,2,2028,1.44,
16,10,15,0,2045,0.16,
16,22,0,1,2043,0.64,
16,4,2,0,2016,0.8,
16,28,11,0,2023,1.12,
17,17,30,0,2042,0.48,
16,17,27,0,2039,1.12,
16,16,29,0,2046,1.6,
16,17,31,0,2043,0.8,
16,0,0,1,2041,1.92,
16,33,17,0,2031,1.44,
16,16,0,1,2043,0.48,
16,1,0,0,2048,1.6,
17,36,32,0,2046,0.96,
16,3,0,0,2048,0.32,
16,18,33,0,2046,1.12,
16,27,0,0,2048,0.64,
16,14,0,1,2044,0.96,
16,15,1,0,2015,1.76,
16,15,0,0,2048,0.8,
16,16,0,1,2030,1.44,
17,15,19,0,2035,0.96,
16,12,0,1,2019,0.8,
16,16,23,0,2040,0.8,
16,19,26,0,2042,1.44,
16,2,28,0,2044,0.8,
16,30,30,0,2046,0.64,
16,13,31,0,2048,1.12,
16,13,1,0,2015,0.48,
17,16,34,0,2044,1.6,
16,15,19,0,2045,1.28,
16,14,29,0,2041,0.48,
16,2,31,0,2043,0.8,
16,33,32,0,2046,0.96,
16,16,23,0,2037,0.96,
16,14,32,0,2044,1.6,
17,16,0,0,2048,0.48,
16,17,0,0,2048,0.96,
16,16,0,0,2048,1.28,
16,17,0,1,2025,0.96,
16,17,0,0,2048,1.76,
16,14,0,0,2048,0.8,
16,22,0,0,2048,0.96,
16,0,1,0,2032,0.96,
17,35,1,1,2032,1.6,
16,16,10,0,2022,1.28,
16,18,0,0,2048,1.76,
16,18,0,0,2048,1.6,
16,17,0,0,2048,0.8,
16,17,24,0,2038,0.64,
16,15,26,0,2040,0.96,
16,15,28,0,2042,1.44,
17,17,27,0,2047,1.12,
16,18,22,0,2034,1.44,
16,15,24,0,2036,1.12,
16,16,31,0,2043,1.6,
16,17,0,1,2039,1.76,
16,15,31,0,2046,0.64,
16,16,32,0,2044,0.96,
16,17,0,1,2042,0.32,
17,12,4,0,2046,1.44,
16,17,0,0,2048,0.64,
16,1,0,0,2048,1.12,
16,33,0,0,2048,0.64,
16,0,0,0,2048,0.64,
16,27,0,0,2048,1.76,
16,3,1,0,2034,0.96,
17,18,1,0,2018,0.8,
16,27,27,0,2041,0.96,
16,0,0,1,2018,1.6,
16,31,19,0,2033,1.44,
16,0,31,0,2047,1.44,
16,32,0,1,2026,0.64,
16,3,0,1,2044,0.96,
16,20,1,0,2040,1.28,
17,21,1,1,2036,0.48,
16,20,21,0,2035,1.76,
16,0,1,1,2026,0.8,
16,34,4,0,2047,0.64,
16,17,25,0,2037,1.76,
16,17,13,0,2024,1.76,
16,18,31,0,2045,1.12,
16,16,29,0,2047,1.12,
17,2,25,0,2039,1.44,
16,30,0,0,2048,1.28,
16,9,0,0,2048,0,
16,23,4,0,2016,0.8,
16,8,0,0,2048,1.76,
16,24,0,0,2048,0.96,
16,15,0,0,2038,1.12,
16,15,0,0,2048,1.92,
17,5,0,1,2031,1.28,
16,24,1,0,2030,1.12,
16,14,0,1,2021,1.28,
16,18,0,0,2017,0.96,
16,12,32,0,2047,0.8,
16,19,1,0,2027,0.8,
16,17,27,0,2039,0.64,
17,16,31,0,2043,0.48,
16,15,10,0,2020,0.8,
16,14,0,0,2048,0.48,
16,16,22,0,2036,0.96,
16,1,23,0,2035,0.64,
16,29,26,0,2040,0.96,
16,16,27,0,2039,0.96,
16,17,1,0,2026,1.6,
17,17,0,0,2048,0.8,
16,18,0,0,2048,1.44,
16,12,2,0,2014,0.96,
16,25,30,0,2041,1.44,
16,19,0,0,2048,1.44,
16,16,35,0,2045,1.12,
16,14,0,0,2048,0.8,
16,15,0,0,2048,0.8,
17,15,0,1,2039,1.44,
16,15,1,0,2034,0.96,
16,5,4,0,2016,1.28,
16,30,0,1,2016,1.28,
16,17,9,0,2023,1.28,
16,16,0,0,2048,1.28,
16,2,17,0,2047,0.64,
16,29,31,0,2043,1.12,
17,17,31,0,2043,0.96,
16,17,0,1,2035,1.12,
16,16,0,1,2029,0.48,
16,10,24,0,2038,1.28,
16,20,24,0,2037,0.48,
16,12,28,0,2042,1.12,
16,10,29,0,2043,1.12,
17,28,25,0,2039,0.8,
16,17,19,0,2047,1.44,
16,0,0,1,2019,1.44,
16,31,30,0,2040,0.64,
16,18,3,0,2017,0.64,
16,16,34,0,2044,1.12,
16,16,0,0,2048,0.64,
16,9,0,0,2048,1.12,
17,20,0,0,2048,1.12,
16,17,0,0,2048,0.64,
16,15,5,0,2019,1.6,
16,17,0,0,2048,1.44,
16,14,1,0,2015,1.28,
16,20,8,0,2021,1.76,
16,0,11,0,2023,1.92,
16,34,26,0,2040,0.64,
17,16,0,1,2045,1.44,
16,16,1,0,2015,1.28,
16,2,0,0,2048,1.76,
16,33,22,0,2034,1.76,
16,8,0,1,2023,0.96,
16,20,28,0,2042,0.96,
16,16,28,0,2040,0.96,
16,1,24,0,2036,1.12,
17,35,15,0,2029,1.12,
16,16,0,0,2048,0.96,
16,4,1,0,2040,0.16,
16,26,0,0,2048,1.28,
16,10,0,0,2048,0.8,
16,25,33,0,2045,1.28,
16,10,0,0,2048,0.8,
17,5,0,0,2048,1.6,
16,31,0,1,2041,1.28,
16,14,0,2,2035,1.6,
16,14,0,1,2030,1.44,
16,15,0,1,2020,2.08,
16,16,0,1,2041,0.8,
16,16,1,0,2015,2.4,
16,7,32,0,2046,0.48,
17,28,9,0,2046,0.48,
16,6,0,1,2043,1.12,
16,25,14,0,2028,0.96,
16,15,0,0,2048,1.44,
16,20,19,0,2033,2.4,
16,15,27,0,2041,1.76,
16,16,26,0,2038,1.6,
16,18,31,0,2045,1.44,
17,18,27,0,2047,1.44,
16,16,0,1,2017,1.28,
16,2,32,0,2046,0.32,
16,32,5,0,2017,0.96,
16,19,0,0,2048,0.48,
16,18,0,0,2048,0.48,
16,17,33,0,2046,1.44,
16,14,17,0,2046,0.64,
17,15,0,0,2048,1.6,
16,17,0,0,2048,0.96,
16,16,0,0,2048,1.12,
16,9,0,0,2048,1.6,
16,25,0,1,2025,0.32,
16,1,0,1,2021,1.76,
16,26,1,0,2036,1.12,
17,13,0,1,2046,1.28,
16,18,0,1,2028,0,
16,16,0,1,2038,1.28,
16,13,1,0,2019,0.96,
16,12,0,1,2043,1.44,
16,6,26,0,2040,0.96,
16,21,28,0,2042,1.28,
16,19,27,0,2041,0.96,
17,3,32,0,2046,0.96,
16,31,0,0,2048,1.44,
16,16,31,0,2043,1.12,
16,13,0,0,2048,0.96,
16,17,0,0,2048,0.8,
16,13,28,0,2042,0.64,
16,6,4,0,2018,1.12,
16,36,30,0,2047,0.8,
17,15,8,0,2022,0.32,
16,0,3,0,2015,0.96,
16,35,0,0,2048,0.48,
16,19,7,0,2019,1.6,
16,15,10,0,2022,1.28,
16,20,12,0,2024,1.76,
16,19,0,1,2040,0.64,
16,17,32,0,2046,1.76,
17,16,24,0,2039,0.96,
16,18,0,1,2023,1.12,
16,17,29,0,2043,0.96,
16,8,31,0,2045,0.96,
16,23,26,0,2038,1.12,
16,16,22,0,2034,1.44,
16,11,30,0,2042,1.6,
17,20,0,1,2033,0.96,
16,17,33,0,2046,0.64,
16,13,13,0,2027,1.6,
16,13,0,0,2048,0.32,
16,11,0,0,2048,0.48,
16,15,0,1,2037,0.64,
16,14,0,0,2048,0.64,
16,13,31,0,2046,0.16,
17,9,0,0,2048,1.12,
16,23,0,1,2043,0.64,
16,14,0,1,2032,0.64,
16,17,0,0,2048,0.64,
16,18,5,0,2019,1.44,
16,10,0,0,2048,0.32,
16,13,0,0,2048,0.8,
16,24,29,0,2043,1.12,
17,17,21,0,2035,0.96,
16,18,9,0,2023,0.8,
16,16,0,0,2048,0.64,
16,16,0,1,2044,0.64,
16,16,0,1,2039,0.96,
16,20,17,0,2031,0.96,
16,20,0,0,2048,1.6,
16,3,16,0,2030,1.28,
17,29,11,0,2021,0.96,
16,19,1,0,2026,0.96,
16,18,15,0,2025,0.96,
16,18,1,1,2045,0.32,
16,18,3,0,2017,0.96,
16,2,0,1,2044,0.32,
16,29,0,0,2048,0.96,
17,15,33,0,2047,1.12,
16,11,11,0,2047,1.6,
16,18,0,0,2048,0.8,
16,4,1,0,2031,1.44,
16,30,0,1,2025,2.24,
16,2,0,1,2020,1.6,
16,25,0,0,2048,2.08,
16,13,0,0,2048,0.8,
17,14,30,0,2046,1.6,
16,16,0,1,2032,0.8,
16,19,0,0,2028,0.8,
16,16,0,1,2024,0.8,
16,11,0,1,2020,0.64,
16,17,0,1,2017,1.12,
16,7,0,1,2042,0.96,
16,20,18,0,2032,1.28,
17,17,14,0,2028,1.92,
16,20,7,0,2021,0.16,
16,16,18,0,2032,2.08,
16,17,26,0,2040,0.64,
16,18,1,0,2039,0.32,
16,5,31,0,2045,0.48,
16,33,18,0,2032,0.64,
16,16,2,0,2042,0.48,
17,17,10,0,2024,1.44,
16,19,0,0,2048,1.12,
16,17,7,0,2019,0.8,
16,15,0,0,2048,0.96,
16,17,0,0,2048,1.44,
16,18,0,1,2035,1.28,
16,18,19,0,2029,0.96,
17,12,21,0,2031,1.44,
16,22,1,0,2041,1.28,
16,2,0,0,2048,1.44,
16,29,30,0,2044,0.32,
16,16,32,0,2047,1.76,
16,16,13,0,2047,0.96,
16,12,0,1,2044,0.96,
16,7,22,0,2026,1.12,
17,15,26,0,2034,1.12,
16,10,3,0,2017,0.32,
16,11,0,0,2048,1.12,
16,16,32,0,2040,0.96,
16,13,0,0,2048,1.6,
16,18,0,0,2048,1.28,
16,17,1,0,2028,0.96,
16,8,0,0,2048,0.64,
17,12,31,0,2043,1.44,
16,3,1,0,2016,1.44,
16,30,0,0,2031,1.28,
16,18,0,1,2044,1.28,
16,16,0,0,2048,0.96,
16,2,0,0,2048,1.6,
16,32,0,0,2048,1.92,
16,19,13,0,2027,1.28,
17,23,0,0,2048,0.96,
16,21,17,0,2031,0.8,
16,4,31,0,2045,1.6,
16,32,15,0,2019,1.28,
16,17,0,0,2047,1.6,
16,16,1,0,2043,0.48,
16,18,31,0,2045,0.8,
17,18,23,0,2031,0.32,
16,0,6,0,2020,0.64,
16,34,27,0,2025,2.08,
16,14,10,0,2024,1.44,
16,17,0,0,2048,0.96,
16,6,33,0,2039,0.96,
16,27,35,0,2041,1.44,
16,16,35,0,2043,1.76,
17,2,2,0,2023,0.64,
16,22,38,0,2039,1.44,
16,6,0,1,2016,0.96,
16,21,2,0,2016,0.96,
16,4,0,0,2048,0.96,
16,25,0,1,2031,0.64,
16,17,1,0,2028,1.76,
16,3,0,0,2048,1.76,
17,25,0,0,2048,1.76,
16,15,0,0,2048,1.28,
16,9,33,0,2045,1.28,
16,26,7,0,2021,0.96,
16,15,28,0,2040,0.96,
16,1,30,0,2042,0.64,
16,38,4,0,2017,0.96,
16,17,16,0,2029,1.76,
17,19,0,0,2048,0.96,
16,18,21,0,2033,1.6,
16,2,0,0,2048,1.12,
16,38,15,0,2027,1.12,
16,18,0,0,2048,0.64,
16,1,19,0,2031,1.28,
16,35,0,0,2048,0.8,
17,19,1,1,2036,1.12,
16,18,24,0,2046,0.96,
16,17,1,1,2044,1.28,
16,15,8,0,2016,1.44,
16,17,0,0,2048,1.28,
16,8,0,0,2048,1.44,
16,23,0,0,2048,1.44,
16,12,1,0,2020,1.28,
17,16,1,0,2017,1.44,
16,4,35,0,2041,1.12,
16,21,0,1,2034,0.64,
16,11,0,0,2048,1.44,
16,16,21,0,2033,0.96,
16,9,31,0,2046,1.44,
16,21,10,0,2046,0.32,
16,14,0,1,2028,1.28,
17,4,13,0,2027,0.64,
16,19,0,1,2022,0.16,
16,13,0,1,2033,1.12,
16,15,19,0,2033,1.44,
16,16,18,0,2032,1.28,
16,17,20,0,2034,0.96,
16,16,22,0,2036,1.44,
16,18,0,0,2048,0.64,
17,17,32,0,2046,0.8,
16,23,0,0,2048,1.12,
16,23,8,0,2022,1.28,
16,20,32,0,2047,1.28,
16,16,0,0,2048,1.76,
16,17,0,0,2048,1.76,
16,17,16,0,2018,0.8,
17,0,0,0,2048,0.96,
16,36,0,0,2048,1.92,
16,17,2,0,2014,1.28,
16,1,31,0,2045,1.92,
16,35,4,0,2015,1.44,
16,16,7,0,2017,0.96,
16,15,1,0,2027,0.64,
16,17,33,0,2035,0.64,
17,15,0,1,2034,0.8,
16,13,19,0,2027,0.16,
16,10,21,0,2029,0.96,
16,11,0,1,2023,1.28,
16,6,1,0,2039,0.96,
16,19,27,0,2035,0.96,
16,14,0,0,2033,1.92,
16,0,0,0,2029,1.92,
17,29,29,0,2040,1.76,
16,15,31,0,2042,0.8,
16,15,0,0,2048,0.64,
16,13,0,0,2048,1.28,
16,16,0,0,2048,1.76,
16,18,0,1,2041,0.8,
16,17,0,0,2048,0.96,
16,18,0,0,2048,0.8,
17,19,0,0,2048,1.6,
16,18,24,0,2038,0.64,
16,20,9,0,2023,1.28,
16,22,4,2,2030,1.6,
16,20,10,0,2020,0.48,
16,18,15,0,2029,0.64,
16,19,4,0,2014,0.32,
17,19,6,0,2016,1.44,
16,17,1,1,2038,0.96,
16,21,29,0,2043,1.12,
16,17,1,1,2023,0.96,
16,18,26,0,2047,1.6,
16,15,0,0,2048,1.12,
16,18,1,0,2037,0.96,
16,5,1,1,2033,1.12,
17,27,33,0,2036,0.8,
16,13,36,0,2038,0.96,
16,9,0,0,2048,0.96,
16,16,0,0,2048,1.44,
16,6,19,0,2041,0.96,
16,15,0,1,2038,0.8,
16,15,5,0,2019,1.6,
16,9,0,1,2033,1.92,
17,19,0,0,2048,1.28,
16,17,2,0,2016,0.96,
16,0,8,0,2022,1.12,
16,27,0,0,2048,2.4,
16,14,0,1,2026,0.96,
16,15,1,0,2021,0.96,
16,8,28,0,2042,1.12,
16,25,2,0,2016,0.96,
17,18,32,0,2046,0.32,
16,0,12,0,2026,0.32,
16,36,14,0,2028,0.96,
16,8,2,0,2014,1.28,
16,33,0,0,2048,2.08,
16,19,3,0,2041,1.76,
16,21,12,0,2016,1.6,
17,19,23,0,2038,1.76,
16,19,1,1,2041,1.28,
16,19,0,0,2048,1.44,
16,6,28,0,2042,1.6,
16,32,30,0,2044,0.8,
16,13,1,0,2015,0.48,
16,20,4,0,2015,1.12,
16,4,0,0,2048,1.92,
17,27,0,0,2048,2.72,
16,15,11,0,2021,1.6,
16,15,0,0,2048,1.6,
16,13,15,0,2025,1.6,
16,4,0,0,2048,0.8,
16,17,19,0,2029,1.44,
16,14,0,0,2048,0.96,
16,3,1,0,2023,0.96,
17,23,6,0,2042,1.28,
16,3,27,0,2037,0.64,
16,19,8,0,2022,0.32,
16,19,0,1,2032,0.96,
16,0,0,1,2020,1.12,
16,15,1,0,2027,1.28,
16,23,20,0,2034,1.44,
16,12,0,0,2048,1.28,
17,23,20,0,2034,0.32,
16,0,0,0,2048,0.8,
16,32,5,0,2017,2.4,
16,4,21,0,2035,0.96,
16,34,28,0,2042,1.44,
16,19,2,1,2021,0.64,
16,21,27,0,2041,1.76,
17,22,33,0,2045,0.8,
16,19,12,0,2018,1.28,
16,18,0,0,2048,1.6,
16,3,0,0,2048,1.76,
16,34,27,0,2041,0.8,
16,18,29,0,2043,1.92,
16,21,0,0,2048,1.44,
16,15,13,0,2023,1.76,
17,12,32,0,2044,0.8,
16,25,17,0,2027,1.28,
16,10,0,0,2048,1.44,
16,20,0,0,2031,0.96,
16,13,0,0,2048,0.96,
16,1,0,1,2037,0.96,
16,25,1,0,2034,1.76,
16,9,1,0,2019,1.12,
17,2,25,0,2037,0.8,
16,27,27,0,2039,0.8,
16,15,27,0,2037,1.12,
16,0,31,0,2043,1.12,
16,26,31,0,2041,2.08,
16,12,33,0,2043,1.12,
16,19,32,0,2045,0.48,
16,3,10,0,2025,2.08,
17,25,0,0,2048,1.76,
16,16,4,0,2016,1.44,
16,16,0,0,2048,0.64,
16,18,23,0,2037,1.28,
16,17,0,0,2048,1.44,
16,22,0,0,2048,1.12,
16,19,14,0,2028,1.76,
17,15,0,0,2048,0.8,
16,26,29,0,2043,0.96,
16,20,1,1,2045,1.12,
16,18,29,0,2043,0.16,
16,7,20,0,2032,0.64,
16,28,0,0,2048,1.6,
16,15,20,0,2028,0.64,
16,16,21,0,2031,1.44,
17,22,1,1,2021,1.12,
16,16,25,0,2035,0.8,
16,15,28,0,2036,1.6,
16,0,29,0,2046,1.12,
16,31,7,0,2019,0.64,
16,8,0,1,2033,0.96,
16,24,11,0,2023,1.6,
16,4,12,0,2045,0.8,
17,20,0,1,2022,1.44,
16,12,0,0,2048,1.28,
16,11,0,0,2048,1.6,
16,15,1,0,2015,1.28,
16,7,0,1,2030,1.28,
16,24,0,0,2048,1.6,
16,14,0,0,2048,1.76,
16,12,1,0,2019,0.8,
17,15,26,0,2040,1.12,
16,17,0,0,2048,0.8,
16,16,0,0,2048,0.96,
16,17,0,1,2027,2.08,
16,8,0,1,2021,1.28,
16,26,0,1,2044,0.8,
16,19,0,0,2048,0.8,
17,20,26,0,2040,0.8,
16,17,1,1,2025,0.8,
16,19,26,0,2041,1.44,
16,23,0,0,2048,0.96,
16,18,7,0,2015,1.44,
16,18,12,0,2020,1.28,
16,20,28,0,2042,0.8,
16,4,0,0,2029,0.96,
17,32,15,0,2023,0.96,
16,18,30,0,2047,1.12,
16,15,4,0,2014,1.12,
16,17,8,0,2020,0.96,
16,14,0,0,2048,0.96,
16,19,1,0,2033,1.28,
16,16,0,0,2048,0.8,
16,14,0,0,2048,0.8,
17,12,0,0,2048,0.96,
16,8,34,0,2042,0.8,
16,16,23,0,2035,0.96,
16,15,0,1,2034,1.12,
16,15,0,0,2048,1.12,
16,14,10,0,2024,1.92,
16,4,0,1,2034,0.96,
16,20,22,0,2037,0.64,
17,11,17,0,2031,0.8,
16,15,0,1,2025,1.6,
16,15,17,0,2031,1.12,
16,15,20,0,2034,0.8,
16,10,22,0,2036,1.44,
16,23,24,0,2038,0.8,
16,15,0,1,2027,0.64,
17,20,0,0,2022,0.64,
16,16,9,0,2023,0.64,
16,20,3,1,2023,0.64,
16,18,0,0,2048,1.28,
16,18,0,0,2048,1.44,
16,16,11,0,2022,0.96,
16,23,0,0,2048,0.64,
16,16,16,0,2026,1.6,
17,21,0,0,2048,2.08,
16,21,1,1,2018,0.64,
16,20,3,1,2012,1.76,
16,18,29,0,2043,1.44,
16,10,1,0,2040,0.64,
16,20,0,0,2048,0.64,
16,16,1,0,2047,0.96,
16,16,0,1,2027,1.12,
17,0,0,1,2039,1.44,
16,28,0,0,2035,0.8,
16,9,1,0,2020,0.8,
16,4,33,0,2045,0.96,
16,18,31,0,2039,1.12,
16,10,4,0,2018,1.6,
16,20,0,1,2039,1.6,
16,7,30,0,2044,2.08,
17,22,37,0,2041,1.6,
16,10,0,1,2021,0.8,
16,12,0,1,2040,1.44,
16,12,0,0,2048,0.8,
16,2,2,0,2016,1.12,
16,30,0,0,2048,1.28,
16,1,7,0,2019,1.76,
17,17,1,0,2022,1.6,
16,30,0,0,2048,0.32,
16,14,3,0,2017,0.96,
16,27,0,0,2048,1.12,
16,10,25,0,2039,0.8,
16,28,19,0,2025,0.8,
16,4,0,1,2034,0.64,
16,33,31,0,2045,0.96,
17,1,17,0,2027,0.96,
16,34,0,1,2046,1.44,
16,16,0,0,2048,0.8,
16,19,23,0,2033,2.08,
16,19,29,0,2046,0.96,
16,8,28,0,2034,2.08,
16,26,30,0,2034,1.12,
16,13,13,0,2019,1.6,
17,20,15,0,2021,1.28,
16,15,17,0,2023,1.28,
16,9,19,0,2025,0.96,
16,16,1,0,2018,1.28,
16,6,0,0,2048,1.12,
16,17,25,0,2031,0.8,
16,13,0,0,2048,0.48,
16,6,0,0,2048,0.48,
17,16,0,1,2027,1.44,
16,23,0,1,2023,1.6,
16,16,0,1,2018,1.28,
16,15,12,0,2026,0.96,
16,17,9,0,2024,1.44,
16,12,19,0,2034,0.96,
16,25,18,0,2033,1.12,
17,16,0,1,2022,0.8,
16,12,0,1,2017,1.6,
16,21,15,0,2027,1.6,
16,18,0,0,2048,1.6,
16,22,0,0,2048,1.12,
16,19,21,0,2031,1.28,
16,20,32,0,2047,1.92,
16,17,0,0,2048,1.44,
17,1,14,0,2014,1.12,
16,35,17,0,2021,1.28,
16,17,0,1,2033,1.12,
16,16,1,0,2027,0.96,
16,20,1,1,2031,0.8,
16,15,7,0,2019,0.96,
16,12,5,0,2017,0.96,
16,8,0,0,2048,0.64,
17,23,9,0,2021,1.44,
16,16,0,1,2030,1.92,
16,5,0,0,2048,1.44,
16,18,36,0,2036,1.28,
16,12,0,1,2019,0.48,
16,19,0,1,2037,1.28,
16,13,18,0,2040,0.8,
16,15,0,1,2038,1.28,
17,16,0,1,2024,0.96,
16,1,12,0,2026,0.16,
16,32,14,0,2028,1.6,
16,6,0,0,2048,0.96,
16,22,18,0,2032,1.44,
16,18,1,1,2036,1.44,
16,18,4,0,2019,1.6,
17,19,21,0,2035,1.28,
16,15,23,0,2037,1.28,
16,19,1,0,2015,1.6,
16,20,27,0,2041,0.8,
16,22,32,0,2046,0.48,
16,21,9,0,2019,1.44,
16,19,31,0,2047,1.6,
16,21,3,0,2030,1.12,
17,16,1,0,2043,0.32,
16,16,0,1,2037,0.96,
16,16,0,0,2048,1.12,
16,17,22,0,2024,1.44,
16,15,0,0,2048,1.44,
16,19,26,0,2028,0.32,
16,13,2,0,2016,1.92,
16,0,4,0,2018,1.44,
17,30,14,0,2026,0.96,
16,7,0,0,2048,0.96,
16,23,0,1,2033,0.8,
16,10,17,0,2029,0.48,
16,13,0,0,2048,0.8,
16,12,24,0,2036,1.12,
16,3,26,0,2038,1.12,
16,22,1,0,2016,1.28,
17,14,2,0,2016,0.64,
16,16,4,0,2018,1.44,
16,13,32,0,2044,1.28,
16,20,33,0,2046,0.8,
16,9,0,0,2048,0.8,
16,23,4,0,2019,1.12,
16,7,0,0,2048,1.6,
17,28,0,0,2048,0.8,
16,16,0,0,2048,2.08,
16,5,12,0,2024,0.8,
16,30,11,0,2023,0.8,
16,21,13,0,2025,1.44,
16,21,26,0,2040,1.6,
16,21,17,0,2029,1.12,
16,20,0,0,2048,1.6,
17,21,25,0,2039,1.12,
16,16,14,0,2020,1.28,
16,0,17,0,2031,0.96,
16,37,18,0,2030,1.12,
16,19,0,0,2048,0.32,
16,0,22,0,2028,0.8,
16,30,0,0,2022,0.32,
16,1,0,0,2048,1.44,
17,11,0,1,2035,0.8,
16,31,31,0,2043,0.48,
16,15,33,0,2045,1.28,
16,12,0,0,2048,1.6,
16,11,0,0,2048,0.96,
16,12,0,0,2048,0.32,
16,12,16,0,2026,0.16,
16,11,0,0,2048,0.64,
17,11,1,0,2038,0.8,
16,0,0,1,2034,0.8,
16,31,0,0,2048,2.08,
16,14,0,0,2048,1.44,
16,0,9,0,2023,0.96,
16,26,0,1,2019,0.8,
16,13,1,0,2030,0.96,
17,1,0,1,2027,1.12,
16,32,0,0,2048,1.6,
16,17,18,0,2032,2.08,
16,19,11,0,2020,0.96,
16,18,13,0,2022,0.96,
16,17,16,0,2026,0.48,
16,1,0,1,2020,0.8,
16,39,18,0,2030,0.64,
17,25,22,0,2032,0.8,
16,20,19,0,2047,1.12,
16,15,3,0,2043,0.96,
16,2,5,0,2013,1.76,
16,35,28,0,2040,0.8,
16,18,21,0,2021,0.96,
16,20,11,0,2019,0.8,
16,9,1,0,2016,1.28,
17,23,1,1,2014,1.76,
16,2,0,0,2048,1.28,
16,29,9,0,2017,1.28,
16,6,0,0,2048,1.44,
16,23,35,0,2035,0.8,
16,12,15,0,2024,1.92,
16,7,0,0,2048,0.96,
16,16,20,0,2028,1.12,
17,5,0,1,2016,0.32,
16,17,0,0,2048,0.96,
16,14,5,0,2019,1.12,
16,15,0,0,2048,0.48,
16,14,0,1,2027,0.8,
16,14,0,1,2015,0.96,
16,17,2,0,2017,1.12,
17,13,15,0,2030,0.8,
16,21,20,0,2034,0.48,
16,16,6,0,2017,1.12,
16,17,2,0,2016,0.48,
16,18,0,1,2030,1.12,
16,9,6,0,2020,0.96,
16,27,1,0,2026,0.8,
16,10,0,0,2048,0.8,
17,33,19,0,2029,0.8,
16,21,23,0,2037,1.44,
16,20,0,0,2048,0.64,
16,10,0,0,2048,0.64,
16,25,17,0,2021,1.76,
16,17,19,0,2024,0.96,
16,13,0,0,2023,0.64,
16,20,0,0,2048,0.64,
17,19,4,0,2016,1.28,
16,15,0,0,2048,1.44,
16,14,0,0,2048,2.08,
16,13,0,0,2048,1.28,
16,2,0,1,2020,1.12,
16,27,0,0,2048,1.6,
16,14,20,0,2034,0.64,
16,1,0,0,2048,0.64,
17,23,0,0,2048,0.64,
16,1,1,0,2015,1.44,
16,28,4,0,2016,1.12,
16,1,0,1,2033,1.44,
16,30,28,0,2040,1.6,
16,9,4,0,2016,0.96,
16,23,0,0,2048,0.8,
17,14,0,0,2048,1.44,
16,19,2,1,2041,1.6,
16,13,0,0,2048,1.28,
16,24,9,0,2019,1.76,
16,14,0,1,2030,1.6,
16,18,0,0,2048,0.8,
16,0,0,0,2048,1.12,
16,35,3,0,2013,0.96,
17,23,6,0,2020,1.76,
16,19,0,0,2048,1.76,
16,19,26,0,2046,1.28,
16,16,3,0,2013,1.28,
16,24,1,0,2033,1.44,
16,17,6,0,2017,1.76,
16,17,9,0,2019,0.96,
16,17,11,0,2021,1.12,
17,7,31,0,2045,1.44,
16,8,25,0,2039,1.12,
16,27,0,1,2042,1.12,
16,0,9,0,2019,0.96,
16,28,0,1,2035,1.28,
16,14,0,1,2031,1.76,
16,17,15,0,2025,1.6,
16,13,5,0,2019,1.12,
17,12,19,0,2029,1.6,
16,11,21,0,2031,1.76,
16,18,0,0,2048,0.48,
16,16,0,0,2048,0.8,
16,12,0,0,2048,0.48,
16,17,0,1,2025,0.8,
16,9,0,0,2048,0.48,
17,21,0,1,2018,0.96,
16,14,24,0,2038,0.32,
16,0,6,0,2014,1.44,
16,32,0,0,2048,0.96,
16,19,0,1,2031,1.28,
16,2,11,0,2024,1.28,
16,35,14,0,2028,1.12,
16,17,3,0,2015,1.44,
17,22,29,0,2043,1.92,
16,20,31,0,2045,0.32,
16,21,26,0,2047,0.96,
16,7,25,0,2039,0.32,
16,26,7,0,2015,0.32,
16,9,0,1,2036,1.28,
16,24,1,0,2032,0.64,
16,21,19,0,2031,1.12,
17,17,0,1,2020,1.6,
16,15,23,0,2035,1.92,
16,18,1,1,2039,1.44,
16,5,31,0,2043,0.96,
16,28,0,1,2035,1.6,
16,15,0,0,2048,0.96,
16,9,0,0,2048,0.96,
16,17,0,1,2024,0.96,
17,17,0,0,2048,0.64,
16,15,0,1,2016,1.44,
16,13,0,0,2048,1.12,
16,6,9,0,2023,1.28,
16,21,7,0,2019,0.8,
16,8,0,0,2048,1.44,
16,22,15,0,2029,0.48,
17,0,0,1,2020,0.96,
16,29,19,0,2033,0.32,
16,15,17,0,2030,0.64,
16,7,5,0,2017,0.96,
16,21,0,1,2042,0.96,
16,17,9,0,2021,1.12,
16,20,8,0,2016,1.28,
16,18,10,0,2018,0.64,
17,3,15,0,2028,1.12,
16,29,0,0,2048,1.28,
16,18,0,0,2048,1.28,
16,19,0,0,2048,0.96,
16,19,0,0,2048,0.64,
16,18,0,0,2048,1.92,
16,16,0,1,2031,0.96,
16,6,12,0,2024,0.32,
17,31,0,0,2048,0.8,
16,19,5,0,2019,0.96,
16,14,19,0,2033,0.8,
16,10,9,0,2024,0.64,
16,26,30,0,2044,1.12,
16,15,0,1,2032,1.44,
16,0,0,1,2020,1.44,
16,28,0,0,2048,1.12,
17,8,2,0,2016,0.8,
16,23,32,0,2044,0.64,
16,12,6,0,2020,1.12,
16,15,8,0,2022,0.48,
16,15,0,1,2043,0.8,
16,14,10,0,2022,0.32,
16,17,12,0,2024,1.28,
17,17,4,0,2018,0.96,
16,13,0,0,2048,0.64,
16,15,8,0,2022,0.96,
16,16,10,0,2024,0.96,
16,14,5,0,2019,0.8,
16,17,0,0,2048,0.8,
16,16,9,0,2023,1.6,
16,14,0,1,2025,1.12,
17,19,13,0,2027,0.64,
16,15,0,0,2048,0.96,
16,11,0,0,2048,0.96,
16,21,0,0,2048,1.76,
16,20,29,0,2043,0.16,
16,22,10,0,2024,1.12,
16,16,12,0,2026,1.76,
16,3,3,0,2015,0.64,
17,31,16,0,2028,1.76,
16,17,7,0,2020,1.12,
16,16,20,0,2032,1.28,
16,18,12,0,2024,0.64,
16,15,24,0,2036,0.96,
16,16,0,0,2017,0.96,
16,16,2,0,2016,0.96,
16,19,0,1,2033,1.28,
17,18,1,0,2019,1.28,
16,16,24,0,2036,1.12,
16,4,0,0,2048,1.12,
16,27,6,0,2018,1.44,
16,16,0,0,2048,1.44,
16,17,0,0,2033,1.12,
16,0,0,1,2028,1.12,
17,30,0,0,2048,0.32,
16,0,31,0,2043,1.6,
16,28,0,1,2017,0.8,
16,11,1,0,2015,0.48,
16,6,5,0,2019,0.64,
16,31,0,0,2048,0.96,
16,3,0,1,2034,1.6,
16,29,11,0,2025,2.56,
17,14,13,0,2027,1.6,
16,1,29,0,2043,0.64,
16,33,15,0,2029,1.76,
16,7,2,0,2016,1.28,
16,22,9,0,2023,0.8,
16,15,21,0,2035,0.96,
16,14,0,1,2042,0.96,
16,10,14,0,2028,0.96,
17,31,1,0,2031,0.8,
16,17,31,0,2043,0.8,
16,14,2,0,2016,1.28,
16,6,0,0,2048,1.44,
16,34,0,0,2048,2.08,
16,18,0,0,2048,0.8,
16,16,0,0,2048,0.96,
16,16,0,1,2029,0.96,
17,16,0,0,2048,0.64,
16,0,31,0,2045,1.12,
16,28,0,0,2048,0.48,
16,12,5,0,2047,2.4,
16,11,0,1,2043,0.8,
16,22,6,0,2020,1.28,
16,14,8,0,2022,0.8,
17,1,10,0,2024,1.12,
16,27,0,1,2021,1.92,
16,13,1,0,2018,0.8,
16,10,3,0,2017,0.8,
16,19,33,0,2041,1.12,
16,1,7,0,2021,0.96,
16,28,8,0,2020,0.8,
16,14,0,0,2037,1.76,
17,0,0,0,2019,1.76,
16,32,0,1,2029,0.96,
16,0,30,0,2044,0.64,
16,34,0,0,2048,0.96,
16,8,6,0,2021,0.8,
16,27,1,0,2030,1.6,
16,17,8,0,2022,0.96,
16,19,0,0,2048,0.64,
17,19,12,0,2026,0.96,
16,19,0,0,2048,1.28,
16,18,0,0,2048,1.44,
16,17,0,0,2048,0.32,
16,17,14,0,2020,0.8,
16,16,9,0,2021,1.28,
16,14,11,0,2023,0.8,
16,4,20,0,2026,1.12,
17,35,1,0,2030,0.96,
16,18,1,1,2023,0.8,
16,17,17,0,2029,2.08,
16,17,11,0,2017,1.28,
16,10,21,0,2033,1.76,
16,19,0,1,2044,1.44,
16,15,17,0,2023,1.92,
17,5,10,0,2024,1.76,
16,23,21,0,2027,1.28,
16,12,0,1,2030,1.92,
16,14,2,0,2016,0.64,
16,6,0,0,2048,0.64,
16,17,0,0,2048,1.12,
16,8,0,0,2048,1.28,
16,24,4,0,2019,1.44,
17,16,0,0,2048,2.56,
16,16,0,1,2023,0.48,
16,16,0,1,2018,2.08,
16,16,4,0,2018,1.28,
16,15,0,0,2048,0.96,
16,16,0,1,2043,0.96,
16,17,0,0,2048,0.96,
16,9,0,0,2034,2.56,
17,29,23,0,2037,2.56,
16,13,17,0,2031,1.76,
16,10,30,0,2047,1.28,
16,34,19,0,2031,1.6,
16,21,9,0,2015,2.24,
16,19,32,0,2044,2.24,
16,18,15,0,2025,1.44,
16,8,1,0,2041,1.44,
17,25,17,0,2023,0.64,
16,18,21,0,2031,1.44,
16,1,33,0,2045,0.64,
16,33,0,0,2048,0.64,
16,13,0,0,2048,0.96,
16,0,0,0,2048,1.28,
16,31,17,0,2027,0.96,
17,1,28,0,2036,0.64,
16,29,0,0,2048,1.12,
16,13,32,0,2041,0.96,
16,2,15,0,2027,0.48,
16,25,17,0,2029,0.96,
16,10,0,1,2017,1.92,
16,9,0,1,2035,1.28,
16,20,3,0,2017,1.28,
17,13,0,1,2028,0.64,
16,13,4,0,2018,1.12,
16,0,15,0,2029,0.8,
16,31,8,0,2022,1.92,
16,8,0,1,2019,1.28,
16,26,9,0,2021,1.6,
16,18,7,0,2013,1.44,
16,18,32,0,2047,2.08,
17,8,1,1,2033,1.28,
16,24,0,1,2027,0.96,
16,20,26,0,2040,0.8,
16,17,21,0,2033,1.12,
16,19,0,0,2048,1.28,
16,18,32,0,2046,0.64,
16,3,0,0,2048,0.96,
16,36,32,0,2047,1.12,
17,16,0,0,2048,1.6,
16,19,0,0,2048,1.28,
16,18,0,0,2048,1.92,
16,19,3,0,2015,0.96,
16,5,0,0,2048,1.92,
16,26,0,0,2048,1.12,
16,17,0,0,2048,1.44,
17,16,13,0,2027,0.8,
16,12,0,1,2029,0.8,
16,14,0,0,2025,1.44,
16,13,17,0,2029,0.96,
16,16,0,1,2019,1.28,
16,15,16,0,2028,0.8,
16,17,9,0,2023,0.96,
16,14,1,0,2015,0.96,
17,15,0,1,2044,1.6,
16,15,15,0,2029,1.28,
16,17,17,0,2031,1.28,
16,17,0,0,2048,0.64,
16,0,0,0,2048,0.64,
16,29,0,1,2024,0.64,
16,11,0,0,2048,1.76,
16,20,0,0,2048,0.96,
17,5,0,0,2048,0.48,
16,30,0,0,2048,0.64,
16,13,0,0,2048,0.96,
16,23,1,1,2045,1.92,
16,0,1,0,2040,1.44,
16,37,1,0,2032,1.28,
16,19,10,0,2018,1.44,
16,10,13,0,2023,0.48,
17,24,31,0,2043,0.16,
16,19,0,0,2048,0.64,
16,15,0,0,2023,1.28,
16,0,21,0,2031,1.28,
16,33,11,0,2024,1.12,
16,14,0,1,2021,0.32,
16,8,22,0,2033,1.44,
17,26,0,1,2015,1.12,
16,13,1,0,2047,1.12,
16,16,0,1,2044,0.16,
16,18,24,0,2036,1.6,
16,15,6,0,2020,0.96,
16,14,0,1,2017,1.76,
16,1,10,0,2024,1.12,
16,26,1,0,2022,0.96,
17,14,14,0,2028,1.12,
16,1,0,0,2048,0.96,
16,27,10,0,2024,0.8,
16,16,12,0,2026,2.08,
16,15,0,0,2048,0.64,
16,16,0,0,2048,0.64,
16,17,0,0,2048,1.12,
16,19,6,0,2020,1.44,
17,17,2,0,2014,1.76,
16,1,3,0,2025,0.8,
16,34,12,0,2026,1.6,
16,15,0,0,2016,0.8,
16,3,0,1,2040,0.8,
16,32,4,0,2018,2.24,
16,7,0,1,2023,1.92,
16,27,8,0,2022,1.92,
17,3,22,0,2034,1.6,
16,29,1,0,2015,1.12,
16,3,25,0,2033,1.12,
16,30,27,0,2035,1.12,
16,22,19,0,2033,0.96,
16,14,11,0,2025,0.64,
16,17,4,0,2018,0.64,
17,14,1,0,2018,1.44,
16,13,1,0,2015,0.64,
16,7,10,0,2024,1.28,
16,29,12,0,2027,1.44,
16,15,15,0,2029,1.6,
16,14,0,0,2048,0.8,
16,0,0,0,2016,2.24,
16,29,2,0,2017,1.44,
17,9,4,0,2019,0.8,
16,18,1,0,2015,0.32,
16,22,3,0,2017,0,
16,8,1,0,2020,1.44,
16,21,0,1,2016,0.96,
16,15,10,0,2024,0.64,
16,15,5,0,2017,1.28,
16,16,14,0,2026,1.28,
17,16,0,1,2019,2.08,
16,13,0,1,2015,1.92,
16,10,20,0,2032,1.28,
16,22,22,0,2034,1.12,
16,2,7,0,2017,1.12,
16,35,9,0,2020,1.44,
16,19,3,0,2015,0.8,
16,9,1,0,2016,1.76,
17,25,1,1,2040,1.28,
16,19,0,0,2048,1.28,
16,16,0,0,2048,0.96,
16,16,0,0,2048,0.96,
16,16,0,0,2048,2.4,
16,15,0,0,2048,1.44,
16,13,0,0,2048,0.64,
17,15,0,0,2048,1.12,
16,17,0,0,2048,0.96,
16,14,0,0,2048,0.96,
16,18,11,0,2023,1.28,
16,1,13,0,2025,0.64,
16,27,15,0,2027,0.48,
16,6,2,0,2016,0.96,
16,26,11,0,2023,1.44,
17,17,13,0,2025,1.44,
16,8,14,0,2028,0.96,
16,12,1,0,2019,1.12,
16,20,1,0,2015,1.28,
16,16,5,0,2019,1.44,
16,17,5,0,2019,1.44,
16,0,7,0,2021,1.44,
16,34,9,0,2023,0.48,
17,15,0,0,2048,0.8,
16,20,1,0,2034,0.8,
16,21,0,0,2048,0.96,
16,17,1,1,2018,1.6,
16,1,0,0,2048,0.96,
16,36,1,1,2038,0.32,
16,18,1,1,2030,0.8,
16,19,11,0,2019,1.76,
17,18,0,0,2048,2.08,
16,16,11,0,2023,0.16,
16,16,2,0,2016,1.6,
16,1,4,0,2016,1.12,
16,33,17,0,2029,0.64,
16,17,8,0,2020,0.48,
16,18,10,0,2022,1.12,
17,8,0,1,2028,1.6,
16,25,0,1,2024,1.12,
16,9,1,0,2015,1.76,
16,18,19,0,2031,1.44,
16,0,5,0,2019,1.44,
16,28,1,0,2031,0.64,
16,9,0,1,2027,0.96,
16,17,1,0,2027,1.92,
17,17,0,0,2048,0.8,
16,7,31,0,2045,0.16,
16,24,0,0,2048,0.64,
16,15,0,0,2048,1.12,
16,16,0,0,2048,1.12,
16,13,0,0,2048,1.44,
16,2,0,0,2048,0.96,
16,20,11,0,2023,0.96,
17,24,0,0,2048,1.12,
16,8,4,0,2018,1.12,
16,27,0,0,2048,1.44,
16,13,8,0,2022,0.96,
16,17,10,0,2024,0.64,
16,16,12,0,2026,1.28,
16,18,1,0,2036,0.96,
16,3,6,0,2020,0.64,
17,35,8,0,2022,1.12,
16,0,0,0,2048,1.12,
16,36,13,0,2027,1.12,
16,1,15,0,2046,0.96,
16,35,12,0,2018,1.28,
16,17,0,1,2037,1.12,
16,17,0,1,2026,0.8,
17,17,30,0,2042,0.8,
16,4,20,0,2021,0.8,
16,25,2,0,2015,0.48,
16,8,0,0,2048,0.32,
16,20,0,1,2043,0.96,
16,1,0,0,2048,0.8,
16,30,0,0,2048,1.76,
16,15,0,0,2048,0.8,
17,13,0,0,2048,2.08,
16,16,11,0,2023,1.12,
16,12,0,1,2015,0.96,
16,17,0,0,2048,0.96,
16,7,0,1,2024,1.28,
16,18,15,0,2029,1.6,
16,13,1,0,2017,1.12,
16,5,1,0,2015,1.6,
17,24,12,0,2026,1.76,
16,8,1,0,2021,1.44,
16,25,19,0,2046,1.12,
16,18,0,0,2048,2.08,
16,20,0,0,2048,1.28,
16,20,13,0,2027,1.12,
16,18,25,0,2039,1.12,
16,19,11,0,2023,1.12,
17,18,29,0,2043,2.24,
16,3,0,0,2048,1.44,
16,32,9,0,2021,0.48,
16,16,0,0,2048,1.28,
16,22,6,0,2018,0.96,
16,0,1,0,2015,0.96,
16,37,3,0,2017,1.12,
17,18,19,0,2031,2.4,
16,17,2,0,2014,1.12,
16,19,1,0,2039,0.8,
16,18,11,0,2025,0.96,
16,16,9,0,2021,1.76,
16,3,0,1,2016,0.8,
16,25,17,0,2031,1.44,
16,16,15,0,2027,0.96,
17,13,3,0,2017,0.48,
16,15,5,0,2020,0.96,
16,10,8,0,2022,1.92,
16,19,0,1,2021,1.44,
16,13,14,0,2029,1.28,
16,14,0,1,2016,0.32,
16,10,29,0,2041,1.44,
16,19,0,1,2021,2.4,
17,4,33,0,2045,0.96,
16,25,20,0,2046,0.8,
16,16,0,1,2022,0.48,
16,12,0,0,2048,1.12,
16,3,0,0,2048,1.44,
16,29,0,0,2048,0.8,
16,17,4,0,2018,1.28,
16,16,0,0,2048,0.8,
17,15,0,0,2048,0.48,
16,18,26,0,2041,0.8,
16,14,4,0,2018,2.08,
16,25,1,1,2017,1.28,
16,1,11,0,2025,1.44,
16,39,27,0,2040,0.64,
16,19,6,0,2047,1.44,
17,17,0,1,2042,1.12,
16,7,14,0,2016,0.8,
16,20,0,1,2028,0.8,
16,20,18,0,2020,1.12,
16,16,20,0,2026,1.76,
16,16,2,0,2014,1.92,
16,13,4,0,2016,0.96,
16,17,29,0,2043,1.12,
17,8,0,0,2023,1.6,
16,24,35,0,2041,1.6,
16,14,0,0,2048,1.6,
16,14,0,0,2048,1.92,
16,7,5,0,2019,0.96,
16,22,0,1,2019,0.96,
16,8,0,1,2016,0.96,
16,11,0,0,2048,0.8,
17,12,4,0,2018,1.6,
16,22,0,0,2048,0.48,
16,1,0,0,2048,1.6,
16,28,0,0,2048,0.8,
16,17,0,1,2024,1.44,
16,17,6,0,2016,0.8,
16,17,0,0,2048,1.12,
16,10,0,0,2048,0.96,
17,23,7,0,2019,0.64,
16,23,0,0,2024,1.6,
16,11,1,0,2031,1.6,
16,22,27,0,2041,0.96,
16,17,14,0,2026,0.96,
16,1,16,0,2028,0.96,
16,37,3,0,2015,0.96,
17,14,0,0,2048,1.12,
16,8,7,0,2019,1.12,
16,34,31,0,2041,0.64,
16,19,0,0,2048,1.92,
16,18,0,0,2048,0.32,
16,16,1,1,2038,1.12,
16,19,5,0,2018,1.44,
16,0,8,0,2020,1.76,
17,27,0,0,2048,1.6,
16,18,1,0,2020,1.44,
16,2,0,0,2048,0.48,
16,16,0,0,2048,2.08,
16,21,0,1,2018,0.96,
16,14,0,0,2048,1.12,
16,8,0,0,2048,2.24,
16,22,0,0,2048,1.12,
17,10,0,1,2016,0.8,
16,19,10,0,2022,0.64,
16,14,12,0,2024,0.64,
16,19,6,0,2020,0.8,
16,16,8,0,2022,1.6,
16,8,22,0,2036,1.28,
16,19,3,0,2017,2.08,
16,14,1,0,2028,1.12,
17,16,28,0,2042,1.28,
16,16,27,0,2039,1.92,
16,9,0,0,2048,1.12,
16,28,1,0,2015,0.96,
16,19,0,0,2048,0.64,
16,1,2,0,2040,1.44,
16,37,9,0,2018,1.28,
17,17,0,0,2048,0.64,
16,20,14,0,2026,1.28,
16,16,16,0,2028,0.48,
16,20,18,0,2026,0.64,
16,7,0,1,2018,2.08,
16,25,22,0,2030,1.28,
16,14,0,0,2048,1.28,
16,4,3,0,2013,1.28,
17,32,0,0,2048,0.8,
16,16,1,0,2019,1.76,
16,12,8,0,2019,0.96,
16,19,11,0,2021,2.56,
16,13,6,0,2018,1.76,
16,17,8,0,2020,1.44,
16,13,1,0,2015,1.12,
16,15,1,0,2034,0.8,
17,15,33,0,2045,1.6,
16,12,7,0,2022,1.28,
16,11,0,1,2044,0.64,
16,13,0,1,2041,0.96,
16,3,0,1,2017,1.12,
16,27,1,0,2015,1.28,
16,14,3,0,2017,1.92,
16,13,0,0,2048,1.28,
17,18,0,1,2026,1.44,
16,17,24,0,2038,1.44,
16,18,9,0,2023,0.96,
16,1,0,0,2048,0.8,
16,32,13,0,2027,0.32,
16,16,2,0,2014,0.48,
16,18,0,0,2048,1.28,
17,20,14,0,2020,1.28,
16,19,0,0,2048,1.76,
16,17,0,0,2048,1.12,
16,17,22,0,2032,0.48,
16,19,1,0,2018,1.12,
16,10,2,0,2029,1.44,
16,29,13,0,2047,2.24,
16,7,21,0,2033,1.92,
17,28,1,0,2036,1.12,
16,9,34,0,2044,1.28,
16,23,24,0,2036,0.32,
16,17,16,0,2026,1.44,
16,15,1,0,2016,2.08,
16,13,0,1,2037,2.08,
16,2,0,0,2048,0.96,
16,29,0,0,2048,1.28,
17,3,9,0,2021,0.96,
16,11,11,0,2023,0.64,
16,32,13,0,2026,1.12,
16,16,0,0,2048,0.8,
16,9,0,0,2048,0.48,
16,20,13,0,2025,0.8,
16,14,4,0,2018,0.48,
16,1,17,0,2029,1.28,
17,27,0,0,2048,1.6,
16,13,3,0,2017,0.8,
16,19,5,0,2020,1.12,
16,13,1,0,2015,1.44,
16,17,11,0,2026,1.44,
16,12,28,0,2040,0.96,
16,25,0,1,2018,0.96,
17,10,0,0,2048,0.64,
16,27,0,0,2048,1.44,
16,17,5,1,2042,1.44,
16,17,29,0,2043,1.6,
16,17,3,0,2015,0.96,
16,14,26,0,2040,1.76,
16,20,0,0,2048,1.12,
16,16,9,0,2021,1.44,
17,20,21,0,2029,1.12,
16,14,28,0,2042,0.8,
16,17,30,0,2044,0.96,
16,19,29,0,2041,1.44,
16,19,0,0,2048,0.8,
16,4,0,0,2048,2.08,
16,28,5,0,2017,1.76,
16,11,15,0,2029,0.64,
17,14,17,0,2031,1.6,
16,22,5,0,2020,1.12,
16,15,0,0,2048,0.8,
16,14,10,0,2024,0.48,
16,9,12,0,2026,1.6,
16,5,0,0,2028,1.28,
16,25,16,0,2030,1.12,
16,9,1,0,2021,1.44,
17,21,0,1,2016,1.76,
16,15,2,0,2016,1.6,
16,2,0,1,2043,1.28,
16,28,0,1,2031,1.12,
16,16,0,0,2048,1.12,
16,16,4,0,2016,1.76,
16,19,6,0,2018,2.08,
17,15,0,0,2048,1.12,
16,15,0,0,2048,0.64,
16,3,2,0,2016,1.12,
16,29,14,0,2026,1.12,
16,8,0,1,2020,0.64,
16,29,2,0,2014,1.12,
16,20,15,0,2027,0.96,
16,18,6,0,2018,1.76,
17,20,6,1,2011,0.8,
16,19,10,0,2022,0.64,
16,14,0,0,2048,0.16,
16,18,14,0,2020,0.48,
16,10,0,1,2035,0.8,
16,19,18,0,2024,1.6,
16,14,1,0,2030,1.6,
16,14,1,0,2022,1.28,
17,10,9,0,2023,1.28,
16,19,11,0,2025,0.8,
16,16,0,0,2048,1.92,
16,17,0,1,2035,0.8,
16,15,0,0,2048,0.64,
16,15,1,0,2026,1.44,
16,14,36,0,2042,1.6,
16,9,0,0,2048,0.48,
17,13,2,0,2043,0.64,
16,21,3,0,2017,1.28,
16,14,0,1,2032,0.48,
16,1,0,0,2048,1.44,
16,33,7,0,2019,1.76,
16,15,0,1,2021,0.96,
16,17,0,0,2018,0.64,
17,17,0,0,2048,0.32,
16,21,18,0,2032,0.64,
16,19,0,0,2048,1.76,
16,3,9,0,2023,0.96,
16,33,0,0,2048,0.16,
16,5,13,0,2027,0.96,
16,29,0,1,2027,0.96,
16,2,17,0,2031,1.6,
17,32,12,0,2024,1.6,
16,15,3,0,2015,1.6,
16,16,0,0,2048,1.44,
16,18,0,0,2048,2.08,
16,15,0,0,2048,1.44,
16,20,0,2,2029,0.96,
16,0,0,0,2048,1.76,
16,36,5,0,2017,1.76,
17,18,0,0,2048,1.44,
16,8,31,0,2043,0.48,
16,22,0,1,2042,1.28,
16,16,0,1,2038,0.48,
16,14,0,0,2048,0.32,
16,13,0,1,2031,0.48,
16,13,0,0,2048,1.12,
16,12,0,0,2048,1.28,
17,15,0,0,2048,0.8,
16,16,0,0,2048,1.12,
16,15,21,0,2033,0.48,
16,13,1,0,2019,0.48,
16,19,0,1,2015,0.64,
16,18,0,1,2029,0.64,
16,8,5,0,2019,1.76,
17,24,1,0,2019,0.8,
16,7,9,0,2023,1.28,
16,17,0,0,2048,1.28,
16,19,5,0,2019,1.6,
16,12,2,0,2017,0.8,
16,19,4,0,2018,0.8,
16,19,0,0,2048,1.6,
16,8,0,1,2021,1.12,
17,27,33,0,2045,0.96,
16,18,8,0,2014,1.76,
16,3,0,0,2048,0.8,
16,37,14,0,2047,1.44,
16,11,0,1,2045,0.96,
16,22,25,0,2039,0.96,
16,15,17,0,2021,1.6,
16,13,0,0,2048,0.96,
17,3,21,0,2025,0.96,
16,28,0,1,2022,0.96,
16,10,0,1,2018,0.96,
16,19,7,0,2021,0.64,
16,12,3,0,2017,1.28,
16,20,11,0,2026,0.8,
16,14,14,0,2028,1.6,
16,1,16,0,2030,1.12,
17,29,32,0,2043,0.32,
16,8,29,0,2042,1.44,
16,20,3,0,2017,0.8,
16,16,10,0,2024,2.24,
16,14,0,0,2017,1.28,
16,4,2,0,2016,1.28,
16,22,0,1,2024,1.44,
17,5,0,1,2018,0.8,
16,29,8,0,2022,1.76,
16,19,22,0,2036,1.28,
16,19,4,0,2014,2.4,
16,19,9,0,2019,1.44,
16,17,3,1,2045,1.44,
16,18,26,0,2040,0.96,
16,19,15,0,2025,1.44,
17,19,1,1,2028,1.28,
16,0,0,0,2048,0.96,
16,32,0,0,2048,0.64,
16,19,0,0,2048,0.64,
16,18,0,0,2048,1.44,
16,18,18,0,2024,1.44,
16,16,0,0,2048,0.8,
16,2,22,0,2028,1.12,
17,29,34,0,2044,1.12,
16,18,21,0,2046,1.28,
16,9,3,0,2015,1.12,
16,18,0,0,2048,1.44,
16,7,10,0,2022,1.76,
16,24,1,0,2015,1.6,
16,15,1,0,2031,0.96,
16,13,0,1,2023,0.96,
17,14,30,0,2042,1.28,
16,13,9,0,2024,1.6,
16,1,2,0,2016,0.8,
16,26,1,0,2015,1.28,
16,16,0,0,2048,0.48,
16,14,0,0,2048,1.44,
16,20,6,0,2020,0.48,
17,17,10,0,2024,1.6,
16,17,0,0,2048,1.28,
16,0,4,0,2014,1.6,
16,36,1,0,2038,0.8,
16,18,11,0,2023,1.28,
16,1,10,0,2020,1.12,
16,35,12,0,2022,0.8,
16,16,1,0,2016,0.8,
17,18,1,0,2038,0.48,
16,19,3,1,2026,1.6,
16,21,0,0,2048,0.64,
16,19,3,0,2047,2.4,
16,18,0,0,2048,1.28,
16,18,9,0,2017,1.6,
16,18,11,0,2019,1.28,
16,8,13,0,2021,1.44,
17,23,0,0,2048,1.76,
16,16,0,1,2026,2.24,
16,14,1,0,2021,1.6,
16,6,21,0,2029,0.64,
16,17,8,0,2023,0.96,
16,18,0,1,2039,1.44,
16,16,5,0,2019,1.28,
16,15,7,0,2021,0.96,
17,14,0,1,2028,0.8,
16,6,11,0,2025,0.8,
16,23,13,0,2027,1.28,
16,7,1,0,2017,1.12,
16,8,3,0,2015,1.44,
16,29,0,0,2048,1.12,
16,16,0,0,2048,0.8,
17,5,9,0,2021,0.48,
16,21,18,0,2032,1.12,
16,10,0,1,2015,0.64,
16,23,3,0,2015,1.12,
16,9,20,0,2030,0.8,
16,28,0,0,2048,0.96,
16,15,7,0,2021,2.24,
16,1,0,0,2048,0.48,
17,34,10,0,2022,1.28,
16,20,1,0,2026,1.12,
16,17,1,0,2021,1.76,
16,15,0,1,2039,0.8,
16,8,0,0,2048,0.96,
16,30,0,2,2042,1.44,
16,6,7,0,2019,0.96,
16,26,9,0,2021,0.96,
17,14,0,0,2048,0.96,
16,17,0,0,2048,1.12,
16,21,1,1,2018,1.28,
16,21,0,0,2048,1.6,
16,17,5,0,2015,1.12,
16,1,13,0,2026,1.12,
16,32,0,0,2048,0.48,
16,15,0,0,2048,1.28,
17,1,0,1,2027,1.6,
16,28,0,0,2048,1.92,
16,3,0,1,2020,0.96,
16,20,0,1,2018,1.6,
16,16,1,0,2015,1.28,
16,14,3,0,2017,1.44,
16,1,4,0,2018,1.6,
17,33,7,0,2021,1.6,
16,12,9,0,2023,1.76,
16,14,0,1,2015,1.28,
16,15,2,0,2017,0.8,
16,14,5,0,2019,1.12,
16,12,0,1,2044,1.12,
16,19,0,1,2041,0.64,
16,17,0,1,2037,0.64,
17,14,9,0,2023,1.28,
16,18,0,0,2048,0.32,
16,7,28,0,2042,1.28,
16,31,0,0,2048,0.64,
16,19,0,0,2048,0.96,
16,19,17,0,2047,0.96,
16,17,20,0,2034,0.96,
16,0,0,1,2036,0.96,
17,36,0,1,2038,1.28,
16,19,14,0,2022,0.8,
16,17,26,0,2047,0.16,
16,14,0,1,2017,0.8,
16,1,2,0,2016,1.76,
16,30,1,0,2046,0.64,
16,16,0,0,2048,0.64,
16,1,0,0,2048,0.8,
17,32,1,1,2022,1.12,
16,14,9,0,2024,0.48,
16,15,11,0,2026,0.48,
16,1,14,0,2028,1.76,
16,29,16,0,2030,0.96,
16,10,8,0,2044,0.48,
16,18,2,0,2016,0.96,
17,15,0,0,2048,1.6,
16,16,6,0,2021,0.32,
16,17,8,0,2023,1.28,
16,17,11,0,2025,0.32,
16,0,13,0,2027,0.32,
16,28,0,0,2048,0.64,
16,17,5,0,2013,1.28,
16,15,14,0,2028,0.64,
17,19,0,0,2048,0.8,
16,17,31,0,2043,1.6,
16,17,0,1,2029,0.48,
16,17,22,0,2036,1.76,
16,4,0,0,2048,0.8,
16,29,31,0,2045,1.76,
16,20,22,0,2030,1.76,
16,16,22,0,2034,0.8,
17,18,8,0,2022,1.12,
16,18,10,0,2024,0.96,
16,18,1,0,2042,2.24,
16,9,31,0,2043,1.76,
16,12,0,1,2031,0.96,
16,29,27,0,2046,1.28,
16,15,0,0,2048,2.24,
16,11,0,0,2048,1.44,
17,7,6,0,2018,0.32,
16,31,8,0,2020,0.64,
16,10,10,0,2022,0.32,
16,23,0,0,2025,0.48,
16,7,0,0,2048,0.32,
16,19,16,0,2028,0.64,
16,10,17,0,2029,0.8,
17,20,3,0,2017,1.12,
16,14,26,0,2046,1.12,
16,19,23,0,2035,1.76,
16,14,0,1,2026,0.96,
16,15,0,0,2048,1.28,
16,9,1,0,2015,1.44,
16,21,3,0,2017,1.6,
16,16,2,0,2016,0.64,
17,15,0,1,2020,1.44,
16,2,22,0,2036,0.96,
16,29,24,0,2038,0.8,
16,10,4,0,2018,2.08,
16,25,6,0,2020,0.8,
16,18,13,0,2027,0.8,
16,17,20,0,2034,2.08,
16,16,22,0,2036,1.6,
17,17,6,0,2014,1.12,
16,18,23,0,2037,0.32,
16,16,0,0,2048,1.12,
16,17,13,0,2023,0.8,
16,16,1,0,2025,1.28,
16,15,17,0,2025,0,
16,18,0,0,2048,1.76,
16,16,21,0,2029,1.6,
17,17,1,0,2047,0.32,
16,19,25,0,2033,0.8,
16,12,0,0,2048,1.44,
16,19,0,1,2017,1.28,
16,15,1,0,2016,1.6,
16,16,4,0,2018,1.76,
16,12,35,0,2044,0.8,
17,3,4,0,2015,1.76,
16,27,21,0,2035,1.28,
16,14,5,0,2017,1.6,
16,5,0,1,2035,0.96,
16,28,9,0,2021,1.28,
16,16,15,0,2025,1.44,
16,6,9,0,2023,1.92,
16,16,21,0,2047,1.12,
17,25,2,0,2016,0.48,
16,9,23,0,2033,0.48,
16,25,1,0,2037,0.96,
16,15,8,0,2020,0.96,
16,16,0,1,2029,0.64,
16,16,1,0,2025,0.64,
16,1,0,0,2048,1.12,
16,32,16,0,2028,0.64,
17,14,3,0,2015,2.08,
16,20,0,0,2048,1.44,
16,19,0,0,2048,0.8,
16,16,0,0,2048,0.64,
16,13,0,0,2048,1.12,
16,4,30,0,2042,1.44,
16,34,5,0,2017,0.8,
16,16,1,0,2015,0.96,
17,0,20,0,2032,1.6,
16,30,0,1,2042,0.96,
16,15,24,0,2038,1.76,
16,17,26,0,2040,1.28,
16,16,28,0,2042,0.8,
16,16,30,0,2044,0.48,
16,10,16,0,2028,0.64,
17,21,0,1,2019,1.6,
16,10,0,0,2048,1.28,
16,21,0,1,2041,1.28,
16,1,0,0,2048,1.28,
16,33,8,0,2020,0.8,
16,17,12,0,2024,1.28,
16,3,14,0,2026,0.16,
16,29,0,0,2048,0.64,
17,15,0,0,2048,0.8,
16,16,0,0,2048,0.32,
16,16,0,0,2048,1.12,
16,17,22,0,2034,1.28,
16,6,24,0,2037,1.44,
16,24,0,0,2048,1.76,
16,18,1,0,2015,0.96,
16,0,31,0,2043,0.8,
17,32,0,0,2048,0.8,
16,16,0,0,2048,1.44,
16,16,5,0,2015,0.8,
16,1,7,0,2017,1.12,
16,32,9,0,2023,1.6,
16,11,11,0,2025,1.12,
16,10,13,0,2027,1.76,
16,28,15,0,2027,0.96,
17,9,24,0,2034,1.28,
16,21,1,0,2045,0.64,
16,18,0,1,2039,0.48,
16,16,5,3,2018,0.32,
16,16,10,0,2020,0.64,
16,17,12,0,2022,0.64,
16,15,14,0,2024,1.12,
17,14,0,0,2048,0.32,
16,15,0,0,2048,0.48,
16,18,0,0,2048,1.28,
16,11,0,0,2048,0.64,
16,20,0,0,2048,1.12,
16,17,26,0,2035,0.48,
16,16,0,0,2017,1.44,
16,18,0,0,2048,1.44,
17,16,1,0,2019,0.8,
16,14,35,0,2043,1.44,
16,6,22,0,2045,0.96,
16,19,1,0,2032,1.12,
16,23,6,0,2020,0.64,
16,16,8,0,2022,0.96,
16,2,10,0,2024,1.12,
16,34,12,0,2026,0.48,
17,13,1,1,2020,0.8,
16,21,15,0,2047,0.48,
16,1,24,0,2038,0.16,
16,33,5,0,2017,1.28,
16,16,11,0,2023,0.8,
16,8,10,0,2022,0.64,
16,27,12,0,2024,0.48,
16,15,0,1,2018,0.16,
17,17,0,0,2048,0.64,
16,8,1,0,2037,0.96,
16,24,0,0,2048,1.12,
16,9,0,0,2048,0.8,
16,22,0,0,2048,1.44,
16,0,0,0,2048,2.08,
16,38,13,0,2025,2.08,
17,2,0,0,2048,1.44,
16,28,33,0,2044,1.12,
16,10,1,0,2015,2.08,
16,19,7,0,2046,1.44,
16,14,2,0,2016,2.08,
16,17,4,0,2018,1.28,
16,12,6,0,2020,0.96,
16,11,8,0,2022,1.12,
17,26,14,0,2029,0.8,
16,0,29,0,2046,0.8,
16,30,2,0,2015,1.6,
16,5,0,1,2041,0.64,
16,28,19,0,2033,0.8,
16,16,10,0,2022,0.64,
16,0,12,0,2024,0.64,
16,32,0,1,2027,0.64,
17,8,0,0,2048,0.64,
16,24,0,0,2048,1.12,
16,6,0,0,2048,1.44,
16,25,0,0,2048,0.64,
16,0,0,0,2048,1.12,
16,34,0,0,2048,1.28,
16,16,0,0,2048,1.12,
16,7,29,0,2041,1.28,
17,26,14,0,2026,1.76,
16,17,6,0,2020,1.76,
16,15,0,1,2018,1.76,
16,15,0,1,2040,1.44,
16,16,3,0,2017,1.12,
16,14,5,0,2019,1.6,
16,19,7,0,2021,0.96,
17,0,13,0,2025,1.6,
16,33,0,0,2021,0.96,
16,4,33,0,2045,0.8,
16,25,19,0,2031,0.8,
16,17,1,0,2015,0.32,
16,4,0,0,2048,0.48,
16,25,9,0,2021,0.64,
16,20,10,0,2020,0.64,
17,17,0,1,2025,0.48,
16,16,0,0,2048,0.64,
16,16,0,0,2048,1.44,
16,13,2,0,2016,1.28,
16,0,0,0,2048,1.12,
16,30,0,1,2027,1.44,
16,16,0,0,2048,1.12,
16,17,0,0,2019,1.12,
17,0,0,0,2048,1.12,
16,30,4,0,2015,2.24,
16,19,0,1,2021,1.12,
16,16,18,0,2046,1.6,
16,14,11,0,2021,0.96,
16,16,5,0,2017,1.28,
16,16,6,0,2018,1.28,
16,11,27,0,2041,0.64,
17,19,0,1,2029,0.64,
16,4,31,0,2045,1.28,
16,30,30,0,2047,1.28,
16,12,27,0,2045,1.44,
16,18,1,0,2045,1.76,
16,20,4,0,2016,1.44,
16,4,0,0,2048,0.8,
17,30,0,0,2048,1.44,
16,19,10,0,2022,0.8,
16,14,29,0,2041,0.8,
16,16,0,0,2048,0.64,
16,15,3,0,2017,0.96,
16,23,0,0,2048,0.48,
16,17,22,0,2034,1.76,
16,16,0,0,2048,1.92,
17,16,14,0,2026,1.12,
16,0,29,0,2043,0.96,
16,34,30,0,2043,1.12,
16,0,6,0,2018,2.4,
16,34,0,1,2015,1.76,
16,14,3,0,2015,1.12,
16,17,12,0,2024,0.96,
16,17,14,0,2026,1.12,
17,10,10,0,2022,0.64,
16,20,0,1,2024,0.64,
16,10,31,0,2046,0.8,
16,19,16,0,2028,0.48,
16,10,2,0,2016,1.44,
16,21,0,1,2018,1.28,
16,14,1,0,2037,0.8,
16,1,8,0,2022,0.8,
17,30,0,0,2048,0.8,
16,16,1,0,2025,1.44,
16,15,0,0,2048,1.28,
16,12,12,0,2024,0.96,
16,20,0,0,2048,1.92,
16,15,0,0,2048,0.8,
16,15,1,0,2025,0.64,
17,16,24,0,2038,1.44,
16,15,1,0,2019,1.28,
16,14,1,0,2015,0.64,
16,17,0,1,2023,1.92,
16,20,32,0,2046,1.28,
16,16,8,0,2047,1.28,
16,19,5,0,2017,1.28,
16,13,5,0,2017,1.6,
17,22,0,1,2033,1.12,
16,18,0,1,2039,0.96,
16,15,17,0,2031,1.6,
16,2,32,0,2046,1.44,
16,34,0,0,2048,0.48,
16,15,0,0,2048,1.12,
16,18,19,0,2032,2.4,
16,0,7,0,2015,0.8,
17,32,0,0,2048,0.32,
16,16,0,0,2048,0.64,
16,7,0,0,2048,1.92,
16,25,15,0,2023,0.96,
16,16,17,0,2025,1.28,
16,16,0,0,2048,1.12,
16,15,0,0,2048,0.96,
16,3,1,0,2028,1.12,
17,28,1,0,2023,1.44,
16,4,0,0,2048,1.28,
16,24,0,0,2048,1.28,
16,8,0,1,2030,0.8,
16,24,10,0,2046,1.44,
16,13,1,0,2015,0.96,
16,9,23,0,2037,0.48,
17,20,25,0,2039,1.28,
16,17,14,0,2026,1.28,
16,18,0,1,2032,1.6,
16,16,0,1,2021,0.8,
16,16,24,0,2047,1.44,
16,2,2,0,2016,1.12,
16,29,0,0,2048,0.48,
16,19,6,0,2020,0.48,
17,12,8,0,2022,0.8,
16,23,1,0,2031,0.96,
16,16,0,1,2024,0.64,
16,16,0,0,2048,0.48,
16,18,0,0,2048,0.8,
16,17,0,0,2048,0.48,
16,17,0,0,2048,1.28,
16,20,0,0,2048,1.76,
17,17,0,0,2048,1.28,
16,17,0,0,2048,0.96,
16,1,0,0,2048,0.8,
16,17,31,0,2043,1.6,
16,36,0,1,2030,1.12,
16,0,7,0,2017,1.92,
16,28,2,0,2016,0.96,
16,15,4,0,2018,1.28,
17,16,27,0,2039,1.28,
16,6,15,0,2025,1.28,
16,26,0,1,2034,1.44,
16,14,19,0,2029,0.96,
16,14,21,0,2031,1.44,
16,8,23,0,2033,0.8,
16,22,0,1,2018,0.96,
17,1,1,0,2015,1.76,
16,31,3,0,2017,1.28,
16,15,10,0,2024,0.8,
16,9,0,0,2048,1.12,
16,8,9,0,2024,0.8,
16,14,0,0,2048,0.96,
16,30,2,0,2016,0.96,
16,18,0,0,2048,0.96,
17,15,6,0,2021,1.6,
16,17,0,0,2048,1.12,
16,16,25,0,2039,1.28,
16,12,0,1,2038,0.8,
16,9,29,0,2044,0.96,
16,12,1,0,2015,2.08,
16,35,18,0,2032,0.64,
16,17,1,0,2019,1.12,
17,2,1,0,2015,1.28,
16,30,14,0,2027,1.28,
16,19,0,1,2030,1.12,
16,4,0,1,2033,1.6,
16,30,20,0,2034,1.76,
16,11,22,0,2036,1.76,
16,20,11,0,2047,0.8,
16,17,0,0,2048,1.44,
17,17,6,0,2019,0.8,
16,17,0,1,2032,1.6,
16,16,0,1,2028,0.96,
16,15,0,0,2048,0.96,
16,2,0,0,2048,0.64,
16,27,0,0,2048,1.12,
16,15,0,0,2048,1.44,
17,5,0,0,2048,0.8,
16,26,0,0,2048,1.6,
16,15,0,0,2048,1.12,
16,14,0,1,2042,2.56,
16,14,0,1,2018,1.6,
16,20,33,0,2045,1.44,
16,0,3,0,2017,1.44,
16,30,5,0,2019,1.44,
17,16,19,0,2033,1.28,
16,13,0,1,2015,1.6,
16,16,0,1,2041,1.44,
16,21,1,0,2035,0.96,
16,7,27,0,2041,1.28,
16,26,0,1,2024,0.8,
16,2,21,0,2035,1.28,
16,32,2,0,2047,0.48,
17,11,0,0,2048,1.28,
16,25,0,0,2048,1.92,
16,9,0,0,2048,0.8,
16,24,0,0,2048,1.44,
16,15,0,0,2048,1.76,
16,19,0,0,2048,1.6,
16,16,0,0,2048,1.92,
16,10,0,0,2048,1.28,
17,21,1,0,2034,1.76,
16,21,0,0,2048,0.96,
16,0,1,0,2023,1.6,
16,29,0,0,2048,1.12,
16,2,0,1,2017,1.12,
16,28,2,0,2016,0.8,
16,11,4,0,2018,1.76,
17,20,6,0,2020,1.12,
16,5,21,0,2035,1.44,
16,25,6,0,2020,0.96,
16,12,12,0,2026,0.64,
16,21,14,0,2028,0.64,
16,17,29,0,2043,0.96,
16,3,14,0,2029,1.12,
16,28,21,0,2035,0.48,
17,14,1,0,2015,1.12,
16,15,4,0,2016,1.12,
16,16,0,0,2048,0.8,
16,15,0,0,2048,0.8,
16,19,0,0,2048,1.12,
16,19,23,0,2035,0.64,
16,0,0,0,2048,0.96,
16,34,4,0,2016,1.28,
17,1,0,0,2048,0.96,
16,33,0,0,2048,0.96,
16,18,8,0,2022,2.08,
16,15,0,0,2048,0.8,
16,9,0,0,2048,2.4,
16,5,0,1,2042,0.96,
16,32,0,1,2037,1.92,
16,0,18,0,2032,1.76,
17,36,20,0,2034,1.12,
16,15,0,1,2022,1.28,
16,14,14,0,2026,0.64,
16,1,16,0,2028,1.92,
16,31,28,0,2043,1.28,
16,18,15,0,2027,0.8,
16,2,0,1,2023,1.44,
17,29,24,0,2036,0.64,
16,12,0,0,2048,1.12,
16,7,0,0,2048,0.64,
16,26,4,0,2018,0.96,
16,17,6,0,2020,0.96,
16,10,0,1,2024,0.64,
16,22,0,0,2048,1.12,
16,15,0,0,2048,0.64,
17,14,1,0,2015,0.8,
16,17,0,0,2048,0.96,
16,1,1,0,2027,0.96,
16,35,0,0,2048,1.76,
16,17,0,1,2025,1.12,
16,16,0,1,2020,1.12,
16,0,15,0,2047,1.12,
16,32,15,0,2029,1.28,
17,23,0,0,2038,0.64,
16,0,1,0,2032,0.64,
16,29,0,1,2027,1.28,
16,8,15,0,2029,1.28,
16,22,17,0,2031,1.12,
16,3,1,0,2036,1.44,
16,34,1,1,2025,1.44,
16,16,0,1,2018,1.44,
17,16,2,0,2014,0.8,
16,6,4,0,2016,0.8,
16,22,0,0,2048,1.44,
16,11,0,0,2048,0.8,
16,25,0,0,2048,1.76,
16,3,0,0,2048,0.8,
16,23,13,0,2025,0.8,
17,14,0,0,2048,1.44,
16,15,0,0,2048,1.44,
16,3,0,0,2048,0.8,
16,32,2,0,2016,2.24,
16,7,4,0,2018,0.96,
16,25,32,0,2047,1.12,
16,0,29,0,2041,0.96,
16,28,0,1,2043,1.44,
17,15,2,0,2016,0.96,
16,18,26,0,2046,1.12,
16,12,16,0,2030,1.76,
16,6,12,0,2026,1.6,
16,28,0,1,2025,1.12,
16,16,23,0,2037,1.92,
16,17,25,0,2039,0.8,
16,18,20,0,2034,1.28,
17,0,0,1,2020,1.28,
16,30,5,0,2013,0.32,
16,23,0,0,2048,1.12,
16,14,0,0,2048,0.8,
16,18,11,0,2019,1.28,
16,17,0,0,2048,0.8,
16,5,0,1,2017,1.12,
16,29,0,0,2048,1.12,
17,15,4,0,2018,1.6,
16,1,0,0,2048,1.92,
16,30,0,0,2048,1.28,
16,0,0,1,2039,1.44,
16,34,0,0,2048,1.28,
16,17,32,0,2044,0.64,
16,17,1,0,2025,1.28,
17,14,10,0,2024,0.96,
16,16,1,0,2042,0.8,
16,15,0,1,2038,1.28,
16,7,0,1,2033,0.96,
16,24,14,0,2028,0.48,
16,13,16,0,2030,1.44,
16,18,14,0,2026,1.12,
16,10,0,0,2016,1.12,
17,20,0,1,2026,1.12,
16,2,1,0,2022,0.48,
16,29,0,1,2042,1.12,
16,17,3,0,2014,0.64,
16,18,1,0,2032,0.64,
16,18,8,0,2018,0.8,
16,15,10,0,2020,0.96,
16,11,0,0,2048,1.12,
17,19,0,0,2048,0.64,
16,13,0,0,2048,0.96,
16,7,0,0,2048,0.64,
16,24,0,0,2044,1.28,
16,16,0,1,2039,1.44,
16,16,0,0,2048,1.6,
16,18,1,0,2030,0.96,
16,18,0,1,2024,1.76,
17,15,1,1,2016,1.28,
16,17,32,0,2046,1.92,
16,17,14,0,2028,1.12,
16,15,1,0,2032,1.12,
16,7,18,0,2032,1.12,
16,27,20,0,2034,0.64,
16,4,22,0,2036,1.28,
17,31,15,0,2027,1.12,
16,10,0,1,2025,1.28,
16,26,32,0,2047,1.12,
16,5,31,0,2045,0.8,
16,28,6,0,2016,2.08,
16,16,8,0,2018,0.96,
16,16,0,0,2048,0.8,
16,15,0,0,2048,0.48,
17,8,0,0,2048,1.28,
16,25,0,0,2048,1.28,
16,12,0,0,2048,1.28,
16,15,0,0,2048,1.76,
16,7,0,0,2048,2.08,
16,22,1,0,2035,1.44,
16,13,0,0,2031,0.96,
16,19,1,0,2027,1.12,
17,16,32,0,2046,0.64,
16,9,10,0,2024,1.44,
16,21,0,0,2048,1.28,
16,10,13,0,2045,0.96,
16,21,0,1,2027,0.64,
16,17,0,0,2023,1.44,
16,1,0,0,2019,1.92,
16,31,11,0,2025,1.92,
17,14,1,0,2027,1.28,
16,9,6,0,2018,0.8,
16,27,8,0,2020,0.64,
16,17,1,0,2046,1.44,
16,19,6,0,2016,0.8,
16,4,0,1,2034,0.8,
16,29,10,0,2020,1.12,
17,19,0,0,2048,1.12,
16,16,0,0,2048,0.64,
16,18,0,0,2048,1.28,
16,14,27,0,2047,1.6,
16,20,0,0,2048,1.12,
16,9,0,0,2048,1.12,
16,21,0,0,2048,1.76,
16,12,29,0,2041,0.32,
17,25,0,0,2048,0.8,
16,15,0,0,2048,1.28,
16,16,12,0,2026,1.12,
16,0,0,1,2045,0.96,
16,29,13,0,2045,0.64,
16,15,18,0,2032,1.28,
16,16,20,0,2034,1.44,
16,17,22,0,2036,1.28,
17,13,19,0,2033,1.12,
16,19,4,0,2018,0.96,
16,11,6,0,2020,1.44,
16,16,19,0,2031,0.64,
16,16,1,0,2015,0.8,
16,17,4,0,2018,0.96,
16,9,0,0,2048,0.96,
16,23,0,0,2048,0.8,
17,15,0,0,2048,1.12,
16,18,0,0,2048,1.28,
16,0,0,1,2026,0.96,
16,35,0,0,2048,0.48,
16,9,2,0,2014,1.44,
16,18,0,0,2048,0.64,
16,23,0,0,2048,1.44,
17,2,0,0,2048,0.64,
16,31,4,0,2016,0.8,
16,7,31,0,2045,1.44,
16,25,31,0,2045,1.28,
16,16,17,0,2029,0.48,
16,15,6,0,2018,1.6,
16,16,0,1,2024,2.24,
16,16,1,0,2020,1.92,
17,17,12,0,2024,1.44,
16,6,1,0,2033,1.28,
16,28,1,0,2029,1.44,
16,15,6,0,2020,1.44,
16,13,0,1,2021,0.96,
16,14,29,0,2041,0.64,
16,10,4,0,2018,1.12,
16,21,1,0,2034,0.64,
17,15,8,0,2022,0.8,
16,17,0,0,2048,0.48,
16,17,0,1,2024,0.96,
16,15,12,0,2026,1.12,
16,15,25,0,2047,0.48,
16,13,0,0,2048,1.44,
16,15,0,0,2048,1.12,
16,18,25,0,2039,1.6,
17,18,8,0,2020,0.96,
16,17,0,1,2028,1.28,
16,0,1,0,2024,1.28,
16,34,31,0,2047,1.28,
16,16,0,0,2048,0.96,
16,15,32,0,2046,0.48,
16,20,19,0,2033,0.32,
17,17,18,0,2032,2.08,
16,13,13,0,2025,0.96,
16,23,1,0,2035,1.44,
16,7,6,0,2020,1.6,
16,25,1,1,2016,1.28,
16,19,0,0,2048,0.64,
16,17,0,0,2048,1.28,
16,6,5,0,2017,1.12,
17,24,0,1,2041,0.48,
16,15,0,0,2048,0.48,
16,9,0,0,2048,0.32,
16,24,0,0,2048,1.12,
16,11,1,0,2024,0.48,
16,20,17,0,2029,0.96,
16,9,1,0,2044,0.8,
16,20,0,1,2040,1.28,
17,17,29,0,2041,1.6,
16,15,28,0,2040,1.12,
16,1,33,0,2045,1.28,
16,33,0,1,2023,1.28,
16,2,0,0,2048,1.44,
16,27,1,0,2028,0.64,
16,15,16,0,2030,0.96,
16,10,11,0,2023,0.8,
17,23,1,0,2040,1.44,
16,16,1,0,2035,0.96,
16,16,21,0,2035,1.6,
16,17,23,0,2037,0.32,
16,11,0,1,2022,0.96,
16,7,27,0,2041,1.28,
16,31,0,0,2048,0.32,
17,17,5,0,2017,1.44,
16,18,1,1,2037,1.28,
16,15,0,0,2048,1.12,
16,18,0,1,2029,0.32,
16,13,0,0,2048,1.6,
16,16,15,0,2027,0.96,
16,12,17,0,2030,0.8,
16,23,1,0,2047,1.6,
17,16,1,1,2043,0.48,
16,16,0,0,2048,1.28,
16,18,4,0,2018,1.12,
16,3,9,0,2021,1.92,
16,32,11,0,2024,0.64,
16,15,1,0,2019,2.24,
16,16,0,1,2027,0.96,
16,7,3,0,2017,1.12,
17,24,17,0,2031,0.16,
16,15,13,0,2027,0.8,
16,17,0,1,2030,1.12,
16,9,17,0,2031,1.28,
16,21,19,0,2033,1.28,
16,16,27,0,2041,0.8,
16,3,32,0,2046,0.96,
16,30,3,0,2017,1.28,
17,15,0,0,2043,0.8,
16,17,10,0,2024,0.8,
16,11,8,0,2020,0.8,
16,23,0,0,2048,0.32,
16,6,0,0,2048,0.8,
16,26,32,0,2046,1.6,
16,14,18,0,2047,1.12,
17,16,0,0,2048,0.96,
16,0,0,0,2048,0.96,
16,30,0,0,2048,1.76,
16,18,0,0,2048,1.6,
16,12,9,0,2024,1.44,
16,23,11,0,2026,0.48,
16,9,32,0,2046,1.12,
16,23,16,0,2030,1.12,
17,2,29,0,2046,1.44,
16,32,1,0,2032,1.6,
16,2,19,0,2033,0.8,
16,27,0,1,2026,1.44,
16,16,1,0,2022,0.48,
16,17,25,0,2039,0.64,
16,17,30,0,2044,1.12,
16,18,4,0,2016,0.64,
17,17,15,0,2047,0.96,
16,15,1,0,2015,1.28,
16,14,0,1,2041,0.64,
16,13,0,0,2048,0.8,
16,9,0,0,2048,1.76,
16,31,0,1,2025,0.96,
16,8,0,0,2048,0.48,
16,17,0,0,2048,0.96,
17,12,0,0,2048,2.24,
16,10,0,1,2043,0.96,
16,27,5,0,2017,1.12,
16,8,7,0,2019,0.96,
16,23,0,0,2048,1.12,
16,15,0,1,2046,1.28,
16,11,0,1,2044,0.96,
17,6,0,1,2025,1.12,
16,29,0,1,2021,0.96,
16,17,7,0,2021,0.8,
16,17,3,0,2015,0.64,
16,3,23,0,2035,0.96,
16,26,27,0,2039,1.44,
16,15,27,0,2039,1.44,
16,1,29,0,2041,1.6,
17,34,5,0,2017,1.44,
16,18,0,0,2048,1.28,
16,8,0,1,2043,1.44,
16,21,0,0,2048,1.28,
16,17,0,0,2048,1.92,
16,18,0,0,2048,1.28,
16,19,0,0,2048,1.12,
16,17,14,0,2026,2.08,
17,15,0,0,2048,1.76,
16,16,3,0,2017,0.64,
16,20,26,0,2038,2.24,
16,16,28,0,2040,1.6,
16,16,8,0,2022,1.28,
16,17,10,0,2024,0.96,
16,16,30,0,2046,0.8,
16,8,0,0,2048,0.48,
17,23,0,0,2048,1.44,
16,15,0,0,2048,2.24,
16,10,8,0,2023,1.92,
16,18,1,0,2041,1.92,
16,21,25,0,2037,2.08,
16,11,27,0,2039,1.76,
16,11,17,0,2031,1.28,
17,25,0,0,2048,1.76,
16,17,13,0,2027,0.8,
16,14,8,0,2022,1.12,
16,6,9,0,2021,1.28,
16,22,0,0,2048,0.64,
16,16,0,0,2048,1.12,
16,17,0,0,2048,1.12,
16,9,0,0,2048,0.64,
17,24,0,0,2048,1.12,
16,15,32,0,2044,1.12,
16,18,2,0,2014,0.96,
16,18,29,0,2047,0.8,
16,2,1,1,2040,1.12,
16,32,0,1,2036,0.96,
16,15,1,0,2032,1.12,
16,5,0,1,2027,0.8,
17,29,0,0,2048,0.64,
16,9,0,0,2048,1.92,
16,23,18,0,2031,1.6,
16,16,20,0,2033,0.64,
16,12,10,0,2024,1.44,
16,6,25,0,2037,0.8,
16,29,27,0,2039,1.44,
16,18,0,1,2017,1.12,
17,15,12,0,2024,1.12,
16,19,20,0,2035,1.92,
16,7,0,1,2044,0.48,
16,23,0,1,2039,0.96,
16,0,0,0,2037,1.12,
16,30,0,0,2048,0.64,
16,5,12,0,2024,0.96,
17,28,0,0,2048,0.8,
16,15,21,0,2035,1.12,
16,13,2,0,2016,0,
16,18,26,0,2040,1.28,
16,19,24,0,2038,0.16,
16,16,8,0,2022,1.44,
16,17,0,0,2048,0.96,
16,15,0,0,2048,1.44,
17,14,0,0,2048,0.64,
16,15,0,0,2048,1.12,
16,7,16,0,2028,0.8,
16,25,18,0,2030,1.44,
16,16,0,1,2018,0.96,
16,6,24,0,2038,1.44,
16,24,26,0,2040,1.6,
16,14,15,0,2029,1.12,
17,16,30,0,2045,1.12,
16,20,0,0,2048,1.6,
16,18,0,0,2048,1.12,
16,11,20,0,2046,0.48,
16,16,0,0,2048,0.64,
16,22,0,1,2039,0.64,
16,13,0,0,2048,0.64,
16,4,0,0,2048,0.64,
17,31,29,0,2043,0.8,
16,14,0,0,2048,1.28,
16,17,18,0,2030,0.48,
16,16,2,0,2014,0.8,
16,18,1,0,2043,0.48,
16,0,30,0,2044,0.48,
16,36,32,0,2046,1.12,
17,15,14,0,2047,0.8,
16,17,0,0,2048,0.48,
16,2,0,0,2048,0.48,
16,30,32,0,2046,0.64,
16,16,19,0,2031,1.28,
16,15,10,0,2024,0.32,
16,9,1,0,2015,1.12,
16,23,0,1,2025,0.64,
17,6,32,0,2044,0.8,
16,25,32,0,2046,1.44,
16,9,0,0,2048,0.8,
16,23,0,0,2048,0.8,
16,12,18,0,2046,0.48,
16,14,6,0,2018,0.8,
16,21,0,1,2039,1.28,
16,15,0,0,2048,1.28,
17,6,1,0,2031,1.12,
16,14,0,0,2048,0.8,
16,25,21,0,2035,0.8,
16,15,18,0,2030,0.96,
16,1,20,0,2032,0.64,
16,31,0,1,2038,0.8,
16,18,0,0,2048,0.8,
16,10,0,0,2048,0.64,
17,23,8,0,2022,1.44,
16,15,10,0,2024,0.64,
16,17,33,0,2045,0.8,
16,18,0,1,2022,0.8,
16,18,9,0,2021,0.8,
16,1,2,0,2016,1.12,
16,31,28,0,2042,0.64,
17,16,30,0,2044,0.48,
16,17,32,0,2046,0.64,
16,13,14,0,2047,0.48,
16,21,12,0,2026,0.32,
16,20,0,0,2048,0.96,
16,3,16,0,2030,1.92,
16,33,11,0,2023,1.6,
16,17,10,0,2022,0.48,
17,0,0,1,2037,1.28,
16,34,0,0,2048,1.76,
16,15,1,1,2028,0.96,
16,9,11,0,2046,0.8,
16,19,24,0,2036,1.12,
16,7,0,1,2040,1.12,
16,15,0,0,2048,1.6,
16,25,4,0,2018,0.64,
17,13,0,1,2027,0.96,
16,14,32,0,2046,1.6,
16,17,21,0,2035,0.48,
16,13,29,0,2046,1.44,
16,10,14,0,2028,1.12,
16,26,27,0,2042,0.8,
16,1,10,0,2022,0.8,
16,29,0,1,2027,0.48,
17,12,25,0,2047,1.92,
16,19,0,1,2046,2.08,
16,14,0,1,2016,0.48,
16,12,2,0,2016,1.28,
16,20,4,0,2018,1.44,
16,8,33,0,2047,2.24,
16,23,5,0,2017,1.6,
17,16,0,1,2040,1.44,
16,20,9,0,2021,0.32,
16,12,16,0,2030,1.28,
16,23,18,0,2032,1.28,
16,16,0,0,2048,0.8,
16,6,0,1,2044,1.12,
16,27,23,0,2037,0.64,
16,15,26,0,2041,1.44,
17,18,28,0,2043,0.64,
16,18,31,0,2045,0.8,
16,16,32,0,2047,1.44,
16,12,22,0,2036,1.28,
16,24,2,0,2025,0.64,
16,9,18,0,2032,2.24,
16,25,8,0,2020,1.28,
16,0,10,0,2022,0.96,
17,31,32,0,2047,1.76,
16,14,8,0,2020,1.12,
16,2,0,1,2044,0.8,
16,29,0,1,2040,0.48,
16,15,0,1,2036,0.96,
16,13,0,0,2048,0.96,
16,6,0,0,2048,0.16,
16,22,0,1,2040,1.12,
17,18,0,0,2048,0.32,
16,17,0,0,2048,1.28,
16,14,8,0,2022,0.64,
16,16,0,0,2048,0.96,
16,8,24,0,2037,1.28,
16,23,0,1,2041,1.6,
16,18,0,1,2036,0.64,
17,18,5,0,2019,1.44,
16,15,33,0,2045,0.96,
16,5,0,0,2048,0.8,
16,26,0,1,2045,1.12,
16,9,0,0,2028,1.28,
16,23,29,0,2043,1.12,
16,17,0,1,2015,1.12,
16,20,32,0,2047,1.44,
17,12,1,0,2015,1.6,
16,23,0,1,2045,0.96,
16,1,0,0,2048,1.44,
16,36,15,0,2027,1.6,
16,17,29,0,2043,2.08,
16,17,0,0,2048,1.44,
16,6,2,0,2046,1.28,
16,24,0,0,2048,3.2,
17,16,0,1,2038,1.76,
16,16,0,0,2048,0.96,
16,17,0,0,2048,1.12,
16,17,0,0,2048,1.12,
16,16,26,0,2039,1.12,
16,17,0,0,2048,1.12,
16,14,31,0,2043,0.96,
16,17,33,0,2045,1.28,
17,11,0,0,2048,2.08,
16,20,0,1,2045,1.12,
16,2,0,0,2048,0.64,
16,26,0,1,2022,1.6,
16,5,13,0,2027,0.96,
16,23,1,0,2015,1.28,
16,16,1,0,2015,0.64,
17,6,19,0,2033,1.6,
16,24,29,0,2043,1.44,
16,8,4,0,2018,0.64,
16,26,0,1,2035,2.08,
16,17,30,0,2044,1.76,
16,19,0,0,2048,1.12,
16,2,7,0,2019,1.12,
16,26,0,0,2048,0.8,
17,17,11,0,2023,1.44,
16,16,6,0,2018,0.96,
16,16,0,1,2033,1.6,
16,10,0,0,2048,1.28,
16,24,0,0,2048,0.96,
16,19,25,0,2037,1.44,
16,18,0,0,2048,0.96,
16,17,25,0,2037,1.28,
17,19,13,0,2025,0.64,
16,6,29,0,2041,1.28,
16,27,0,0,2048,0.8,
16,16,0,0,2048,1.12,
16,14,0,0,2048,1.92,
16,4,0,0,2017,1.44,
16,26,1,0,2016,1.28,
16,7,3,0,2015,0.64,
17,21,22,0,2032,0.8,
16,14,1,0,2015,0.8,
16,15,33,0,2045,1.28,
16,18,29,0,2041,1.92,
16,17,0,0,2048,1.44,
16,17,9,0,2023,1.12,
16,16,0,1,2034,1.44,
17,13,0,0,2048,0.8,
16,9,4,0,2018,0.8,
16,21,0,0,2048,0.48,
16,17,1,0,2034,0.8,
16,3,0,0,2048,1.44,
16,27,0,0,2048,1.12,
16,11,22,0,2036,1.44,
16,24,21,0,2035,0.48,
17,16,1,0,2015,0.96,
16,19,0,0,2048,0.8,
16,19,1,0,2031,1.28,
16,19,0,1,2025,1.6,
16,8,0,0,2048,0.96,
16,23,21,0,2035,1.12,
16,19,14,0,2026,1.6,
16,8,5,0,2019,1.44,
17,27,27,0,2041,0.64,
16,1,29,0,2043,1.76,
16,30,0,1,2026,1.12,
16,11,0,1,2022,0.64,
16,20,0,1,2017,1.28,
16,17,0,0,2048,1.44,
16,17,11,0,2025,0.96,
16,15,0,0,2048,1.6,
17,4,4,0,2016,0.48,
16,29,0,0,2048,0.32,
16,8,0,0,2048,1.44,
16,21,0,0,2048,1.28,
16,16,0,0,2048,1.28,
16,7,14,0,2026,0.8,
16,21,0,0,2048,1.12,
17,3,18,0,2030,1.6,
16,26,0,0,2048,1.76,
16,15,0,1,2033,0.96,
16,17,3,0,2017,1.12,
16,7,0,1,2022,0.64,
16,28,7,0,2021,1.12,
16,16,0,1,2031,0.96,
16,14,1,0,2015,0.8,
17,19,7,0,2019,0.48,
16,7,28,0,2042,0.96,
16,23,30,0,2044,0.8,
16,16,4,0,2018,1.12,
16,19,0,1,2021,1.44,
16,2,13,0,2028,1.92,
16,32,10,0,2024,2.08,
16,3,1,0,2033,1.6,
17,29,1,0,2029,1.6,
16,18,0,0,2048,1.76,
16,18,14,0,2028,0.96,
16,17,12,0,2026,1.44,
16,17,18,0,2032,1.6,
16,16,0,0,2048,0.32,
16,17,0,0,2048,1.12,
16,16,0,0,2048,1.76,
17,0,26,0,2040,1.28,
16,29,0,0,2048,0.8,
16,14,0,0,2048,1.76,
16,19,0,1,2026,1.76,
16,11,6,0,2021,0.96,
16,19,8,0,2023,1.6,
16,13,3,0,2015,1.92,
17,19,13,0,2027,1.12,
16,17,30,0,2046,0.96,
16,17,4,0,2018,0.48,
16,3,19,0,2033,0.96,
16,23,8,0,2023,0.64,
16,15,10,0,2025,1.28,
16,8,0,1,2017,1.6,
16,23,2,0,2016,1.76,
17,4,1,0,2026,1.12,
16,30,32,0,2046,0.8,
16,8,14,0,2047,1.12,
16,23,10,0,2024,1.44,
16,18,0,0,2048,1.6,
16,2,0,1,2030,1.44,
16,32,9,0,2021,1.28,
16,9,11,0,2023,0.96,
17,9,0,1,2017,1.12,
16,25,0,0,2048,0.48,
16,8,0,1,2033,0.96,
16,27,19,0,2031,1.12,
16,18,28,0,2042,0.8,
16,10,8,0,2022,1.12,
16,22,10,0,2024,2.4,
16,7,1,0,2035,1.76,
17,28,30,0,2042,0.96,
16,19,32,0,2044,0.48,
16,16,18,0,2032,0.96,
16,8,12,0,2027,1.44,
16,21,10,0,2024,0.16,
16,16,12,0,2026,1.12,
16,4,2,0,2016,1.76,
17,34,28,0,2042,1.6,
16,10,10,0,2024,1.12,
16,15,1,0,2018,1.28,
16,20,1,1,2014,1.44,
16,8,4,0,2016,1.28,
16,29,0,1,2032,0.96,
16,11,0,0,2048,0.96,
16,20,0,0,2048,0.96,
17,11,27,0,2039,0.96,
16,13,0,1,2016,0.96,
16,18,31,0,2043,1.12,
16,9,0,0,2048,1.12,
16,26,21,0,2033,1.28,
16,15,0,1,2044,1.6,
16,7,8,0,2022,0.96,
16,22,10,0,2024,2.08,
17,16,0,1,2018,1.28,
16,15,31,0,2043,1.44,
16,20,7,0,2021,0.8,
16,14,9,0,2023,1.6,
16,4,0,0,2048,1.28,
16,26,9,0,2023,0.48,
16,9,11,0,2026,0.96,
16,25,0,1,2032,1.92,
17,10,0,0,2048,0.96,
16,26,31,0,2045,1.44,
16,11,8,0,2022,0.8,
16,18,17,0,2029,0.64,
16,18,0,1,2035,0.8,
16,17,0,0,2048,1.28,
16,23,0,1,2025,0.8,
17,16,0,0,2048,0.32,
16,14,1,0,2015,0.32,
16,7,23,0,2037,1.12,
16,27,25,0,2039,0.8,
16,0,0,1,2030,0.64,
16,34,21,0,2035,1.6,
16,14,0,1,2043,1.76,
16,6,11,0,2023,1.44,
17,23,0,1,2039,1.6,
16,15,0,1,2017,1.44,
16,20,6,0,2020,0.48,
16,7,19,0,2031,1.28,
16,23,6,0,2020,0.96,
16,3,0,0,2048,0.96,
16,27,0,1,2019,0.8,
16,12,12,0,2026,0.64,
17,14,32,0,2046,1.6,
16,27,16,0,2030,1.12,
16,13,0,0,2048,1.76,
16,10,0,1,2043,1.12,
16,17,12,0,2024,0.96,
16,16,0,1,2035,1.6,
16,7,0,0,2048,1.12,
16,31,0,1,2023,0.64,
17,6,0,0,2048,0.16,
16,24,2,0,2016,0.64,
16,16,0,0,2048,0.8,
16,16,26,0,2038,1.76,
16,17,20,0,2034,1.28,
16,17,30,0,2042,1.44,
16,10,0,0,2048,1.76,
17,7,2,0,2016,1.76,
16,30,0,1,2038,0.96,
16,15,6,0,2020,0.8,
16,19,2,0,2016,0.8,
16,8,19,0,2031,1.12,
16,25,0,0,2048,1.12,
16,14,9,0,2023,1.12,
16,15,0,1,2034,1.6,
17,1,27,0,2039,0.64,
16,37,0,0,2048,0.64,
16,15,31,0,2043,1.76,
16,16,1,0,2025,1.6,
16,15,0,1,2040,1.28,
16,1,1,2,2015,0.64,
16,32,0,0,2048,0.96,
16,15,4,0,2018,1.12,
17,11,22,0,2036,0.48,
16,20,24,0,2038,0.32,
16,2,0,0,2048,0.8,
16,29,0,0,2048,1.6,
16,9,1,0,2032,1.44,
16,26,3,0,2017,1.28,
16,16,0,1,2022,1.44,
16,7,1,0,2046,1.28,
17,22,9,0,2023,1.28,
16,12,0,1,2038,1.12,
16,21,1,0,2015,0.8,
16,16,29,0,2043,1.6,
16,16,17,0,2031,1.92,
16,17,19,0,2033,1.6,
16,15,22,0,2036,1.6,
17,3,2,0,2016,1.6,
16,27,0,1,2025,1.92,
16,20,0,0,2048,1.76,
16,16,30,0,2044,1.6,
16,8,3,0,2016,1.76,
16,23,0,1,2018,1.28,
16,15,1,0,2015,1.28,
16,8,0,1,2034,1.28,
17,28,0,0,2048,0.64,
16,14,0,0,2048,0.8,
16,9,23,0,2038,0.8,
16,23,25,0,2040,0.96,
16,8,0,1,2036,0.96,
16,25,0,0,2048,1.44,
16,17,1,0,2029,1.12,
16,19,26,0,2038,0.32,
17,17,0,0,2048,1.12,
16,14,1,0,2015,1.28,
16,17,2,0,2014,1.12,
16,18,14,0,2029,0.48,
16,16,0,1,2026,0.32,
16,16,0,0,2048,1.6,
16,15,0,0,2048,1.28,
16,13,0,1,2024,1.12,
17,15,0,0,2048,1.28,
16,19,0,1,2025,1.28,
16,16,29,0,2043,0.96,
16,2,31,0,2047,0.96,
16,29,0,0,2048,0.96,
16,15,0,1,2018,0.96,
16,7,10,0,2025,0.48,
17,24,18,0,2032,0.8,
16,10,5,0,2019,1.12,
16,23,17,0,2031,0.32,
16,15,0,0,2048,0.64,
16,14,11,0,2025,1.12,
16,6,0,1,2038,0.8,
16,23,0,0,2048,1.76,
16,19,32,0,2046,2.08,
17,15,6,0,2020,1.12,
16,16,7,0,2021,1.76,
16,16,1,0,2015,1.44,
16,18,11,0,2025,0.8,
16,19,5,0,2019,0.64,
16,13,5,0,2019,1.12,
16,23,0,1,2019,1.12,
16,2,0,0,2048,0.8,
17,28,0,0,2048,0.48,
16,6,14,0,2028,1.92,
16,26,26,0,2040,1.44,
16,16,5,0,2017,1.92,
16,17,7,0,2019,1.12,
16,18,13,0,2025,1.44,
16,13,8,0,2047,1.44,
16,18,0,1,2043,0.96,
17,18,0,0,2048,1.6,
16,16,0,0,2048,0.96,
16,17,23,0,2037,0.8,
16,16,0,0,2048,1.44,
16,11,0,0,2048,0.32,
16,6,0,1,2039,0.32,
16,30,0,1,2034,0.96,
17,18,25,0,2039,1.44,
16,14,0,1,2046,0.96,
16,15,0,0,2048,0.8,
16,14,0,1,2019,1.6,
16,17,7,0,2013,1.12,
16,16,9,0,2015,0.48,
16,17,0,1,2026,1.12,
16,16,0,0,2048,1.28,
17,13,21,0,2033,1.12,
16,4,0,1,2024,0.64,
16,25,13,0,2027,1.28,
16,13,15,0,2029,0.48,
16,17,30,0,2044,0.96,
16,2,4,0,2018,1.44,
16,34,3,0,2017,0.48,
16,7,0,1,2020,0.48,
17,21,0,0,2048,0.96,
16,8,18,0,2032,0.64,
16,25,20,0,2034,1.76,
16,17,6,0,2020,0.96,
16,17,0,0,2048,0.32,
16,4,0,0,2048,0.96,
16,26,0,1,2035,1.6,
16,11,31,0,2045,0.8,
17,24,24,0,2038,1.44,
16,11,0,0,2048,1.6,
16,13,0,1,2019,1.6,
16,26,30,0,2044,1.28,
16,18,14,0,2028,1.28,
16,8,0,1,2028,0.8,
16,26,8,0,2020,0.96,
17,10,0,0,2048,2.24,
16,22,2,0,2016,2.24,
16,15,24,0,2038,1.44,
16,17,0,0,2048,1.6,
16,17,27,0,2040,1.44,
16,17,4,0,2018,2.24,
16,19,4,0,2018,1.92,
16,18,8,0,2022,0.96,
17,7,0,0,2048,0.64,
16,22,19,0,2033,0.96,
16,18,0,0,2048,0.96,
16,15,0,0,2048,1.12,
16,18,0,0,2048,0.16,
16,9,9,0,2023,1.44,
16,20,29,0,2043,0.48,
16,17,31,0,2045,1.92,
17,18,30,0,2047,2.4,
16,15,28,0,2043,1.76,
16,7,1,0,2046,0.64,
16,22,0,0,2048,1.28,
16,14,14,0,2026,2.08,
16,3,1,0,2015,1.6,
16,28,0,1,2029,1.76,
16,15,5,0,2019,1.44,
17,17,0,0,2048,1.12,
16,14,24,0,2036,1.12,
16,16,0,1,2023,0.32,
16,15,0,1,2019,0.48,
16,12,0,1,2016,1.12,
16,7,32,0,2042,1.6,
16,30,0,0,2048,1.92,
17,15,26,0,2045,0.96,
16,10,0,1,2044,0.64,
16,20,0,0,2048,0.16,
16,19,0,0,2048,0.16,
16,18,0,1,2028,0.96,
16,16,0,0,2048,1.6,
16,16,0,0,2048,0.48,
16,16,0,1,2041,1.28,
17,19,23,0,2037,1.28,
16,19,0,0,2048,1.28,
16,19,26,0,2040,1.76,
16,14,0,0,2048,1.76,
16,17,0,1,2044,1.28,
16,18,3,0,2017,1.76,
16,18,0,0,2048,1.44,
16,17,18,0,2032,0.32,
17,16,0,0,2048,1.12,
16,2,0,0,2048,1.28,
16,32,0,0,2048,1.28,
16,0,14,0,2026,1.28,
16,30,0,0,2048,0.8,
16,15,0,1,2018,0.48,
16,15,1,0,2015,2.08,
16,16,3,0,2017,1.6,
17,16,0,1,2023,0.8,
16,4,0,0,2048,0.32,
16,25,12,0,2026,0.48,
16,15,0,0,2048,0.8,
16,15,14,0,2028,0.96,
16,15,27,0,2039,0.64,
16,7,0,0,2048,0.96,
17,21,10,0,2024,1.76,
16,15,22,0,2036,0.96,
16,18,0,1,2030,1.12,
16,3,1,0,2025,1.44,
16,26,0,1,2021,1.28,
16,2,10,0,2024,1.44,
16,31,1,0,2033,1.28,
16,17,0,0,2048,0.48,
17,14,0,0,2048,1.44,
16,5,0,0,2048,2.08,
16,29,0,0,2048,0.32,
16,20,13,0,2025,1.6,
16,16,4,0,2016,2.24,
16,18,3,0,2015,1.6,
16,17,2,0,2014,0.96,
16,18,0,0,2048,1.28,
17,19,32,0,2046,1.44,
16,15,0,0,2048,1.44,
16,15,11,0,2023,0.96,
16,0,4,0,2016,0.96,
16,27,6,0,2018,1.28,
16,23,0,0,2048,0.8,
16,17,25,0,2037,0.8,
16,14,12,0,2024,1.12,
17,14,29,0,2041,0.96,
16,16,28,0,2040,1.12,
16,17,33,0,2045,1.12,
16,20,17,0,2046,0.96,
16,0,0,0,2048,0.96,
16,26,0,0,2048,1.6,
16,11,1,0,2015,1.44,
17,12,1,0,2015,1.12,
16,24,3,0,2018,2.08,
16,10,0,0,2048,1.12,
16,21,0,0,2048,1.12,
16,8,0,1,2021,1.6,
16,21,0,1,2016,0.64,
16,16,3,0,2015,1.12,
16,17,1,1,2014,1.76,
17,17,0,0,2048,1.6,
16,20,9,0,2021,0.96,
16,15,0,0,2048,1.44,
16,15,10,0,2022,0.64,
16,17,5,0,2017,1.28,
16,18,1,0,2034,0.8,
16,19,21,0,2035,0.8,
16,7,0,0,2048,1.28,
17,25,1,0,2015,0.64,
16,19,26,0,2038,1.44,
16,0,29,0,2043,1.6,
16,37,0,0,2048,1.28,
16,15,32,0,2044,1.12,
16,13,1,0,2043,1.12,
16,19,1,0,2039,1.6,
16,7,2,0,2016,0.8,
17,23,0,0,2048,0.32,
16,0,0,0,2048,0.32,
16,33,0,0,2048,2.56,
16,7,0,0,2048,1.28,
16,19,0,0,2022,0.96,
16,11,13,0,2027,0.8,
16,15,32,0,2042,0.96,
17,7,3,0,2017,0.96,
16,25,9,0,2023,1.44,
16,12,0,0,2048,0.16,
16,17,0,1,2041,1.12,
16,12,11,0,2026,1.28,
16,18,0,1,2034,1.12,
16,6,4,0,2018,1.44,
16,27,14,0,2026,0.8,
17,16,22,0,2036,0.8,
16,6,24,0,2038,0.64,
16,26,0,0,2048,1.28,
16,18,26,0,2040,0.8,
16,19,0,0,2048,2.08,
16,18,7,0,2022,2.08,
16,18,1,0,2015,1.12,
16,18,15,0,2027,1.28,
17,19,2,0,2029,1.12,
16,17,7,0,2019,0.8,
16,18,9,0,2021,2.24,
16,5,11,0,2023,0.64,
16,30,3,0,2017,1.6,
16,0,1,0,2015,0.96,
16,33,7,0,2021,1.28,
16,7,4,0,2016,1.92,
17,27,33,0,2045,1.6,
16,14,0,0,2048,2.08,
16,20,1,0,2044,0.96,
16,12,0,1,2017,1.28,
16,11,1,0,2016,0.64,
16,18,3,0,2018,1.76,
16,16,5,0,2020,0.64,
17,15,17,0,2031,1.28,
16,14,10,0,2024,0.8,
16,11,26,0,2040,1.28,
16,17,0,0,2048,0.8,
16,15,25,0,2039,1.28,
16,15,32,0,2046,1.12,
16,17,18,0,2047,0.32,
16,14,8,0,2020,0.8,
17,13,10,0,2022,1.44,
16,18,12,0,2024,1.28,
16,16,14,0,2026,1.6,
16,16,0,1,2020,1.28,
16,16,9,0,2023,2.08,
16,17,11,0,2025,0.96,
16,18,0,1,2017,0.8,
16,10,15,0,2029,0.8,
17,23,8,0,2022,0.8,
16,18,4,0,2016,0.96,
16,21,9,0,2021,0.96,
16,0,15,0,2029,0.96,
16,31,1,0,2046,0.48,
16,17,0,0,2048,0.64,
16,20,16,0,2030,0.8,
16,1,18,0,2032,1.28,
17,33,19,0,2031,0.64,
16,14,0,1,2046,0.96,
16,8,25,0,2039,0.96,
16,22,0,1,2039,0.96,
16,18,27,0,2039,0.8,
16,17,31,0,2045,0.96,
16,16,0,0,2048,1.92,
17,15,9,0,2024,1.6,
16,14,1,0,2016,1.6,
16,16,0,0,2048,0.96,
16,16,0,0,2048,2.08,
16,17,6,0,2020,1.12,
16,15,8,0,2023,1.6,
16,0,2,0,2016,1.44,
16,26,0,0,2048,2.4,
17,7,0,0,2020,1.6,
16,22,0,1,2015,1.6,
16,17,30,0,2044,1.92,
16,20,0,0,2048,1.6,
16,16,15,0,2047,0.8,
16,14,3,0,2015,1.6,
16,18,11,0,2025,0.8,
16,17,0,0,2048,0.8,
17,20,18,0,2032,1.28,
16,3,0,0,2048,0.96,
16,26,0,0,2048,1.12,
16,17,24,0,2038,0.8,
16,19,25,0,2039,2.88,
16,19,0,1,2029,1.92,
16,16,29,0,2043,1.28,
16,18,0,0,2048,1.28,
17,20,27,0,2047,0.8,
16,4,2,0,2015,0.8,
16,28,0,0,2048,1.44,
16,11,0,0,2048,0.8,
16,22,0,0,2048,0.64,
16,10,0,0,2048,1.44,
16,21,4,0,2018,0.8,
17,13,0,0,2048,0.8,
16,15,31,0,2043,1.28,
16,16,19,0,2031,0.96,
16,15,12,0,2027,1.12,
16,6,0,1,2023,1.12,
16,24,0,1,2021,0.64,
16,15,8,0,2020,0.8,
16,12,0,1,2034,0.64,
17,17,3,0,2017,1.28,
16,15,21,0,2035,0.16,
16,14,7,0,2021,0.16,
16,14,25,0,2039,0.64,
16,8,0,0,2048,1.44,
16,24,0,0,2048,1.12,
16,14,0,0,2048,1.44,
16,13,4,0,2018,1.28,
17,20,31,0,2045,1.6,
16,16,0,0,2048,1.12,
16,17,1,0,2026,0.8,
16,18,0,1,2020,0.8,
16,1,0,0,2048,1.28,
16,33,2,0,2016,0.48,
16,10,11,0,2025,1.12,
16,29,23,0,2037,0.96,
17,17,15,0,2029,1.44,
16,11,0,0,2048,1.12,
16,24,6,0,2018,0.8,
16,19,14,0,2029,2.08,
16,1,24,0,2047,0.8,
16,33,0,0,2048,0.32,
16,16,4,0,2016,0.96,
17,16,20,0,2032,1.12,
16,17,8,0,2020,0.48,
16,19,24,0,2036,0.64,
16,7,14,0,2046,1.12,
16,20,0,0,2048,1.12,
16,18,0,0,2048,1.28,
16,14,0,0,2048,1.76,
16,16,3,0,2017,1.28,
17,8,0,0,2048,1.6,
16,24,7,0,2021,1.44,
16,13,0,0,2048,1.12,
16,13,0,1,2026,1.44,
16,7,0,0,2048,0.96,
16,22,0,0,2048,1.12,
16,9,0,0,2048,1.76,
16,24,0,1,2026,1.28,
17,10,0,1,2021,1.6,
16,19,0,0,2048,1.92,
16,14,0,1,2018,0.8,
16,17,11,0,2025,1.92,
16,9,7,0,2013,0.8,
16,28,6,0,2047,0.64,
16,13,11,0,2017,0.8,
16,18,1,0,2039,0.8,
17,4,0,0,2048,2.08,
16,29,18,0,2024,0.32,
16,18,20,0,2026,0.8,
16,1,0,0,2048,1.44,
16,32,30,0,2047,0.96,
16,7,0,0,2048,0.8,
16,24,3,0,2015,1.92,
17,9,1,0,2036,0.8,
16,28,31,0,2045,2.4,
16,8,0,0,2048,1.76,
16,23,2,0,2016,1.6,
16,16,0,0,2048,1.28,
16,13,0,0,2048,0.64,
16,19,18,0,2030,0.48,
16,19,0,0,2048,0.8,
17,17,12,0,2026,1.76,
16,14,0,0,2048,1.6,
16,9,16,0,2030,0.64,
16,19,4,0,2016,0.64,
16,19,0,0,2048,1.44,
16,18,8,0,2020,1.12,
16,18,16,0,2030,1.12,
16,13,12,0,2024,1.28,
17,4,0,1,2040,0.8,
16,25,0,1,2036,1.28,
16,17,18,0,2032,0.48,
16,14,20,0,2034,0.96,
16,17,30,0,2047,1.12,
16,14,5,0,2047,1.12,
16,20,0,0,2048,1.44,
16,7,28,0,2041,0.8,
17,26,0,1,2033,1.6,
16,18,33,0,2045,1.28,
16,16,26,0,2046,1.76,
16,13,0,0,2048,0.64,
16,16,12,0,2026,1.6,
16,17,14,0,2028,1.76,
16,19,8,0,2022,0.8,
17,17,18,0,2033,1.12,
16,17,17,0,2047,0.8,
16,3,1,0,2017,0.48,
16,27,27,0,2041,0.64,
16,16,4,0,2018,1.28,
16,18,31,0,2045,0.96,
16,18,32,0,2047,0.48,
16,15,18,0,2032,0.48,
17,14,0,0,2048,0.8,
16,19,0,0,2048,0.96,
16,13,5,0,2017,1.76,
16,21,7,0,2019,0.8,
16,12,22,0,2036,0.8,
16,18,14,0,2047,0.16,
16,10,0,0,2048,0.8,
16,17,0,1,2041,0.8,
17,18,0,0,2048,0.48,
16,18,0,1,2032,0.96,
16,12,6,0,2020,0.96,
16,18,0,1,2030,2.72,
16,10,10,0,2024,1.6,
16,21,0,0,2048,1.28,
16,17,15,0,2029,1.6,
16,16,1,0,2015,1.44,
17,17,1,0,2023,1.28,
16,4,12,0,2026,1.76,
16,20,0,0,2048,0.96,
16,13,16,0,2031,0.64,
16,24,19,0,2033,0.96,
16,18,3,0,2017,0.64,
16,0,32,0,2047,0.64,
17,34,0,0,2048,0.8,
16,14,13,0,2027,0.64,
16,16,0,0,2048,1.76,
16,19,0,0,2048,0.96,
16,17,8,0,2020,0.96,
16,16,21,0,2036,1.6,
16,13,24,0,2038,0.48,
16,15,0,1,2045,0.8,
17,8,0,1,2040,0.64,
16,23,0,0,2048,1.76,
16,22,4,0,2018,0.96,
16,18,0,0,2048,1.28,
16,15,0,0,2048,1.12,
16,10,0,0,2048,0.96,
16,22,12,0,2026,1.44,
16,15,14,0,2028,1.12,
17,19,16,0,2030,1.12,
16,14,11,0,2025,1.28,
16,7,0,1,2020,1.6,
16,22,15,0,2030,0.8,
16,7,28,0,2042,0.64,
16,24,30,0,2044,1.12,
16,17,16,0,2028,0,
16,18,20,0,2047,0.32,
17,17,0,1,2019,0.96,
16,13,13,0,2027,1.44,
16,16,0,0,2048,0.8,
16,18,0,0,2048,1.44,
16,5,7,0,2021,0.8,
16,28,29,0,2047,1.28,
16,14,2,0,2047,0.8,
17,13,0,0,2048,0.96,
16,16,0,1,2039,0.8,
16,16,1,0,2015,1.12,
16,20,3,0,2017,0.64,
16,10,5,0,2019,2.08,
16,21,7,0,2021,0.96,
16,16,9,0,2023,1.28,
16,16,11,0,2025,1.92,
17,17,13,0,2027,2.08,
16,0,31,0,2045,1.12,
16,37,6,0,2018,2.24,
16,11,8,0,2020,1.12,
16,18,3,0,2017,1.44,
16,17,5,0,2019,2.24,
16,16,0,1,2016,1.6,
16,3,2,0,2016,0.8,
17,32,18,0,2031,2.08,
16,16,1,0,2020,0.32,
16,14,13,0,2027,0.48,
16,16,10,0,2024,1.12,
16,18,0,0,2048,1.28,
16,4,19,0,2033,1.76,
16,30,21,0,2036,1.28,
16,14,0,0,2048,1.44,
17,8,0,0,2048,0.64,
16,20,28,0,2042,1.28,
16,15,0,1,2034,0.96,
16,19,0,0,2048,1.12,
16,15,0,0,2025,1.76,
16,10,0,0,2028,1.12,
16,14,0,1,2024,0.48,
17,22,2,0,2016,1.28,
16,12,7,0,2021,1.76,
16,22,0,0,2048,0.8,
16,17,18,0,2032,0.96,
16,16,0,1,2028,0.96,
16,15,0,1,2024,1.12,
16,16,0,1,2020,0.64,
16,17,0,1,2016,1.44,
17,18,33,0,2047,0.8,
16,16,0,0,2048,0.48,
16,15,1,0,2019,0.48,
16,13,15,0,2029,1.44,
16,19,0,0,2048,0.48,
16,20,19,0,2033,0.8,
16,15,7,0,2021,0.8,
16,18,9,0,2023,1.28,
17,15,7,0,2047,1.28,
16,13,0,1,2043,0.96,
16,17,23,0,2037,1.44,
16,17,33,0,2046,1.28,
16,3,7,0,2019,1.76,
16,28,0,0,2048,0.64,
16,13,0,0,2048,1.92,
16,19,13,0,2025,1.12,
17,13,5,0,2019,1.44,
16,18,7,0,2021,0.96,
16,18,9,0,2023,0.96,
16,15,0,0,2048,1.12,
16,14,1,0,2015,1.44,
16,16,15,0,2029,1.28,
16,16,0,1,2017,1.28,
17,2,32,0,2046,0.32,
16,35,10,0,2024,1.28,
16,10,0,0,2048,1.28,
16,21,9,0,2021,0.48,
16,0,0,1,2015,0.48,
16,28,3,0,2017,0.64,
16,18,19,0,2033,1.12,
16,13,0,0,2048,0.48,
17,21,33,0,2045,0.32,
16,15,0,0,2048,1.28,
16,15,23,0,2035,1.28,
16,16,1,0,2040,0.64,
16,19,0,0,2048,1.6,
16,15,8,0,2020,0.96,
16,16,10,0,2022,0.96,
16,13,0,0,2048,0.96,
17,20,14,0,2026,1.44,
16,3,0,0,2048,0.96,
16,30,8,0,2022,1.12,
16,18,0,0,2048,0.48,
16,16,22,0,2034,1.44,
16,8,2,0,2016,0.96,
16,23,17,0,2031,1.28,
16,16,19,0,2033,0.16,
17,17,14,0,2028,0.64,
16,17,0,0,2048,1.12,
16,8,0,1,2044,0.64,
16,21,9,0,2021,0.64,
16,9,0,0,2048,1.44,
16,19,0,0,2048,0.48,
16,7,18,0,2032,0.64,
17,28,17,0,2029,0.8,
16,17,9,0,2023,0.8,
16,10,0,0,2048,0.96,
16,19,0,1,2043,0.48,
16,12,2,0,2016,0.96,
16,24,0,1,2033,1.12,
16,2,6,0,2020,2.08,
16,27,8,0,2022,3.04,
17,18,0,0,2048,0.8,
16,8,1,0,2015,1.92,
16,24,0,0,2048,1.44,
16,18,3,0,2018,1.44,
16,18,11,0,2025,1.6,
16,17,0,0,2048,1.92,
16,14,15,0,2029,0.96,
16,7,28,0,2042,2.08,
17,31,14,0,2028,1.6,
16,18,5,0,2019,0.8,
16,17,14,0,2047,0.32,
16,17,0,1,2020,0.96,
16,6,11,0,2025,0.64,
16,19,1,0,2037,0.32,
16,8,19,0,2031,0.96,
16,26,0,0,2048,0.48,
17,16,8,0,2022,1.92,
16,3,25,0,2037,1.6,
16,28,27,0,2039,1.44,
16,11,0,0,2048,0.8,
16,21,32,0,2044,1.6,
16,18,30,0,2046,1.44,
16,15,0,0,2048,1.12,
17,7,8,0,2022,1.28,
16,18,0,0,2048,1.12,
16,17,12,0,2026,0.8,
16,14,0,1,2016,1.6,
16,17,2,0,2016,1.6,
16,18,11,0,2025,1.28,
16,15,13,0,2027,0.8,
16,14,8,0,2022,0.96,
17,6,17,0,2031,0.64,
16,29,12,0,2026,0.8,
16,18,14,0,2028,0.64,
16,2,0,0,2048,0.48,
16,33,9,0,2023,0,
16,8,1,0,2015,0.48,
16,14,0,0,2048,0.8,
16,24,5,0,2019,0.64,
17,18,17,0,2031,0.64,
16,16,0,0,2048,0.48,
16,17,0,0,2048,1.6,
16,17,29,0,2041,0.8,
16,9,31,0,2043,0.64,
16,24,0,0,2048,1.76,
16,14,0,0,2048,1.44,
16,20,9,0,2021,2.08,
17,3,0,0,2048,2.08,
16,27,0,1,2021,0.96,
16,5,7,0,2021,1.44,
16,24,0,0,2048,0.96,
16,17,0,0,2048,1.6,
16,17,13,0,2027,1.12,
16,14,15,0,2029,0.64,
17,15,5,0,2017,0.32,
16,14,0,1,2016,0.96,
16,18,2,2,2014,0.64,
16,17,6,0,2016,1.76,
16,17,13,0,2025,1.12,
16,14,0,1,2019,1.12,
16,13,0,1,2040,0.96,
16,6,0,0,2048,1.44,
17,22,16,0,2027,1.28,
16,17,0,0,2048,0.8,
16,17,0,0,2048,0.96,
16,17,0,0,2048,1.12,
16,16,0,0,2048,0.8,
16,11,27,0,2037,0.96,
16,20,33,0,2046,0.64,
16,15,0,0,2038,2.08,
17,17,0,0,2048,1.6,
16,18,1,0,2039,1.28,
16,9,0,0,2048,1.12,
16,20,14,0,2026,1.12,
16,15,0,1,2015,1.12,
16,18,11,0,2025,1.12,
16,4,5,0,2019,0.48,
16,31,2,0,2047,1.28,
17,7,25,0,2039,1.76,
16,25,0,0,2048,0.64,
16,20,5,0,2017,1.44,
16,15,31,0,2045,0.64,
16,23,13,0,2026,0.8,
16,16,11,0,2023,1.44,
16,9,0,0,2048,1.6,
17,22,0,0,2048,0.96,
16,3,18,0,2030,1.6,
16,33,20,0,2032,1.28,
16,16,30,0,2044,0.8,
16,9,14,0,2026,0.64,
16,21,16,0,2028,1.28,
16,5,29,0,2041,1.28,
16,28,31,0,2046,1.28,
17,14,0,1,2036,1.76,
16,18,0,0,2048,0.8,
16,14,0,0,2048,1.44,
16,2,0,0,2048,1.44,
16,27,0,0,2048,1.12,
16,16,18,0,2030,0.96,
16,0,3,0,2017,1.28,
16,30,5,0,2019,0.8,
17,7,7,0,2021,1.76,
16,21,26,0,2038,1.12,
16,14,11,0,2025,1.44,
16,15,2,0,2016,0.64,
16,12,4,0,2018,1.44,
16,28,33,0,2046,0.96,
16,15,8,0,2023,0.8,
16,2,11,0,2025,0.48,
17,31,13,0,2027,0.64,
16,11,0,0,2048,0.8,
16,13,11,0,2023,1.76,
16,28,19,0,2033,1.6,
16,5,0,0,2048,1.6,
16,28,24,0,2047,0.96,
16,16,9,0,2047,0.8,
17,19,6,0,2020,1.76,
16,5,0,0,2048,0.32,
16,27,0,0,2048,1.44,
16,23,12,0,2026,2.4,
16,14,0,1,2017,1.12,
16,14,0,0,2048,1.28,
16,18,18,0,2032,1.76,
16,3,15,0,2027,1.12,
17,27,17,0,2029,0.96,
16,16,0,1,2023,0.96,
16,8,28,0,2040,0.96,
16,20,9,0,2021,0.96,
16,16,32,0,2044,1.12,
16,18,18,0,2032,0.8,
16,14,6,0,2020,1.44,
16,7,0,1,2016,0.48,
17,18,10,0,2024,0.48,
16,17,12,0,2026,0.48,
16,8,6,0,2020,1.44,
16,27,0,0,2048,0.96,
16,16,0,0,2048,0.32,
16,17,32,0,2046,1.44,
16,9,15,0,2029,2.24,
16,20,0,0,2048,0.96,
17,8,15,0,2046,1.28,
16,24,0,0,2048,0.64,
16,6,0,0,2048,1.28,
16,31,12,0,2027,1.76,
16,16,0,0,2048,1.12,
16,16,29,0,2043,0.96,
16,18,6,0,2018,1.12,
17,18,1,1,2031,1.76,
16,7,2,0,2022,1.76,
16,25,7,0,2019,0.32,
16,14,20,0,2034,1.28,
16,17,16,0,2028,1.28,
16,20,13,0,2025,1.92,
16,7,6,0,2020,0.64,
16,29,32,0,2046,0.64,
17,14,0,0,2048,1.28,
16,18,12,0,2026,0.96,
16,16,0,0,2048,1.28,
16,17,8,0,2020,1.28,
16,17,31,0,2043,1.12,
16,14,33,0,2045,1.28,
16,14,2,0,2016,0.96,
16,16,0,0,2048,1.12,
17,11,0,1,2042,1.6,
16,15,0,0,2048,1.6,
16,17,10,0,2024,1.28,
16,9,0,0,2048,0.96,
16,22,0,0,2048,1.12,
16,10,0,0,2048,1.44,
16,19,0,0,2048,1.28,
16,13,1,0,2015,0.96,
17,17,23,0,2046,1.28,
16,17,4,0,2016,1.28,
16,14,6,0,2018,1.12,
16,1,0,1,2018,0.8,
16,30,25,0,2039,0.48,
16,18,27,0,2041,1.28,
16,11,29,0,2043,0.8,
17,23,16,0,2028,1.12,
16,1,9,0,2023,1.6,
16,30,0,0,2048,1.12,
16,20,16,0,2030,0.96,
16,12,0,0,2048,0.8,
16,21,20,0,2034,1.92,
16,19,30,0,2044,1.76,
16,18,14,0,2026,1.92,
17,17,1,1,2017,1.6,
16,17,0,0,2048,1.92,
16,17,0,0,2048,1.76,
16,18,0,0,2048,0.8,
16,16,0,0,2048,1.44,
16,15,17,0,2031,1.6,
16,0,0,0,2048,1.28,
16,29,12,0,2024,0.8,
17,15,33,0,2045,1.12,
16,18,1,0,2029,0.96,
16,16,18,0,2031,1.44,
16,11,20,0,2033,1.76,
16,9,8,0,2020,2.08,
16,24,1,1,2014,0.64,
16,18,29,0,2041,1.92,
16,17,6,0,2018,1.12,
17,14,16,0,2028,1.44,
16,8,10,0,2022,1.6,
16,19,12,0,2024,0.8,
16,14,25,0,2037,0.32,
16,1,0,0,2048,1.92,
16,31,0,0,2048,0.8,
16,16,31,0,2043,1.28,
17,18,25,0,2039,0.64,
16,15,1,0,2019,1.6,
16,15,0,1,2044,1.6,
16,19,0,0,2048,1.6,
16,18,11,0,2025,1.28,
16,18,0,0,2048,0.8,
16,15,0,1,2020,1.92,
16,14,17,0,2031,0.96,
17,8,0,0,2048,0.48,
16,26,0,0,2048,1.6,
16,17,23,0,2047,2.08,
16,19,19,0,2032,1.6,
16,16,2,0,2016,1.44,
16,18,12,0,2026,0.96,
16,18,14,0,2028,1.6,
16,6,6,0,2020,0.8,
17,28,0,0,2048,0.8,
16,16,0,0,2048,1.28,
16,13,0,0,2048,1.28,
16,16,14,0,2028,0.8,
16,15,0,0,2048,0.64,
16,10,0,0,2048,1.44,
16,23,0,0,2048,0.96,
16,18,25,0,2039,1.44,
17,16,27,0,2041,1.12,
16,15,29,0,2043,0.8,
16,16,1,0,2047,1.76,
16,18,10,0,2024,1.44,
16,16,1,0,2035,1.12,
16,15,0,0,2048,1.92,
16,14,16,0,2030,1.28,
17,13,0,0,2048,0.96,
16,19,0,0,2048,1.76,
16,15,16,0,2028,1.44,
16,15,8,0,2022,0.48,
16,16,20,0,2032,0.8,
16,10,4,0,2018,0.8,
16,19,25,0,2037,1.6,
16,19,2,0,2016,1.28,
17,17,29,0,2041,0.8,
16,18,31,0,2043,1.12,
16,17,0,0,2048,1.28,
16,14,0,0,2048,0.64,
16,15,15,0,2029,0.16,
16,16,17,0,2031,1.44,
16,8,0,0,2048,0.8,
16,27,27,0,2041,1.44,
17,5,23,0,2037,0.64,
16,28,25,0,2039,0.64,
16,17,7,0,2021,1.6,
16,0,9,0,2023,1.6,
16,35,0,0,2048,0.48,
16,17,13,0,2027,1.12,
16,17,0,0,2048,1.28,
16,8,2,0,2016,0.8,
17,24,13,0,2023,1.28,
16,15,19,0,2047,1.28,
16,16,8,0,2022,0.96,
16,14,10,0,2024,1.76,
16,2,12,0,2026,0.8,
16,27,24,0,2034,1.28,
16,15,26,0,2036,0.64,
17,16,28,0,2038,0.64,
16,16,0,0,2048,1.28,
16,18,32,0,2043,0.48,
16,16,0,0,2048,0.96,
16,13,11,0,2025,1.28,
16,8,13,0,2027,0.96,
16,21,15,0,2029,0.96,
16,11,0,0,2048,1.44,
17,20,27,0,2037,1.28,
16,16,15,0,2027,1.12,
16,14,23,0,2037,1.76,
16,16,6,0,2020,0.8,
16,6,21,0,2033,1.76,
16,23,0,0,2048,0.8,
16,20,12,0,2026,1.6,
16,17,14,0,2028,2.4,
17,15,0,0,2048,1.44,
16,18,0,0,2048,1.92,
16,19,0,0,2048,1.28,
16,17,8,0,2022,1.12,
16,18,5,0,2017,2.24,
16,11,19,0,2033,2.4,
16,21,21,0,2033,0.64,
16,15,2,0,2016,0.96,
17,20,0,0,2048,1.12,
16,12,6,0,2020,0.48,
16,22,0,0,2048,0.8,
16,21,32,0,2044,0.96,
16,17,0,0,2048,0.64,
16,15,15,0,2029,1.44,
16,17,0,0,2048,1.12,
17,10,19,0,2033,0.64,
16,24,21,0,2035,1.28,
16,10,6,0,2020,1.12,
16,19,0,0,2048,1.12,
16,13,10,0,2024,0.96,
16,13,12,0,2026,1.44,
16,1,0,0,2048,1.12,
16,30,0,0,2048,0.8,
17,14,0,0,2048,1.44,
16,15,6,0,2020,1.28,
16,17,0,0,2048,1.6,
16,14,0,0,2048,0.96,
16,17,12,0,2027,0.48,
16,17,15,0,2029,1.12,
16,1,12,0,2025,1.28,
16,28,15,0,2027,1.44,
17,0,0,0,2048,0.96,
16,29,13,0,2027,0.64,
16,17,25,0,2039,0.8,
16,17,27,0,2041,0.32,
16,0,0,0,2048,0.32,
16,34,0,0,2048,0.96,
16,19,23,0,2037,0.96,
16,17,16,0,2030,0.48,
17,20,12,0,2027,0.96,
16,17,19,0,2033,0.96,
16,17,11,0,2020,1.6,
16,18,14,0,2022,1.28,
16,10,21,0,2046,0.96,
16,19,18,0,2026,2.08,
16,17,1,0,2041,0.96,
17,18,22,0,2030,1.44,
16,16,1,0,2030,0.8,
16,15,9,0,2023,1.44,
16,17,0,0,2048,1.44,
16,14,0,0,2048,0.96,
16,17,8,0,2022,1.92,
16,0,6,0,2020,1.6,
16,31,12,0,2026,1.44,
17,5,14,0,2028,1.44,
16,20,12,0,2026,1.28,
16,17,14,0,2028,1.44,
16,17,16,0,2030,1.6,
16,11,28,0,2043,0.96,
16,21,9,0,2024,1.92,
16,16,33,0,2047,0.64,
16,3,22,0,2034,1.12,
17,30,24,0,2037,0.64,
16,16,17,0,2032,0.8,
16,11,12,0,2047,0.8,
16,24,16,0,2030,0.64,
16,16,33,0,2045,1.44,
16,15,0,0,2048,0.96,
16,14,0,0,2048,1.12,
16,19,17,0,2031,0.48,
17,18,1,0,2035,1.28,
16,17,21,0,2035,1.76,
16,16,0,0,2048,1.44,
16,18,3,0,2018,1.12,
16,19,1,1,2033,0.96,
16,19,16,0,2030,1.12,
16,1,9,0,2023,1.44,
17,32,1,0,2033,0.8,
16,14,14,0,2028,0,
16,9,24,0,2038,1.6,
16,23,17,0,2031,1.6,
16,16,9,0,2021,0.64,
16,0,11,0,2023,0.48,
16,33,0,0,2048,2.08,
16,13,16,0,2028,1.44,
17,15,0,1,2045,0.96,
16,20,13,0,2023,1.44,
16,0,21,0,2033,1.44,
16,31,24,0,2036,1.76,
16,8,8,0,2022,1.12,
16,21,10,0,2024,1.44,
16,0,0,0,2048,1.28,
16,28,0,0,2048,0.96,
17,17,16,0,2030,1.28,
16,6,0,0,2048,0.96,
16,22,0,0,2048,1.44,
16,14,22,0,2036,1.6,
16,13,0,0,2048,0.8,
16,19,1,0,2033,0.8,
16,19,5,0,2019,0.8,
16,12,8,0,2022,1.28,
17,22,10,0,2024,1.28,
16,17,21,0,2035,0.96,
16,7,0,0,2048,1.28,
16,27,0,0,2048,1.12,
16,8,27,0,2041,1.6,
16,25,29,0,2043,1.12,
16,17,13,0,2027,0.48,
17,16,0,0,2048,0.8,
16,14,0,0,2048,0.96,
16,18,0,0,2048,1.44,
16,12,30,0,2044,0.64,
16,26,23,0,2037,1.6,
16,16,1,1,2025,1.28,
16,16,27,0,2046,1.6,
16,14,1,0,2046,0.8,
17,17,1,0,2041,0.48,
16,19,18,0,2030,1.6,
16,1,1,0,2022,1.92,
16,29,0,1,2018,1.92,
16,13,0,0,2048,1.76,
16,15,14,0,2026,0.16,
16,17,4,0,2018,0.32,
16,8,7,0,2021,0.8,
17,25,20,0,2032,1.6,
16,1,10,0,2024,1.12,
16,27,1,0,2019,1.12,
16,14,0,0,2048,0.64,
16,18,0,0,2048,0.8,
16,15,0,0,2048,0.64,
16,18,7,0,2021,0.64,
16,17,0,0,2048,1.12,
17,14,11,0,2023,1.6,
16,2,17,0,2029,0.96,
16,27,24,0,2038,0.32,
16,17,17,0,2029,0.8,
16,14,23,0,2035,1.76,
16,19,25,0,2037,1.92,
16,16,32,0,2046,1.76,
17,16,0,0,2048,1.28,
16,17,14,0,2028,1.28,
16,18,0,0,2048,1.44,
16,17,0,0,2048,1.28,
16,16,0,0,2048,1.28,
16,16,12,0,2024,1.12,
16,16,3,0,2017,1.12,
16,18,8,0,2020,0.8,
17,17,1,0,2035,1.44,
16,17,0,1,2029,1.76,
16,17,0,1,2025,1.12,
16,14,0,1,2019,0.64,
16,15,27,0,2037,1.12,
16,9,0,0,2048,0.96,
16,27,0,0,2048,0.32,
16,16,7,0,2021,0.64,
17,17,9,0,2024,0.16,
16,15,10,0,2045,1.44,
16,14,13,0,2027,0.96,
16,15,29,0,2044,0.64,
16,12,29,0,2043,0.64,
16,21,23,0,2037,0.8,
16,14,32,0,2047,0.8,
16,18,0,0,2048,1.76,
17,15,0,0,2048,0.48,
16,16,0,0,2048,0.8,
16,20,0,0,2048,1.28,
16,16,0,0,2048,1.28,
16,8,21,0,2035,0.8,
16,23,3,0,2015,1.76,
16,9,6,0,2020,0.32,
17,24,8,0,2022,1.12,
16,15,9,0,2021,0.8,
16,17,11,0,2023,1.12,
16,16,1,0,2025,1.28,
16,17,0,2,2014,0.48,
16,16,0,0,2048,0.48,
16,17,0,0,2048,0.8,
16,4,7,0,2020,0.64,
17,30,31,0,2045,0.96,
16,16,12,0,2024,0.8,
16,14,24,0,2036,0.48,
16,15,26,0,2038,1.12,
16,16,14,0,2028,1.76,
16,16,16,0,2030,1.28,
16,15,32,0,2044,1.92,
16,1,10,0,2024,0.96,
17,31,0,0,2048,0.96,
16,0,24,0,2039,0.64,
16,33,0,0,2048,1.28,
16,17,0,0,2048,1.44,
16,16,21,0,2035,1.44,
16,7,0,0,2048,1.44,
16,24,4,0,2018,1.76,
16,8,0,0,2048,1.44,
17,23,0,1,2039,1.92,
16,15,0,1,2029,1.44,
16,17,11,0,2025,1.12,
16,15,19,0,2033,1.44,
16,15,0,0,2048,1.12,
16,20,17,0,2031,1.12,
16,15,25,0,2039,1.12,
17,19,27,0,2041,0.16,
16,17,0,0,2048,0.8,
16,16,1,0,2024,0.64,
16,16,22,0,2035,0.96,
16,15,25,0,2037,0.64,
16,17,18,0,2030,0.64,
16,15,29,0,2041,1.28,
16,12,0,0,2048,0.8,
17,20,9,0,2023,1.12,
16,15,11,0,2025,1.12,
16,12,25,0,2040,0.96,
16,6,0,0,2048,0.8,
16,31,0,0,2048,1.76,
16,14,0,0,2048,1.92,
16,7,21,0,2035,1.28,
16,26,12,0,2026,1.28,
17,16,0,0,2048,0.64,
16,14,8,0,2020,0.8,
16,6,10,0,2022,1.44,
16,27,12,0,2024,0.8,
16,17,0,1,2026,0.48,
16,8,21,0,2035,0.96,
16,23,23,0,2037,1.44,
16,3,25,0,2039,0.64,
17,27,7,0,2021,0.96,
16,20,9,0,2023,1.28,
16,16,31,0,2045,0.96,
16,15,21,0,2035,0.64,
16,15,31,0,2043,0.64,
16,19,20,0,2034,1.76,
16,17,23,0,2046,1.28,
17,12,19,0,2033,1.12,
16,20,21,0,2035,0.8,
16,15,28,0,2042,0.32,
16,19,0,0,2048,1.92,
16,16,0,0,2048,2.08,
16,1,17,0,2032,1.44,
16,31,1,0,2015,1.44,
16,17,4,0,2016,1.12,
17,15,0,0,2048,1.28,
16,5,0,0,2048,0.96,
16,30,9,0,2021,0.8,
16,12,11,0,2024,1.12,
16,16,14,0,2026,1.12,
16,19,16,0,2028,1.76,
16,2,18,0,2030,1.44,
16,28,20,0,2032,1.44,
17,6,0,0,2048,0.64,
16,25,0,0,2048,1.12,
16,17,0,0,2048,1.44,
16,4,0,0,2048,0.96,
16,27,16,0,2030,0.64,
16,13,24,0,2038,1.6,
16,8,20,0,2034,1.28,
16,24,15,0,2029,0.8,
17,16,30,0,2044,1.12,
16,14,32,0,2046,1.6,
16,19,0,0,2048,1.6,
16,17,11,0,2028,1.12,
16,8,14,0,2030,1.12,
16,11,0,0,2048,1.92,
16,21,0,0,2048,1.44,
17,24,12,0,2026,1.92,
16,20,22,0,2038,1.6,
16,2,16,0,2030,1.44,
16,31,0,1,2026,1.44,
16,16,0,1,2022,0.8,
16,15,13,0,2026,1.12,
16,19,1,1,2014,2.4,
16,18,27,0,2041,1.92,
17,14,6,0,2019,1.44,
16,15,10,0,2022,1.28,
16,4,12,0,2024,1.44,
16,30,13,0,2025,1.44,
16,16,0,0,2048,0.48,
16,14,0,0,2048,0.96,
16,15,0,0,2048,0.8,
16,12,16,0,2027,1.12,
17,7,24,0,2036,0.16,
16,27,33,0,2045,0.8,
16,17,23,0,2046,0.16,
16,13,9,0,2024,1.28,
16,11,12,0,2026,1.12,
16,21,0,0,2048,1.6,
16,3,0,0,2048,1.28,
16,24,9,0,2023,0.96,
17,6,11,0,2025,1.6,
16,26,4,0,2018,1.6,
16,8,1,0,2042,1.44,
16,25,17,0,2031,1.6,
16,13,19,0,2034,1.44,
16,20,11,0,2025,1.28,
16,1,0,0,2048,2.08,
17,37,16,0,2030,1.28,
16,5,0,0,2048,1.12,
16,26,10,0,2020,1.44,
16,19,12,0,2022,0.48,
16,12,0,0,2048,0.48,
16,22,0,0,2048,0.96,
16,15,0,0,2048,0.96,
16,16,27,0,2039,0.48,
17,4,1,1,2045,0.8,
16,33,0,0,2048,0.48,
16,3,21,0,2033,0.32,
16,30,0,0,2048,1.12,
16,17,25,0,2037,0.48,
16,9,0,0,2048,0.96,
16,24,0,0,2048,1.28,
16,8,17,0,2030,1.6,
17,20,1,0,2015,1.44,
16,9,3,0,2017,1.12,
16,18,1,0,2015,1.12,
16,15,3,0,2017,0.8,
16,0,21,0,2035,0.8,
16,32,0,1,2022,0.64,
16,16,25,0,2039,0.48,
16,18,11,0,2025,1.12,
17,15,1,1,2019,0.48,
16,13,0,0,2048,0.8,
16,19,0,0,2048,0.8,
16,15,28,0,2040,0.8,
16,13,30,0,2042,0.64,
16,21,22,0,2036,0.64,
16,15,0,0,2048,1.44,
17,15,26,0,2040,0.48,
16,17,19,0,2031,0,
16,13,32,0,2046,0.48,
16,23,19,0,2033,1.12,
16,14,10,0,2047,0.96,
16,18,0,0,2048,0.48,
16,18,14,0,2026,0.64,
16,22,0,0,2048,0.96,
17,4,0,0,2048,1.44,
16,29,15,0,2027,1.44,
16,2,20,0,2047,0.48,
16,29,0,1,2034,0.96,
16,16,6,0,2020,0.48,
16,16,8,0,2022,1.12,
16,10,15,0,2027,0.8,
16,23,17,0,2029,1.12,
17,15,22,0,2036,1.28,
16,11,0,0,2048,0.48,
16,15,5,0,2019,0.48,
16,22,7,0,2022,1.12,
16,16,10,0,2022,1.12,
16,16,0,0,2048,1.44,
16,14,11,0,2047,0.8,
16,16,29,0,2039,0.32,
17,15,1,0,2041,0.96,
16,4,15,0,2029,0.8,
16,25,0,0,2032,0.64,
16,0,0,0,2048,0.64,
16,26,21,0,2035,0.48,
16,11,13,0,2025,1.6,
16,21,15,0,2027,1.28,
17,17,17,0,2029,1.44,
16,12,0,0,2048,1.6,
16,22,14,0,2028,1.12,
16,16,28,0,2047,0.8,
16,12,0,0,2048,1.6,
16,19,0,1,2028,0.64,
16,19,0,1,2024,1.28,
16,19,24,0,2038,0.64,
17,16,18,0,2032,0.8,
16,18,2,0,2016,1.12,
16,14,0,0,2048,0.48,
16,20,25,0,2039,1.76,
16,19,6,0,2018,1.44,
16,19,23,0,2037,1.28,
16,16,25,0,2037,0.32,
16,16,27,0,2041,1.12,
17,17,33,0,2045,0.48,
16,17,31,0,2043,1.76,
16,16,7,0,2021,1.12,
16,8,9,0,2023,1.6,
16,22,0,0,2048,0.48,
16,1,24,0,2036,0.32,
16,31,26,0,2039,1.12,
16,14,29,0,2041,1.12,
17,15,0,0,2048,2.4,
16,16,15,0,2027,0.16,
16,13,0,0,2048,0.8,
16,15,19,0,2031,0.64,
16,15,3,0,2017,1.12,
16,16,5,0,2019,0.8,
16,17,7,0,2021,1.44,
17,15,27,0,2039,2.08,
16,12,11,0,2025,1.76,
16,14,17,0,2031,1.28,
16,2,0,0,2048,1.92,
16,32,6,0,2020,0.96,
16,17,18,0,2032,1.76,
16,16,9,0,2023,1.6,
16,16,22,0,2036,1.12,
17,11,24,0,2038,0.96,
16,26,32,0,2046,0.96,
16,17,14,0,2028,0.96,
16,17,0,0,2048,0.48,
16,19,1,0,2040,0.32,
16,17,12,0,2026,0.8,
16,0,22,0,2037,0.8,
16,33,25,0,2039,0.8,
17,9,18,0,2032,0.96,
16,25,1,0,2034,0.96,
16,17,22,0,2036,0.96,
16,17,6,0,2019,1.92,
16,17,20,0,2034,1.12,
16,11,10,0,2023,0.32,
16,23,24,0,2039,0.32,
16,16,11,0,2023,1.6,
17,14,17,0,2029,1.28,
16,14,19,0,2031,0.8,
16,2,17,0,2029,0.48,
16,28,19,0,2031,0.48,
16,10,8,0,2022,0.8,
16,18,20,0,2033,0.96,
16,15,29,0,2043,0.48,
17,17,0,0,2048,0.64,
16,16,0,0,2048,0.8,
16,7,32,0,2044,1.44,
16,22,31,0,2043,0.64,
16,11,0,1,2041,1.44,
16,19,7,0,2022,1.12,
16,15,0,0,2048,1.28,
16,16,0,0,2048,1.44,
17,16,0,0,2048,1.92,
16,5,0,0,2048,1.44,
16,26,18,0,2032,1.28,
16,13,15,0,2029,1.44,
16,21,0,0,2048,1.44,
16,5,24,0,2047,1.6,
16,31,10,0,2022,1.44,
16,2,23,0,2037,0.64,
17,32,25,0,2039,1.44,
16,19,27,0,2041,2.08,
16,17,16,0,2030,1.92,
16,16,0,0,2048,1.6,
16,16,5,0,2018,1.12,
16,17,8,0,2020,1.76,
16,15,21,0,2031,0.64,
16,17,12,0,2024,0.96,
17,11,0,0,2048,2.08,
16,22,0,0,2048,1.28,
16,9,0,0,2048,0.32,
16,23,32,0,2046,1.28,
16,8,8,0,2020,1.44,
16,22,20,0,2032,0.32,
16,16,12,0,2024,1.76,
17,16,0,0,2048,1.12,
16,16,0,0,2048,0.8,
16,14,0,0,2048,1.28,
16,12,0,0,2048,1.12,
16,19,0,0,2048,1.12,
16,16,0,0,2048,0.8,
16,15,21,0,2033,1.92,
16,9,23,0,2035,1.12,
17,23,25,0,2037,0.96,
16,16,27,0,2039,0.64,
16,18,13,0,2027,2.08,
16,16,0,0,2048,1.44,
16,16,6,0,2021,1.28,
16,6,5,0,2019,0.48,
16,26,7,0,2021,0.64,
16,13,23,0,2037,0.48,
17,19,0,0,2048,0.8,
16,16,27,0,2041,0.96,
16,16,25,0,2039,0.64,
16,22,0,0,2048,1.12,
16,16,29,0,2043,1.92,
16,19,31,0,2045,1.12,
16,20,27,0,2041,0.8,
16,17,12,0,2026,1.6,
17,2,14,0,2028,1.6,
16,30,0,0,2048,1.28,
16,10,17,0,2025,0.48,
16,20,31,0,2045,0.8,
16,16,0,0,2048,1.44,
16,16,8,0,2022,1.28,
16,13,3,0,2017,1.6,
17,5,0,1,2024,0.8,
16,27,7,0,2021,0.96,
16,9,16,0,2030,1.6,
16,23,18,0,2032,1.44,
16,12,20,0,2034,2.24,
16,15,6,0,2020,0.8,
16,14,0,0,2048,1.12,
16,15,0,0,2048,1.12,
17,12,27,0,2039,1.12,
16,16,29,0,2041,1.44,
16,21,31,0,2043,1.28,
16,12,33,0,2045,0.96,
16,17,15,0,2029,0.48,
16,8,0,1,2044,0.16,
16,25,19,0,2033,1.6,
16,18,21,0,2036,1.44,
17,17,20,0,2047,0.96,
16,9,12,0,2026,0.8,
16,25,0,0,2048,1.6,
16,16,16,0,2030,0.32,
16,20,0,0,2048,0.8,
16,17,33,0,2047,0.96,
16,14,10,0,2024,1.28,
16,19,12,0,2026,0.8,
17,2,7,0,2021,1.44,
16,32,14,0,2026,0.8,
16,17,11,0,2025,1.28,
16,22,30,0,2044,1.44,
16,4,20,0,2033,0.48,
16,29,1,0,2043,0.96,
16,11,5,0,2018,1.76,
17,20,21,0,2035,1.12,
16,18,23,0,2033,1.12,
16,0,0,0,2048,1.6,
16,31,27,0,2037,1.12,
16,13,0,0,2048,0.8,
16,5,31,0,2041,1.44,
16,19,33,0,2043,0.64,
16,14,4,0,2018,0.8,
17,15,24,0,2036,1.76,
16,16,9,0,2023,2.24,
16,17,28,0,2040,2.08,
16,9,0,0,2048,2.08,
16,17,11,0,2025,0.96,
16,15,32,0,2046,2.24,
16,14,0,0,2048,0.8,
16,16,5,0,2019,1.12,
17,16,1,0,2040,0.8,
16,16,9,0,2024,1.44,
16,11,11,0,2026,1.44,
16,24,14,0,2028,1.6,
16,17,13,0,2027,2.08,
16,19,17,0,2032,0.8,
16,19,0,0,2048,2.4,
16,14,15,0,2029,1.6,
17,21,0,0,2048,0.8,
16,18,19,0,2033,1.28,
16,13,21,0,2036,1.6,
16,21,30,0,2044,0.8,
16,5,17,0,2028,1.28,
16,29,0,0,2048,0.96,
16,16,0,1,2045,0.8,
17,16,25,0,2031,1.12,
16,17,0,0,2048,1.92,
16,15,0,0,2048,0.8,
16,17,0,0,2048,1.12,
16,13,0,0,2048,2.08,
16,14,18,0,2032,1.28,
16,15,15,0,2029,0.96,
16,14,0,0,2048,0.96,
17,5,20,0,2034,1.28,
16,17,4,0,2018,1.28,
16,15,24,0,2038,0.96,
16,22,8,0,2022,0.8,
16,16,0,1,2016,1.12,
16,0,12,0,2026,1.76,
16,29,18,0,2032,2.08,
16,16,6,0,2020,0.96,
17,17,8,0,2022,0.8,
16,17,20,0,2034,1.28,
16,16,16,0,2030,0.8,
16,12,18,0,2032,0.96,
16,22,20,0,2034,1.12,
16,2,28,0,2042,0.64,
16,35,31,0,2047,1.44,
16,17,23,0,2037,0.96,
17,18,1,0,2039,0.96,
16,20,11,0,2025,1.6,
16,16,13,0,2027,1.44,
16,18,26,0,2040,1.12,
16,16,17,0,2031,0.32,
16,20,19,0,2033,1.76,
16,14,19,0,2029,1.76,
17,21,1,1,2025,2.08,
16,12,6,0,2018,0.8,
16,16,13,0,2027,0.8,
16,10,15,0,2029,1.12,
16,25,17,0,2032,1.12,
16,3,14,0,2027,1.44,
16,28,4,0,2018,1.44,
16,10,6,0,2020,1.76,
17,11,21,0,2033,0.96,
16,16,25,0,2037,1.12,
16,18,27,0,2039,0.96,
16,16,18,0,2032,1.6,
16,16,20,0,2034,1.44,
16,14,0,0,2048,1.44,
16,12,0,1,2016,1.12,
16,6,0,1,2044,0.32,
17,22,0,0,2048,1.44,
16,16,6,0,2020,0.48,
16,22,0,0,2048,0.8,
16,16,10,0,2024,1.6,
16,10,0,0,2048,0.96,
16,22,27,0,2041,1.28,
16,1,12,0,2026,1.28,
16,36,0,0,2048,0.64,
17,13,21,0,2035,0.96,
16,21,1,0,2045,0.96,
16,18,10,0,2024,1.44,
16,18,22,0,2036,1.12,
16,18,6,0,2020,0.64,
16,17,17,0,2031,1.44,
16,19,18,0,2030,0.96,
17,16,0,0,2048,0.8,
16,20,1,0,2041,0.16,
16,6,10,0,2047,0.8,
16,26,20,0,2032,1.6,
16,17,12,0,2022,1.12,
16,11,31,0,2045,0.8,
16,15,0,0,2048,1.76,
16,19,17,0,2027,1.12,
17,14,19,0,2029,1.28,
16,15,0,1,2039,0.96,
16,14,23,0,2033,1.92,
16,12,25,0,2035,1.76,
16,15,27,0,2038,0.96,
16,14,0,0,2048,1.76,
16,15,0,0,2048,1.12,
16,13,20,0,2032,0.64,
17,16,0,0,2048,0.64,
16,12,1,0,2043,0.48,
16,15,0,1,2024,0.64,
16,10,0,0,2048,0.64,
16,20,19,0,2034,0.48,
16,14,10,0,2024,0.8,
16,20,13,0,2027,1.76,
16,15,0,0,2048,0.64,
17,13,0,0,2048,1.6,
16,19,19,0,2033,2.24,
16,20,20,0,2034,1.28,
16,18,0,0,2048,0.64,
16,17,18,0,2033,0.8,
16,18,12,0,2026,0.48,
16,11,29,0,2043,0.96,
17,28,0,0,2048,0.8,
16,2,29,0,2047,0.96,
16,35,27,0,2039,0.64,
16,6,0,0,2048,0.96,
16,30,31,0,2047,0.96,
16,13,0,0,2048,0.8,
16,16,0,0,2048,0.8,
16,7,0,0,2048,1.44,
17,26,23,0,2037,1.28,
16,6,23,0,2025,1.12,
16,21,2,0,2016,1.12,
16,7,4,0,2018,1.44,
16,22,9,0,2023,1.28,
16,13,31,0,2033,0.96,
16,14,10,0,2024,0.96,
16,13,15,0,2029,1.12,
17,16,17,0,2031,0.96,
16,0,0,0,2048,0.96,
16,22,21,0,2035,1.76,
16,12,12,0,2026,0.64,
16,3,0,0,2048,0.96,
16,29,0,0,2048,1.12,
16,16,0,0,2048,1.6,
16,17,0,0,2048,0.48,
17,17,0,0,2048,0.64,
16,19,4,0,2016,0.8,
16,19,7,0,2015,1.12,
16,16,18,0,2032,1.12,
16,21,10,0,2022,1.6,
16,18,12,0,2024,1.44,
16,12,32,0,2046,0.8,
17,23,1,0,2043,1.28,
16,19,18,0,2030,0.8,
16,19,30,0,2044,1.44,
16,23,0,0,2048,1.6,
16,17,5,0,2013,1.28,
16,12,27,0,2035,0.8,
16,21,2,0,2016,1.6,
16,19,19,0,2031,2.08,
17,18,33,0,2041,2.24,
16,15,19,0,2031,1.12,
16,13,10,0,2025,0.96,
16,14,0,0,2048,1.12,
16,9,22,0,2028,0.32,
16,22,27,0,2039,1.28,
16,16,26,0,2032,1.28,
16,15,28,0,2034,1.12,
17,8,0,0,2048,0.8,
16,17,32,0,2039,0.48,
16,4,1,0,2045,1.76,
16,23,0,1,2042,0.96,
16,7,6,0,2020,0.8,
16,25,8,0,2022,1.12,
16,11,10,0,2024,1.28,
16,15,10,0,2024,1.12,
17,17,0,0,2048,1.44,
16,17,0,0,2048,1.6,
16,17,2,0,2045,0.96,
16,15,0,0,2048,1.44,
16,19,21,0,2035,0.8,
16,7,11,0,2025,1.12,
16,28,11,0,2025,1.12,
17,19,27,0,2041,1.12,
16,2,0,0,2048,1.28,
16,38,17,0,2031,0.96,
16,18,8,0,2018,1.76,
16,18,0,0,2048,1.28,
16,17,0,0,2048,0.8,
16,16,14,0,2024,1.44,
16,16,0,0,2048,1.12,
17,17,0,0,2048,1.28,
16,16,0,0,2048,0.48,
16,15,33,0,2045,0.64,
16,15,31,0,2045,0.96,
16,17,0,1,2045,0.32,
16,6,27,0,2034,0.8,
16,25,0,0,2048,1.28,
16,10,0,0,2048,0.8,
17,18,12,0,2026,1.12,
16,6,0,0,2048,0.64,
16,18,2,0,2016,1.6,
16,11,0,0,2048,0.96,
16,13,19,0,2033,1.92,
16,14,8,0,2022,1.28,
16,15,23,0,2037,1.12,
16,16,8,0,2022,1.76,
17,12,14,0,2028,0.8,
16,19,11,0,2025,2.4,
16,17,0,0,2048,1.44,
16,20,16,0,2030,1.28,
16,18,7,0,2019,1.76,
16,18,0,0,2048,0.32,
16,18,21,0,2035,0.8,
17,18,23,0,2037,1.12,
16,1,0,0,2048,0.32,
16,35,28,0,2043,0.48,
16,17,25,0,2039,0.8,
16,21,21,0,2031,0.48,
16,19,0,0,2048,1.28,
16,20,26,0,2038,0.96,
16,15,0,0,2048,1.92,
17,21,0,0,2048,0.8,
16,18,17,0,2029,1.76,
16,6,19,0,2031,1.12,
16,27,6,0,2046,1.28,
16,13,11,0,2023,1.12,
16,6,0,1,2034,0.96,
16,22,0,0,2048,1.6,
16,9,0,1,2028,1.12,
17,19,14,0,2026,1.12,
16,7,21,0,2033,0.64,
16,15,1,0,2019,1.76,
16,14,25,0,2037,0.96,
16,14,2,0,2016,0.8,
16,5,12,0,2026,0.64,
16,22,23,0,2035,0.48,
16,16,16,0,2031,0.32,
17,5,10,0,2024,0.96,
16,27,29,0,2041,1.28,
16,14,0,0,2048,0.64,
16,2,25,0,2039,0.8,
16,29,0,0,2048,0.8,
16,14,21,0,2035,1.28,
16,22,7,0,2021,2.08,
17,18,25,0,2039,2.4,
16,17,1,0,2018,1.12,
16,21,26,0,2040,0.8,
16,22,28,0,2042,1.28,
16,23,0,0,2048,1.12,
16,18,8,0,2009,1.28,
16,11,20,0,2047,0.96,
16,23,15,0,2023,1.92,
17,17,18,0,2030,0.64,
16,7,20,0,2032,1.76,
16,22,22,0,2034,2.08,
16,20,2,0,2016,1.76,
16,14,25,0,2033,1.12,
16,18,6,0,2020,1.12,
16,13,25,0,2027,1.44,
16,15,27,0,2029,1.44,
17,0,0,0,2048,0.96,
16,30,0,0,2048,1.92,
16,14,0,0,2048,1.12,
16,6,1,0,2022,0.96,
16,18,10,0,2041,0.48,
16,11,36,0,2041,0.8,
16,11,20,0,2041,0.96,
16,17,20,0,2035,1.12,
17,9,0,0,2048,0.64,
16,22,0,0,2048,1.12,
16,6,0,0,2048,1.92,
16,24,4,0,2016,1.6,
16,18,0,0,2048,1.28,
16,18,8,0,2020,0.8,
16,18,17,0,2029,2.24,
17,18,1,0,2042,1.92,
16,16,14,0,2026,0.64,
16,18,13,0,2027,0.48,
16,18,0,0,2048,2.08,
16,18,20,0,2032,0.96,
16,18,20,0,2032,2.72,
16,20,0,0,2048,1.44,
16,19,5,0,2017,0.64,
17,22,0,0,2048,1.76,
16,20,28,0,2041,0.8,
16,0,0,0,2048,0.64,
16,36,25,0,2046,1.12,
16,16,0,0,2048,0.8,
16,14,17,0,2030,0.96,
16,8,0,1,2042,0.96,
16,23,0,0,2048,1.6,
17,0,24,0,2036,1.6,
16,29,0,0,2048,1.44,
16,14,0,0,2048,1.12,
16,7,0,0,2048,1.12,
16,20,15,0,2029,1.28,
16,16,32,0,2046,0.64,
16,15,19,0,2033,0.96,
16,14,4,0,2018,0.96,
17,11,6,0,2021,1.44,
16,18,8,0,2023,0.8,
16,15,0,1,2022,1.76,
16,16,13,0,2027,1.6,
16,5,0,0,2048,1.12,
16,11,17,0,2031,0.64,
16,29,15,0,2029,1.28,
17,16,12,0,2026,0.96,
16,2,1,1,2026,0.96,
16,33,0,0,2048,1.12,
16,18,27,0,2041,0.48,
16,20,29,0,2047,0.96,
16,20,4,0,2014,0.96,
16,21,1,1,2038,0.16,
16,18,4,0,2027,1.12,
17,4,0,0,2048,1.28,
16,30,31,0,2045,1.6,
16,17,32,0,2047,0.64,
16,14,0,0,2048,0.96,
16,19,6,0,2020,0.96,
16,14,8,0,2022,1.6,
16,20,0,0,2048,1.12,
16,17,24,0,2034,1.28,
17,3,26,0,2036,2.4,
16,30,1,0,2040,2.08,
16,1,30,0,2041,0.8,
16,26,3,0,2018,2.08,
16,5,35,0,2045,1.44,
16,27,17,0,2031,1.44,
16,10,5,0,2019,1.12,
16,16,0,0,2048,0.96,
17,13,0,0,2048,0.64,
16,15,21,0,2033,0.96,
16,2,0,0,2048,0.32,
16,25,25,0,2038,0.48,
16,15,0,0,2048,1.12,
16,15,1,0,2015,1.28,
16,7,8,0,2047,1.28,
17,24,1,0,2043,1.44,
16,13,0,1,2039,1.6,
16,17,0,0,2048,1.44,
16,17,22,0,2036,1.76,
16,16,0,0,2048,1.44,
16,18,0,0,2048,0.96,
16,17,28,0,2042,1.6,
16,9,0,0,2048,1.76,
17,26,21,0,2033,1.76,
16,17,1,1,2018,0.96,
16,17,25,0,2037,2.08,
16,21,1,1,2035,2.08,
16,21,0,0,2048,1.44,
16,18,11,0,2023,1.44,
16,17,0,0,2048,0.96,
16,10,6,0,2016,2.08,
17,25,24,0,2037,2.24,
16,12,21,0,2036,1.6,
16,24,0,0,2048,2.08,
16,0,0,0,2048,1.12,
16,29,0,0,2048,0.96,
16,15,0,0,2048,0.64,
16,12,1,0,2016,0.64,
16,17,0,0,2048,0.48,
17,18,4,0,2018,0.8,
16,4,0,0,2048,1.76,
16,25,8,0,2022,0.8,
16,14,0,0,2048,1.44,
16,15,0,0,2048,1.44,
16,4,35,0,2045,1.12,
16,23,17,0,2031,1.12,
17,3,10,0,2024,1.6,
16,25,0,0,2048,0.96,
16,5,8,0,2023,0.96,
16,23,25,0,2039,1.76,
16,17,18,0,2032,0.96,
16,16,20,0,2034,0.8,
16,19,17,0,2031,1.12,
16,15,19,0,2033,0.64,
17,17,14,0,2029,0.8,
16,18,0,0,2048,1.76,
16,19,0,0,2048,0.96,
16,17,1,0,2027,1.28,
16,3,7,0,2047,0.96,
16,32,25,0,2039,1.28,
16,19,24,0,2038,0.8,
16,12,4,0,2014,0.48,
17,25,6,0,2017,0.64,
16,19,30,0,2044,1.44,
16,1,32,0,2046,1.6,
16,33,26,0,2038,1.12,
16,17,0,0,2048,0.96,
16,18,0,0,2048,1.28,
16,16,0,0,2048,1.6,
16,17,10,0,2022,0.48,
17,10,25,0,2037,1.44,
16,16,11,0,2024,1.12,
16,11,16,0,2028,1.12,
16,19,0,1,2020,0.64,
16,9,20,0,2032,1.92,
16,18,0,1,2023,1.6,
16,13,4,0,2018,1.92,
17,15,12,0,2026,1.76,
16,14,26,0,2038,0.48,
16,15,4,0,2018,1.6,
16,6,19,0,2033,1.44,
16,27,0,0,2048,0.64,
16,16,0,0,2048,0.64,
16,14,27,0,2041,0.64,
16,0,29,0,2043,1.12,
17,21,31,0,2045,1.6,
16,28,0,1,2019,0.64,
16,2,0,0,2048,0.64,
16,25,0,0,2048,0.8,
16,11,0,1,2040,0.48,
16,23,27,0,2041,1.28,
16,0,7,0,2021,1.12,
16,37,0,0,2048,1.76,
17,17,0,0,2048,0.8,
16,20,0,0,2048,1.28,
16,17,14,0,2026,1.28,
16,18,1,0,2045,1.28,
16,16,0,1,2025,1.44,
16,19,21,0,2033,1.28,
16,15,7,0,2021,0.32,
16,12,16,0,2026,1.12,
17,22,26,0,2039,0.96,
16,8,13,0,2027,0.96,
16,27,23,0,2033,0.16,
16,19,11,0,2026,1.12,
16,11,13,0,2028,1.76,
16,20,1,0,2037,0.64,
16,15,31,0,2041,1.28,
17,18,0,0,2048,1.6,
16,3,0,0,2048,1.44,
16,28,0,0,2048,1.6,
16,2,0,1,2021,1.6,
16,19,0,0,2048,0.8,
16,8,23,0,2035,0.48,
16,16,2,0,2017,1.28,
16,12,27,0,2039,0.96,
17,4,5,0,2019,1.44,
16,33,31,0,2043,0.8,
16,2,0,0,2048,1.44,
16,28,0,0,2048,1.44,
16,14,13,0,2027,0.64,
16,7,1,0,2015,1.28,
16,22,0,1,2017,0.64,
16,14,5,0,2020,1.28,
17,13,5,0,2017,2.4,
16,21,7,0,2019,2.24,
16,18,16,0,2031,1.28,
16,19,27,0,2041,2.24,
16,14,30,0,2044,0.96,
16,30,7,0,2009,1.28,
16,19,25,0,2039,1.12,
16,19,5,0,2033,0.96,
17,16,0,1,2029,2.08,
16,16,0,1,2025,1.76,
16,16,0,0,2021,1.12,
16,11,6,0,2047,1.76,
16,19,3,0,2015,0.96,
16,13,27,0,2033,1.12,
16,13,0,1,2037,0.64,
17,6,31,0,2037,1.92,
16,22,33,0,2029,0.64,
16,16,0,0,2048,1.28,
16,1,8,0,2022,1.76,
16,27,21,0,2043,0.64,
16,7,41,0,2037,0.48,
16,18,0,0,2020,0.64,
16,5,0,0,2017,0.8,
17,18,0,1,2016,1.28,
16,15,3,0,2018,1.6,
16,6,4,0,2018,1.12,
16,27,6,0,2020,0.96,
16,13,8,0,2022,0.96,
16,21,31,0,2045,0.64,
16,22,14,0,2028,0.48,
16,20,0,0,2048,0.64,
17,8,11,0,2047,0.96,
16,27,0,0,2048,1.28,
16,9,4,0,2016,1.6,
16,29,25,0,2039,1.12,
16,22,33,0,2047,1.28,
16,0,1,0,2015,1.28,
16,36,13,0,2025,0.48,
16,22,25,0,2031,1.12,
17,18,0,0,2048,1.12,
16,16,1,0,2041,0.96,
16,18,0,0,2048,0.8,
16,19,17,0,2023,0.96,
16,19,35,0,2041,0.96,
16,2,0,0,2048,1.6,
16,23,0,0,2048,0.64,
17,0,24,0,2039,0.64,
16,30,27,0,2041,1.28,
16,8,9,0,2021,1.12,
16,8,8,0,2020,1.28,
16,27,11,0,2025,1.44,
16,13,8,0,2047,0.96,
16,12,0,0,2048,0.16,
16,5,16,0,2029,0.8,
17,14,0,0,2048,1.76,
16,17,0,0,2048,1.6,
16,16,30,0,2046,1.12,
16,14,0,0,2048,1.12,
16,15,0,0,2046,0.96,
16,17,0,1,2042,1.28,
16,7,1,0,2037,0.8,
16,30,16,0,2046,1.12,
17,18,0,0,2048,0.8,
16,16,20,0,2034,0.8,
16,15,22,0,2036,0.96,
16,23,24,0,2038,1.28,
16,18,0,0,2048,2.24,
16,18,0,0,2048,1.28,
16,20,12,0,2024,0.96,
16,22,26,0,2038,1.92,
17,20,13,0,2047,0.48,
16,5,16,0,2010,1.44,
16,28,19,0,2013,1.28,
16,14,21,0,2015,1.28,
16,15,22,0,2016,0.96,
16,17,25,0,2019,0.96,
16,9,28,0,2046,0.96,
17,14,0,0,2046,1.12,
16,0,31,0,2025,1.12,
16,16,0,0,2048,0.96,
16,18,0,1,2045,0.64,
16,2,0,1,2042,0.8,
16,25,0,0,2048,1.28,
16,10,0,0,2048,1.12,
16,14,0,0,2048,1.76,
17,8,0,0,2048,0.64,
16,12,17,0,2031,0.32,
16,14,7,0,2021,1.28,
16,10,0,0,2048,0.48,
16,22,0,0,2048,1.12,
16,16,0,0,2048,1.28,
16,14,0,0,2048,0.32,
16,14,0,0,2048,1.28,
17,37,13,0,2027,1.28,
16,5,14,0,2012,1.28,
16,35,0,0,2048,1.28,
16,19,19,0,2033,2.24,
16,7,20,0,2018,0.96,
16,28,22,0,2020,0.96,
16,18,27,0,2041,1.28,
16,6,27,0,2041,0.96,
17,35,0,0,2048,1.92,
16,22,0,0,2048,0.8,
16,0,32,0,2030,0.8,
16,34,0,0,2048,0.8,
16,15,0,0,2048,1.12,
16,16,1,0,2016,0.64,
16,15,0,1,2042,0.8,
17,7,0,0,2048,0.48,
16,14,0,0,2048,0.8,
16,12,0,1,2031,0.96,
16,8,25,0,2033,1.76,
16,17,14,0,2028,1.28,
16,15,0,0,2048,1.92,
16,10,31,0,2044,0.96,
16,18,0,0,2048,0.96,
17,1,9,0,2023,1.28,
16,29,23,0,2044,1.6,
16,18,4,0,2018,0.96,
16,16,6,0,2019,0.96,
16,16,23,0,2037,0.32,
16,21,13,0,2027,0.96,
16,16,13,0,2025,0.48,
16,18,15,0,2027,0.64,
17,20,1,1,2037,1.76,
16,23,6,1,2015,0.48,
16,21,23,0,2038,0.64,
16,21,8,0,2010,0.8,
16,20,14,0,2020,1.28,
16,8,30,0,2044,1.28,
16,30,16,0,2014,1.12,
16,20,0,0,2048,1.28,
17,15,20,0,2018,1.6,
16,11,19,0,2046,0.8,
16,23,4,0,2017,0.48,
16,16,7,0,2019,0.96,
16,8,31,0,2037,1.76,
16,21,0,0,2048,1.44,
16,7,13,0,2025,0.8,
17,18,36,0,2043,1.6,
16,8,25,0,2043,1.12,
16,13,1,0,2016,0.8,
16,4,2,0,2016,0.8,
16,21,2,0,2016,1.6,
16,14,4,0,2018,1.6,
16,7,6,0,2020,0.96,
16,21,10,0,2024,0.48,
17,7,10,0,2024,1.12,
16,22,0,0,2048,0.64,
16,12,1,0,2036,1.28,
16,14,23,0,2037,1.44,
16,14,25,0,2039,0.96,
16,21,27,0,2041,1.44,
16,19,0,0,2048,0.96,
16,20,24,0,2038,1.44,
17,21,12,0,2026,0.96,
16,24,3,2,2041,0.32,
16,22,13,0,2027,1.12,
16,20,18,0,2032,0.8,
16,0,6,0,2013,0.8,
16,33,22,0,2036,0.8,
16,18,20,0,2020,1.44,
16,18,26,0,2040,1.12,
17,16,1,0,2015,1.44,
16,19,30,0,2047,1.28,
16,16,0,0,2048,1.12,
16,18,5,0,2017,0.96,
16,0,10,0,2022,0.96,
16,30,12,0,2024,1.28,
16,15,0,0,2048,0.32,
17,11,13,0,2023,0.32,
16,17,0,0,2044,1.12,
16,12,0,0,2040,1.12,
16,0,20,0,2030,0.8,
16,23,0,0,2048,0.8,
16,12,35,0,2044,0.96,
16,12,0,0,2048,0.64,
16,0,10,0,2024,1.44,
17,29,0,1,2039,0.8,
16,16,4,0,2018,1.76,
16,14,1,0,2015,1.6,
16,18,1,1,2038,0.8,
16,16,13,0,2027,1.28,
16,18,0,0,2048,2.24,
16,18,9,0,2023,0.8,
16,18,19,0,2033,1.92,
17,7,19,0,2033,2.4,
16,28,0,0,2048,1.76,
16,22,23,0,2037,1.44,
16,23,27,0,2042,1.28,
16,1,29,0,2044,0.96,
16,40,20,0,2032,2.24,
16,13,31,0,2045,1.28,
16,24,3,0,2043,1.12,
17,15,0,0,2048,0.48,
16,20,20,0,2026,0.96,
16,14,11,0,2046,0.96,
16,14,0,1,2031,0.96,
16,14,30,0,2046,0.96,
16,14,5,0,2046,0.48,
16,14,16,0,2027,0.8,
17,19,0,0,2048,0.64,
16,9,0,0,2048,1.12,
16,20,23,0,2033,0.8,
16,9,6,0,2020,0.64,
16,4,27,0,2037,1.28,
16,21,1,0,2023,0.64,
16,5,0,0,2048,0.96,
16,11,0,0,2048,0.96,
17,22,0,1,2023,0.96,
16,13,0,1,2019,1.6,
16,19,0,0,2016,1.28,
16,6,30,0,2044,0.48,
16,24,4,0,2018,0.64,
16,7,13,0,2025,0.64,
16,26,4,0,2016,1.28,
16,19,6,0,2018,1.12,
17,18,19,0,2031,1.12,
16,19,0,0,2048,0.8,
16,12,0,0,2048,1.28,
16,31,19,0,2033,1.28,
16,19,0,0,2048,0,
16,0,1,0,2015,0.48,
16,38,13,0,2017,1.76,
16,19,33,0,2045,2.08,
17,6,17,0,2046,1.44,
16,31,0,0,2048,1.76,
16,17,0,0,2048,1.28,
16,2,0,0,2048,0.48,
16,33,0,1,2024,0.64,
16,13,28,0,2032,0.64,
16,16,0,0,2048,1.44,
17,1,11,0,2023,0.8,
16,31,34,0,2038,1.92,
16,15,36,0,2040,1.28,
16,6,1,0,2015,0.64,
16,12,4,0,2016,1.6,
16,14,6,0,2018,1.44,
16,12,30,0,2040,0.32,
16,13,10,0,2022,0.8,
17,4,5,0,2019,1.12,
16,26,7,0,2022,0.8,
16,16,0,0,2044,0.8,
16,2,0,0,2048,0.8,
16,26,0,0,2048,1.44,
16,17,0,0,2048,0.8,
16,18,13,0,2027,1.12,
16,12,24,0,2047,0.96,
17,20,6,0,2019,0.64,
16,18,8,0,2021,0.48,
16,0,33,0,2045,0.8,
16,38,0,0,2048,1.6,
16,18,16,0,2031,2.24,
16,22,0,0,2048,1.12,
16,22,30,0,2044,1.28,
16,20,25,0,2040,2.08,
17,19,0,0,2048,1.12,
16,16,18,0,2030,0.96,
16,17,11,0,2015,0.64,
16,21,29,0,2041,1.92,
16,1,15,0,2019,1.28,
16,31,17,0,2021,0.96,
16,14,19,0,2023,0.48,
17,15,30,0,2042,0.64,
16,18,32,0,2044,1.12,
16,17,31,0,2046,0.96,
16,13,0,0,2048,0.96,
16,12,0,1,2028,1.12,
16,12,0,0,2048,1.44,
16,2,0,0,2048,1.76,
16,20,0,0,2048,0.96,
17,15,0,1,2040,0.8,
16,9,0,1,2036,0.96,
16,20,10,0,2025,0.96,
16,6,0,0,2048,0.32,
16,21,0,1,2025,1.28,
16,9,11,0,2025,0.96,
16,16,15,0,2029,1.44,
16,17,21,0,2035,1.12,
17,16,0,0,2048,1.28,
16,7,25,0,2039,0.96,
16,29,0,1,2022,1.44,
16,18,0,1,2017,1.92,
16,19,12,0,2024,1.28,
16,20,4,0,2018,2.08,
16,21,0,0,2048,1.6,
16,20,19,0,2033,1.44,
17,20,20,0,2032,0.96,
16,16,15,0,2023,0.64,
16,16,16,0,2021,0.8,
16,18,0,0,2048,0.64,
16,13,21,0,2029,0.64,
16,19,32,0,2046,1.28,
16,22,0,0,2048,1.44,
17,9,4,0,2018,0.96,
16,24,0,0,2048,0.8,
16,15,7,0,2017,0.8,
16,7,9,0,2019,0.8,
16,24,0,1,2027,0.8,
16,11,1,0,2022,0.8,
16,18,15,0,2026,0.96,
16,6,18,0,2032,0.96,
17,11,1,0,2027,1.44,
16,16,22,0,2036,1.12,
16,5,6,0,2020,0.8,
16,24,0,0,2017,0.64,
16,16,1,0,2016,1.6,
16,16,30,0,2045,0.96,
16,11,23,0,2037,1.28,
16,20,0,0,2048,1.44,
17,16,27,0,2041,0.96,
16,17,0,0,2048,0,
16,6,0,0,2048,0.48,
16,23,0,0,2048,2.24,
16,19,13,0,2023,0.96,
16,16,0,0,2048,0.48,
16,21,0,0,2048,1.28,
16,20,20,0,2030,1.92,
17,19,26,0,2040,0.48,
16,14,0,0,2048,0.64,
16,30,8,0,2012,0.48,
16,19,32,0,2047,1.28,
16,1,0,0,2048,1.28,
16,19,7,0,2014,0.8,
16,30,0,1,2030,0.64,
17,15,1,0,2032,1.28,
16,6,1,0,2028,0.64,
16,22,16,0,2022,1.12,
16,16,18,0,2024,1.12,
16,16,0,1,2018,1.44,
16,12,0,1,2026,1.6,
16,17,32,0,2042,1.28,
16,14,5,0,2019,1.6,
17,5,1,0,2015,0.8,
16,20,3,0,2017,0.64,
16,16,29,0,2042,1.44,
16,16,3,0,2042,0.96,
16,13,9,0,2023,1.12,
16,10,0,0,2048,0.8,
16,21,0,0,2048,1.6,
16,2,1,0,2023,1.12,
17,24,0,1,2020,0.8,
16,6,31,0,2045,0.96,
16,25,2,0,2016,0.8,
16,14,2,0,2020,0.64,
16,20,0,0,2048,1.28,
16,20,1,0,2034,1.12,
16,19,0,0,2048,0.8,
16,21,8,0,2020,0.96,
17,20,0,0,2048,0.96,
16,17,6,0,2046,1.6,
16,4,14,0,2026,1.12,
16,23,0,0,2048,0.8,
16,26,0,1,2026,2.24,
16,15,26,0,2040,0.48,
16,7,26,0,2038,1.44,
17,30,0,0,2048,1.12,
16,16,0,0,2048,1.12,
16,21,5,0,2017,1.12,
16,4,7,0,2019,1.44,
16,28,9,0,2021,1.6,
16,16,0,0,2048,1.28,
16,4,0,1,2033,1.28,
16,25,15,0,2027,1.28,
17,9,0,0,2048,1.28,
16,20,20,0,2032,0.64,
16,5,0,0,2048,0.8,
16,17,0,0,2019,1.12,
16,11,0,0,2048,0.64,
16,13,1,0,2034,0.8,
16,18,4,0,2018,1.28,
16,1,0,1,2025,0.96,
17,31,4,0,2018,1.6,
16,13,11,0,2025,1.12,
16,14,13,0,2027,1.12,
16,18,0,1,2017,1.28,
16,17,15,0,2030,0.8,
16,17,19,0,2034,2.4,
16,9,21,0,2036,1.12,
16,24,0,0,2048,1.92,
17,3,10,0,2024,1.28,
16,30,12,0,2026,0.48,
16,20,29,0,2043,1.76,
16,22,32,0,2046,1.76,
16,21,23,0,2037,0.96,
16,18,4,1,2046,0.8,
16,18,1,0,2044,0.64,
17,4,0,0,2048,1.44,
16,31,0,1,2028,1.12,
16,16,0,0,2048,0.64,
16,12,0,0,2048,1.12,
16,13,27,0,2027,1.12,
16,6,0,1,2042,0.8,
16,20,0,1,2025,1.28,
16,5,0,1,2021,1.28,
17,28,0,1,2016,1.12,
16,15,37,0,2037,1.12,
16,3,13,0,2027,0.96,
16,22,31,0,2040,0.8,
16,1,14,0,2040,0.8,
16,22,0,1,2017,1.44,
16,13,21,0,2035,0.8,
16,15,4,0,2018,1.28,
17,1,25,0,2039,0.96,
16,28,8,0,2022,0.8,
16,14,0,0,2048,1.44,
16,9,23,0,2037,1.76,
16,29,4,0,2016,0.48,
16,21,7,0,2016,1.12,
16,19,0,0,2048,1.28,
16,18,0,0,2048,1.12,
17,18,1,0,2035,0.8,
16,17,0,0,2048,1.28,
16,12,0,0,2021,1.6,
16,21,20,0,2028,1.44,
16,20,22,0,2030,1.92,
16,19,0,0,2048,1.44,
16,17,0,1,2039,1.12,
17,17,28,0,2036,0.32,
16,7,30,0,2038,1.12,
16,32,0,0,2048,1.12,
16,17,0,1,2027,0.64,
16,17,19,0,2033,0.16,
16,6,0,0,2048,0.96,
16,22,23,0,2038,2.08,
16,0,0,0,2048,1.12,
17,29,28,0,2042,1.92,
16,6,11,0,2021,0.64,
16,22,0,1,2019,1.12,
16,8,23,0,2047,0.96,
16,18,35,0,2043,2.24,
16,15,19,0,2029,1.44,
16,15,5,0,2019,1.12,
16,16,7,0,2021,1.28,
17,19,0,0,2048,0.64,
16,9,0,0,2048,1.12,
16,23,0,0,2048,2.4,
16,17,0,0,2048,1.6,
16,8,0,0,2048,0.16,
16,9,0,0,2048,2.08,
16,30,20,0,2033,0.64,
16,18,0,1,2033,1.44,
17,2,11,0,2023,0.96,
16,36,0,0,2048,0.48,
16,12,29,0,2041,0.64,
16,26,0,0,2048,0.96,
16,4,17,0,2029,0.48,
16,36,11,0,2011,0.48,
16,16,0,0,2048,1.44,
17,9,15,0,2015,0.48,
16,19,27,0,2039,0.48,
16,6,27,0,2039,0.64,
16,27,2,0,2016,1.92,
16,9,4,0,2018,1.44,
16,15,25,0,2026,0.64,
16,16,15,0,2046,0.64,
16,18,7,0,2021,0.96,
17,8,9,0,2023,1.12,
16,21,0,0,2048,2.24,
16,16,0,0,2048,0.8,
16,0,1,0,2022,1.76,
16,29,0,1,2018,0.8,
16,4,1,0,2015,2.4,
16,20,17,0,2031,2.08,
16,0,0,1,2018,1.76,
17,32,1,1,2014,1.6,
16,15,0,1,2025,0.8,
16,21,0,0,2048,0.48,
16,14,27,0,2041,1.44,
16,22,1,1,2042,1.28,
16,22,0,0,2048,0.8,
16,6,25,0,2047,1.28,
16,30,0,0,2048,0.96,
17,3,0,0,2048,1.6,
16,31,23,0,2035,2.56,
16,0,17,0,2025,1.28,
16,33,27,0,2039,1.28,
16,18,27,0,2039,0.96,
16,18,29,0,2041,0.8,
16,15,0,0,2048,1.12,
17,20,20,0,2046,0.8,
16,17,0,0,2048,1.12,
16,16,0,0,2048,1.76,
16,17,18,0,2031,1.44,
16,18,0,0,2048,1.6,
16,5,0,0,2048,2.08,
16,18,0,0,2048,0.8,
16,3,4,0,2019,0.8,
17,25,0,0,2048,1.28,
16,16,9,0,2023,0.64,
16,7,25,0,2037,1.12,
16,23,4,0,2018,1.28,
16,13,0,0,2048,1.44,
16,15,0,1,2016,1.28,
16,17,0,0,2048,1.92,
16,15,0,0,2048,1.44,
17,17,22,0,2036,1.76,
16,5,0,0,2048,0.16,
16,26,3,0,2017,0.16,
16,15,0,0,2048,1.28,
16,9,7,0,2021,0.48,
16,30,18,0,2032,0.48,
16,15,13,0,2047,0.96,
16,2,13,0,2028,0.48,
17,37,1,1,2037,1.28,
16,18,0,1,2029,1.12,
16,8,1,0,2040,1.12,
16,24,0,1,2019,2.4,
16,18,0,0,2048,2.08,
16,17,3,0,2015,1.76,
16,6,0,1,2026,2.08,
17,15,0,1,2037,1.76,
16,27,1,0,2015,1.76,
16,16,0,0,2048,1.44,
16,17,0,1,2027,0.64,
16,17,17,0,2031,1.12,
16,16,0,1,2020,0.64,
16,3,0,0,2048,0.8,
16,27,2,0,2016,0.8,
17,14,0,1,2021,0.32,
16,10,0,0,2048,0.48,
16,19,24,0,2036,1.12,
16,17,26,0,2038,0.48,
16,18,28,0,2040,1.28,
16,4,15,0,2030,1.28,
16,25,4,0,2018,0.96,
16,16,0,0,2048,0.48,
17,14,8,0,2022,1.6,
16,15,10,0,2024,1.6,
16,15,1,0,2032,0.32,
16,19,0,1,2028,1.76,
16,4,0,0,2048,0.8,
16,30,1,0,2019,0.96,
16,16,2,0,2014,1.28,
16,7,8,0,2020,1.92,
17,26,1,0,2038,1.28,
16,15,18,0,2032,2.08,
16,20,0,1,2024,1.6,
16,17,0,1,2026,1.12,
16,16,19,0,2031,2.24,
16,10,1,1,2017,0.64,
16,14,3,0,2015,0.64,
17,29,30,0,2045,0.96,
16,17,0,0,2048,0.8,
16,1,1,0,2030,0.96,
16,30,14,0,2026,1.12,
16,17,0,0,2048,0.64,
16,2,29,0,2041,0.48,
16,31,11,0,2023,0.96,
16,1,33,0,2045,0.8,
17,30,0,0,2048,0.48,
16,0,17,0,2030,0.96,
16,24,0,0,2042,1.28,
16,15,1,0,2039,0.96,
16,17,14,0,2028,1.76,
16,0,0,0,2048,1.44,
16,31,0,1,2025,1.28,
16,13,0,0,2048,2.56,
17,14,2,0,2016,1.76,
16,16,10,0,2022,1.12,
16,18,0,0,2048,1.28,
16,13,17,0,2031,1.28,
16,10,19,0,2033,2.08,
16,18,0,1,2022,0.8,
16,23,0,1,2018,0.48,
16,14,23,0,2035,1.6,
17,4,25,0,2037,1.28,
16,31,0,0,2048,1.12,
16,12,8,0,2020,0.96,
16,26,6,0,2015,2.08,
16,1,8,0,2017,0.96,
16,32,11,0,2019,1.12,
16,12,29,0,2041,1.44,
17,25,0,0,2048,1.12,
16,1,33,0,2045,0.96,
16,31,29,0,2046,0.96,
16,14,3,0,2046,0.64,
16,11,13,0,2027,1.44,
16,14,0,1,2030,1.44,
16,24,0,0,2048,1.12,
16,21,19,0,2033,1.6,
17,15,0,0,2048,1.44,
16,6,15,0,2027,1.92,
16,26,0,0,2048,1.92,
16,17,19,0,2031,0.96,
16,18,0,1,2028,1.12,
16,11,0,1,2024,0.64,
16,18,0,1,2020,0.96,
16,12,0,0,2048,0.32,
17,14,23,0,2038,0.8,
16,17,4,0,2018,0.8,
16,1,1,0,2033,2.08,
16,32,2,0,2016,0.8,
16,16,10,0,2024,0.8,
16,15,0,0,2048,1.28,
16,13,0,0,2048,0.96,
16,18,1,0,2015,0.64,
17,1,0,0,2048,0.32,
16,32,14,0,2029,0.96,
16,1,0,0,2048,0.64,
16,28,0,0,2048,1.92,
16,14,13,0,2023,0.64,
16,5,0,0,2048,1.44,
16,32,0,0,2048,1.28,
17,20,19,0,2030,2.24,
16,0,0,0,2048,0.96,
16,29,11,0,2023,0.8,
16,18,0,0,2048,1.28,
16,17,16,0,2030,1.44,
16,14,17,0,2029,0.64,
16,21,20,0,2034,1.76,
16,12,21,0,2033,0.64,
17,4,24,0,2038,0.96,
16,30,26,0,2038,1.44,
16,17,0,0,2048,1.28,
16,14,0,0,2048,0.32,
16,18,1,0,2016,0.48,
16,17,0,0,2048,2.24,
16,7,15,0,2028,0.96,
16,22,30,0,2042,0.96,
17,18,32,0,2044,1.6,
16,17,4,0,2018,2.08,
16,16,1,1,2027,0.96,
16,13,0,0,2048,0.96,
16,11,0,0,2048,1.12,
16,19,12,0,2026,0.8,
16,6,0,0,2048,0.8,
16,29,0,0,2048,0.96,
17,3,0,0,2048,1.44,
16,26,0,0,2048,1.44,
16,7,11,0,2025,1.28,
16,29,12,0,2026,1.12,
16,2,0,0,2032,1.44,
16,32,17,0,2031,1.6,
16,17,0,1,2023,1.6,
17,9,21,0,2035,0.48,
16,24,0,1,2028,1.12,
16,14,4,0,2018,0.96,
16,18,6,0,2020,1.12,
16,15,12,0,2027,1.12,
16,0,0,0,2048,0.64,
16,34,16,0,2031,2.08,
16,16,0,0,2048,0.96,
17,16,0,0,2048,0.8,
16,16,32,0,2044,0.32,
16,17,1,0,2034,1.28,
16,14,4,0,2046,1.28,
16,8,4,0,2044,1.12,
16,17,9,0,2023,1.6,
16,20,0,0,2048,0.96,
16,13,1,0,2032,0.48,
17,20,0,0,2048,2.08,
16,15,0,0,2048,0.96,
16,0,0,0,2048,0.96,
16,28,1,0,2015,0.64,
16,18,1,0,2035,0.96,
16,16,1,0,2020,1.12,
16,17,7,0,2021,1.76,
16,11,19,0,2033,1.28,
17,25,0,1,2030,1.92,
16,11,0,0,2048,1.12,
16,23,0,0,2048,0.32,
16,13,0,0,2048,0.96,
16,15,13,0,2027,1.12,
16,21,5,0,2019,1.12,
16,16,7,0,2021,1.44,
17,0,1,0,2020,1.44,
16,32,0,1,2016,1.28,
16,16,20,0,2034,0.96,
16,24,4,0,2018,1.12,
16,1,19,0,2047,1.12,
16,28,1,0,2044,0.8,
16,18,0,0,2048,0.96,
16,18,0,0,2048,0.64,
17,17,0,0,2048,1.12,
16,14,0,0,2048,1.12,
16,15,0,1,2021,1.44,
16,11,0,0,2048,0.96,
16,11,1,0,2015,0.96,
16,24,3,0,2017,0.96,
16,16,19,0,2031,0.8,
16,16,7,0,2021,0.8,
17,7,1,0,2015,1.28,
16,23,1,0,2015,1.28,
16,18,0,0,2048,0.8,
16,3,7,0,2022,1.28,
16,23,31,0,2043,0.48,
16,9,12,0,2026,1.76,
16,22,23,0,2035,1.76,
16,6,0,0,2048,1.44,
17,25,7,0,2022,0.64,
16,8,10,0,2024,0.64,
16,23,0,1,2016,1.28,
16,19,33,0,2046,1.12,
16,0,19,0,2046,1.12,
16,31,14,0,2046,1.76,
16,4,0,0,2048,0.8,
17,34,0,0,2048,0.8,
16,11,0,0,2048,1.12,
16,16,0,0,2048,1.12,
16,9,0,0,2048,1.6,
16,25,1,2,2015,0.32,
16,19,0,0,2048,0.96,
16,18,1,0,2031,1.12,
16,16,9,0,2021,0.64,
17,16,0,1,2020,0.8,
16,18,25,0,2037,1.44,
16,18,25,0,2039,0.96,
16,18,8,0,2022,1.92,
16,19,10,0,2024,0.8,
16,0,12,0,2026,0.96,
16,31,14,0,2028,1.12,
16,7,26,0,2040,1.6,
17,22,28,0,2042,1.44,
16,18,12,0,2024,1.44,
16,8,0,1,2022,1.6,
16,23,0,1,2018,1.12,
16,6,0,1,2046,0.8,
16,21,33,0,2045,0.64,
16,12,0,0,2048,1.44,
16,18,1,0,2044,0.64,
17,18,1,0,2029,1.6,
16,15,0,1,2026,0.48,
16,5,0,0,2048,0.48,
16,25,0,0,2048,0.8,
16,1,1,0,2015,1.12,
16,30,14,0,2028,0.48,
16,7,16,0,2030,1.12,
17,23,18,0,2032,0.32,
16,10,0,1,2021,1.28,
16,10,22,0,2036,0.8,
16,28,24,0,2038,0.48,
16,16,26,0,2040,0.96,
16,24,6,0,2020,0.8,
16,0,0,0,2048,0.8,
16,33,5,0,2017,0.96,
17,14,25,0,2039,1.28,
16,15,0,1,2022,1.12,
16,19,29,0,2043,0.32,
16,15,31,0,2045,1.12,
16,22,21,0,2035,0.8,
16,19,1,1,2024,1.92,
16,9,0,0,2048,0.64,
16,23,0,0,2048,0.48,
17,0,0,1,2046,0.96,
16,33,14,0,2028,1.76,
16,16,0,1,2035,0.48,
16,7,0,0,2034,1.12,
16,21,0,0,2048,0.48,
16,12,0,0,2048,1.44,
16,16,0,0,2048,0.96,
16,19,15,0,2029,1.6,
17,4,0,1,2028,1.6,
16,22,19,0,2033,1.12,
16,16,3,0,2017,1.28,
16,16,5,0,2019,0.8,
16,15,27,0,2042,2.08,
16,15,29,0,2044,1.28,
16,16,0,0,2048,0.64,
17,2,8,0,2022,0.8,
16,26,10,0,2024,0.64,
16,16,7,0,2022,1.76,
16,16,30,0,2044,1.6,
16,18,12,0,2026,1.6,
16,5,14,0,2047,0.8,
16,32,27,0,2042,0.8,
16,2,0,0,2039,0.8,
17,31,0,0,2048,0.8,
16,16,22,0,2047,1.12,
16,19,0,1,2045,1.28,
16,17,0,0,2048,0.8,
16,18,21,0,2031,1.44,
16,15,12,0,2026,1.12,
16,19,0,1,2028,0.64,
16,16,14,0,2026,1.92,
17,17,8,0,2021,0.32,
16,5,18,0,2030,1.12,
16,29,20,0,2032,1.6,
16,16,22,0,2035,0.8,
16,13,0,1,2025,0.8,
16,16,10,0,2024,0.64,
16,12,0,0,2048,0.8,
16,22,14,0,2028,1.12,
17,7,0,0,2048,0.64,
16,23,0,0,2048,1.12,
16,17,32,0,2046,1.12,
16,15,25,0,2047,1.12,
16,0,12,0,2026,1.12,
16,31,0,0,2048,0.96,
16,11,6,0,2021,1.12,
17,7,0,0,2048,1.12,
16,27,10,0,2024,0.48,
16,0,0,1,2044,1.76,
16,32,0,1,2041,0.32,
16,16,2,0,2027,1.6,
16,19,11,0,2023,1.44,
16,11,0,1,2016,1.44,
16,24,3,0,2015,0.8,
17,9,0,1,2025,1.44,
16,22,16,0,2026,1.12,
16,15,18,0,2028,1.28,
16,4,0,1,2023,1.12,
16,27,26,0,2038,1.12,
16,16,24,0,2034,1.76,
16,7,30,0,2042,1.28,
16,24,32,0,2044,1.12,
17,5,13,0,2027,1.12,
16,25,4,0,2016,0.96,
16,16,0,0,2048,1.44,
16,15,8,0,2020,1.44,
16,5,10,0,2022,1.76,
16,24,1,0,2043,1.12,
16,2,0,0,2038,1.92,
16,30,0,0,2034,1.12,
17,15,33,0,2046,1.92,
16,16,10,0,2046,1.6,
16,9,1,0,2021,1.12,
16,19,0,0,2048,0.96,
16,18,0,0,2048,2.72,
16,19,0,1,2021,1.76,
16,16,1,0,2023,1.76,
17,17,0,0,2048,1.76,
16,19,11,0,2025,0.96,
16,17,1,1,2044,1.6,
16,18,15,0,2029,1.6,
16,6,17,0,2031,1.44,
16,28,9,0,2019,1.6,
16,17,1,0,2020,1.12,
16,17,0,0,2048,0.64,
17,19,4,0,2016,0.8,
16,17,0,0,2048,1.92,
16,16,8,0,2020,0.8,
16,19,0,1,2022,1.28,
16,7,12,0,2024,0.96,
16,24,23,0,2046,1.44,
16,3,0,0,2048,0.64,
16,32,18,0,2030,0.96,
17,17,1,0,2034,1.92,
16,5,22,0,2034,1.6,
16,24,0,0,2048,1.76,
16,2,0,0,2048,0.64,
16,27,0,1,2037,1.44,
16,1,1,0,2015,2.24,
16,26,0,0,2048,1.6,
16,16,0,1,2018,0.96,
17,9,1,0,2015,0.8,
16,21,3,0,2017,0.64,
16,14,5,0,2020,1.6,
16,18,12,0,2026,0.48,
16,10,1,0,2022,1.6,
16,21,0,1,2018,1.12,
16,13,1,0,2015,0.96,
17,18,1,0,2015,0.8,
16,16,1,1,2034,1.6,
16,5,0,1,2030,1.6,
16,10,0,0,2048,1.6,
16,20,9,0,2023,1.28,
16,32,0,0,2048,1.44,
16,17,23,0,2047,1.44,
16,15,0,0,2048,0.96,
17,1,32,0,2046,0.8,
16,36,0,0,2048,1.12,
16,19,32,0,2044,0.96,
16,1,1,0,2018,1.28,
16,32,1,0,2026,1.12,
16,16,0,0,2048,0.64,
16,16,0,0,2048,0.8,
16,1,1,0,2035,0.96,
17,30,3,0,2015,0.64,
16,16,1,0,2025,0.8,
16,2,25,0,2037,0.96,
16,28,9,0,2023,0.32,
16,14,29,0,2041,1.28,
16,16,31,0,2043,0.64,
16,16,33,0,2045,0.32,
16,14,2,0,2016,0.64,
17,14,0,1,2042,1.12,
16,17,0,1,2038,0.64,
16,13,0,1,2034,0.96,
16,15,0,0,2048,1.28,
16,17,0,0,2048,0.8,
16,16,11,0,2025,1.28,
16,19,0,0,2048,1.12,
17,17,18,0,2032,0.96,
16,16,20,0,2035,1.12,
16,16,28,0,2042,1.44,
16,1,30,0,2044,1.44,
16,36,2,0,2014,1.44,
16,9,26,0,2040,1.12,
16,24,0,0,2048,1.28,
16,18,3,0,2017,0.96,
17,18,1,1,2033,0.16,
16,0,9,0,2013,0.16,
16,34,11,0,2021,0.8,
16,16,0,0,2048,1.12,
16,15,1,0,2039,0.32,
16,20,0,1,2026,0.64,
16,16,19,0,2024,0.96,
16,18,8,0,2023,0.32,
17,2,28,0,2046,0.8,
16,27,0,0,2048,0.8,
16,11,0,1,2039,0.64,
16,18,8,0,2022,1.28,
16,7,19,0,2033,0.8,
16,23,0,0,2048,1.44,
16,12,0,0,2048,0.8,
16,16,0,0,2048,1.28,
17,6,0,0,2048,0.64,
16,19,1,0,2029,1.6,
16,16,0,1,2024,0.8,
16,17,1,0,2020,0.64,
16,12,0,0,2048,0.96,
16,19,0,1,2025,1.6,
16,16,0,0,2048,0.8,
17,17,14,0,2028,0.64,
16,17,0,0,2048,0.48,
16,16,18,0,2032,0.8,
16,17,8,0,2020,1.28,
16,16,22,0,2036,0.64,
16,14,1,1,2033,0.64,
16,24,26,0,2040,1.76,
16,17,0,0,2048,0.32,
17,17,8,0,2022,0.8,
16,20,5,0,2017,1.12,
16,12,0,0,2048,0.96,
16,23,7,0,2019,0.8,
16,16,0,1,2041,1.28,
16,20,29,0,2041,0.32,
16,8,0,0,2048,1.12,
16,25,0,0,2048,1.44,
17,10,0,1,2018,1.44,
16,21,19,0,2031,0.48,
16,16,0,0,2048,1.12,
16,16,0,1,2028,0.48,
16,15,0,0,2024,0.96,
16,12,0,0,2020,0.8,
16,13,0,0,2048,0.64,
16,6,1,0,2024,1.76,
17,25,4,0,2018,1.28,
16,5,2,0,2017,0.32,
16,25,2,0,2016,0.48,
16,14,24,0,2036,1.44,
16,8,0,1,2032,1.76,
16,20,0,1,2028,1.6,
16,1,1,0,2025,0.8,
17,32,5,0,2017,1.6,
16,17,0,1,2018,0.16,
16,10,5,0,2046,0.96,
16,19,12,0,2024,0.8,
16,10,0,0,2048,1.76,
16,25,6,0,2021,0.48,
16,18,0,0,2048,0.8,
16,19,0,0,2048,1.6,
17,2,0,0,2048,1.12,
16,34,3,0,2015,0.8,
16,19,1,0,2033,0.96,
16,9,4,0,2047,1.28,
16,23,0,0,2048,1.6,
16,16,31,0,2046,1.44,
16,19,13,0,2025,1.28,
16,16,0,0,2048,0.8,
17,15,20,0,2032,1.12,
16,21,1,0,2017,2.56,
16,18,0,0,2048,0.8,
16,15,4,0,2017,1.6,
16,18,9,0,2023,0.8,
16,11,9,0,2021,0.64,
16,24,13,0,2027,0.64,
16,10,1,0,2021,1.12,
17,21,17,0,2032,0.96,
16,1,2,0,2016,0.96,
16,26,11,0,2026,1.28,
16,13,0,1,2040,1.12,
16,9,0,1,2036,0.96,
16,22,0,0,2048,1.44,
16,6,7,0,2021,1.6,
17,23,0,1,2023,0.8,
16,15,26,0,2040,0.96,
16,15,0,0,2048,0.96,
16,20,0,1,2029,0.96,
16,9,17,0,2031,1.6,
16,20,19,0,2033,1.6,
16,7,0,0,2016,0.8,
16,21,0,1,2033,0.64,
17,19,0,0,2048,0.48,
16,15,0,0,2048,0.8,
16,10,0,0,2048,1.12,
16,16,5,0,2019,0.96,
16,17,0,0,2048,0.16,
16,24,27,0,2039,1.6,
16,21,11,0,2025,1.12,
16,19,6,0,2018,0.64,
17,11,33,0,2045,0.48,
16,21,1,0,2017,2.24,
16,17,3,0,2019,1.28,
16,16,0,1,2046,1.44,
16,3,7,0,2023,0.8,
16,30,9,0,2025,0.48,
16,16,11,0,2027,0.48,
16,13,0,0,2048,1.12,
17,20,0,0,2048,1.44,
16,16,0,0,2048,0.96,
16,5,29,0,2041,1.76,
16,31,31,0,2043,0.96,
16,14,33,0,2045,1.76,
16,14,1,0,2018,1.92,
16,15,1,0,2015,1.76,
17,2,0,0,2048,1.28,
16,29,0,0,2048,2.4,
16,14,0,0,2048,1.28,
16,9,0,1,2019,1.12,
16,19,0,0,2048,1.12,
16,15,5,0,2019,1.6,
16,18,7,0,2022,1.6,
16,15,28,0,2042,1.28,
17,16,1,0,2026,1.12,
16,16,0,1,2016,1.12,
16,16,2,0,2016,0.8,
16,14,8,0,2022,0.8,
16,17,10,0,2024,0.48,
16,17,12,0,2026,1.28,
16,15,10,0,2024,0.96,
16,17,0,1,2030,0.48,
17,16,0,0,2048,0.96,
16,16,0,0,2048,0.32,
16,17,0,0,2048,1.44,
16,3,0,0,2048,0.96,
16,34,23,0,2033,1.44,
16,14,0,0,2048,0.96,
16,18,0,0,2048,0.96,
16,16,12,0,2047,1.28,
17,18,15,0,2025,1.28,
16,17,0,0,2048,0.96,
16,15,18,0,2029,0.64,
16,13,4,0,2018,0.96,
16,16,0,0,2048,0.96,
16,16,0,0,2048,0.48,
16,1,5,0,2019,1.28,
17,32,12,0,2026,2.24,
16,14,9,0,2023,2.24,
16,15,1,0,2015,1.44,
16,15,18,0,2032,1.12,
16,17,0,0,2048,1.6,
16,17,0,0,2048,1.76,
16,17,0,1,2036,0.96,
16,15,0,1,2032,1.28,
17,8,0,0,2048,0.8,
16,21,13,0,2027,2.4,
16,17,0,0,2048,1.12,
16,14,0,0,2048,1.28,
16,15,0,0,2048,1.44,
16,3,0,0,2023,0.16,
16,32,31,0,2045,1.12,
16,9,28,0,2047,1.28,
17,25,4,0,2018,1.44,
16,19,0,0,2048,0.8,
16,8,1,0,2023,0.8,
16,28,0,0,2027,0.8,
16,15,20,0,2032,0.16,
16,16,5,0,2017,1.12,
16,18,10,0,2024,0.32,
16,14,12,0,2026,1.92,
17,21,1,0,2020,1.12,
16,4,16,0,2030,1.12,
16,26,0,1,2016,1.28,
16,19,0,0,2048,0.96,
16,18,0,0,2048,1.12,
16,19,6,0,2020,1.6,
16,15,0,1,2040,0.48,
17,6,13,0,2047,0.64,
16,24,0,0,2048,0.48,
16,8,0,0,2048,1.6,
16,25,0,0,2048,1.6,
16,7,0,0,2048,1.12,
16,23,0,0,2048,1.12,
16,7,0,0,2048,0.96,
16,21,0,0,2048,1.44,
17,14,1,0,2015,1.28,
16,16,8,0,2022,0.8,
16,15,0,1,2028,1.28,
16,18,0,0,2048,1.28,
16,11,0,0,2048,0.64,
16,17,4,0,2016,1.12,
16,14,3,0,2017,0.64,
16,19,24,0,2038,0.64,
17,13,26,0,2040,1.12,
16,18,28,0,2042,0.96,
16,16,14,0,2026,0.64,
16,17,0,0,2048,1.12,
16,18,0,0,2048,0.8,
16,18,8,0,2022,2.4,
16,16,4,0,2018,1.12,
16,17,0,0,2048,0.8,
17,0,24,0,2047,1.28,
16,35,1,1,2031,2.24,
16,16,1,1,2024,2.08,
16,16,0,1,2020,1.76,
16,17,0,0,2048,0.96,
16,15,0,1,2021,1.44,
16,20,30,0,2047,1.76,
17,11,8,0,2020,1.28,
16,21,0,1,2043,1.28,
16,12,1,0,2039,1.6,
16,20,0,1,2027,1.28,
16,9,0,1,2030,1.76,
16,22,0,1,2018,1.76,
16,7,21,0,2035,1.44,
16,24,6,0,2020,1.28,
17,0,1,0,2027,1.28,
16,29,8,0,2020,1.76,
16,14,10,0,2022,1.12,
16,15,14,0,2028,0.64,
16,16,0,1,2022,1.44,
16,17,18,0,2032,0.96,
16,1,7,0,2021,1.12,
16,34,9,0,2024,1.12,
17,14,0,1,2039,1.28,
16,4,0,0,2048,1.76,
16,27,0,0,2048,1.12,
16,17,0,1,2026,1.92,
16,16,18,0,2032,1.92,
16,15,0,0,2048,1.6,
16,10,1,0,2020,0.8,
16,24,1,0,2015,0.96,
17,17,24,0,2036,0.8,
16,7,5,0,2019,1.44,
16,20,7,0,2021,1.44,
16,20,9,0,2023,1.28,
16,10,3,0,2015,0.8,
16,23,3,0,2015,0.8,
16,20,22,0,2036,1.28,
17,12,0,0,2048,0.8,
16,21,9,0,2021,1.44,
16,13,28,0,2042,1.12,
16,10,2,0,2014,1.44,
16,24,32,0,2046,1.12,
16,9,19,0,2031,0.48,
16,22,1,0,2015,1.6,
16,4,9,0,2046,0.96,
17,30,5,0,2019,1.76,
16,13,14,0,2026,0.96,
16,6,0,0,2048,1.6,
16,28,0,1,2031,0.96,
16,6,0,0,2048,1.28,
16,24,0,0,2048,1.92,
16,10,0,1,2024,1.12,
16,20,29,0,2041,1.28,
17,18,1,0,2016,1.12,
16,17,6,0,2020,0.64,
16,17,0,1,2029,1.6,
16,1,0,0,2048,0.8,
16,30,0,0,2048,1.28,
16,17,1,0,2041,0.96,
16,17,19,0,2033,0.64,
16,16,6,0,2018,0.96,
17,16,8,0,2022,1.44,
16,18,10,0,2024,1.76,
16,16,1,0,2015,0.16,
16,17,15,0,2029,0.96,
16,16,6,0,2018,1.12,
16,14,24,0,2047,0.96,
16,16,0,0,2048,1.44,
17,16,0,0,2048,0.96,
16,19,0,0,2048,0.64,
16,17,0,0,2048,1.12,
16,6,0,1,2035,1.44,
16,28,0,0,2048,1.28,
16,16,22,0,2037,1.92,
16,11,24,0,2039,0.8,
16,18,1,0,2023,1.76,
17,16,22,0,2034,1.76,
16,17,24,0,2036,0.32,
16,20,25,0,2039,0.8,
16,6,8,0,2023,1.44,
16,23,30,0,2042,2.08,
16,14,0,1,2040,0.8,
16,1,0,0,2048,1.44,
16,34,4,0,2016,0.48,
17,16,6,0,2018,0.48,
16,14,0,0,2048,0.8,
16,13,1,0,2020,0.48,
16,15,13,0,2025,1.76,
16,17,2,0,2016,1.44,
16,9,17,0,2029,1.44,
16,20,19,0,2031,0.48,
16,14,8,0,2022,0.96,
17,7,3,0,2017,1.28,
16,21,0,0,2048,0.8,
16,19,0,0,2048,1.12,
16,16,0,0,2048,0.64,
16,17,1,0,2030,0.8,
16,8,0,0,2048,1.28,
16,21,25,0,2037,0.96,
17,18,0,1,2020,2.4,
16,15,1,0,2016,1.12,
16,21,21,0,2035,0.64,
16,18,22,0,2036,0.32,
16,16,24,0,2038,2.56,
16,17,0,0,2048,0.64,
16,0,0,0,2048,1.28,
16,36,0,0,2048,0.96,
17,6,0,0,2048,1.6,
16,31,8,0,2021,0.96,
16,3,1,0,2019,1.28,
16,28,2,0,2014,1.12,
16,18,1,0,2030,0.96,
16,16,6,0,2018,0.96,
16,17,31,0,2046,0.64,
16,7,7,0,2046,0.48,
17,24,22,0,2037,1.76,
16,15,2,0,2016,1.6,
16,14,0,0,2048,1.28,
16,16,0,0,2048,0.48,
16,16,0,0,2048,0.96,
16,7,0,0,2048,0.64,
16,25,1,0,2023,1.44,
16,13,0,0,2048,1.6,
17,14,31,0,2043,0.96,
16,17,1,0,2018,0.48,
16,14,1,0,2015,0.48,
16,15,0,0,2048,0.96,
16,15,0,0,2048,1.6,
16,14,0,1,2036,0.8,
16,12,0,0,2048,0.64,
17,21,0,0,2048,0.8,
16,18,1,0,2030,0.8,
16,18,23,0,2037,1.12,
16,10,8,0,2022,1.12,
16,23,1,0,2015,1.28,
16,11,29,0,2043,1.28,
16,24,14,0,2029,1.44,
16,17,7,0,2021,1.6,
17,9,0,0,2048,1.44,
16,23,30,0,2044,1.28,
16,18,0,0,2048,1.12,
16,17,0,0,2048,1.28,
16,4,0,0,2048,0.32,
16,20,10,0,2024,0.8,
16,22,0,1,2037,1.12,
16,24,27,0,2041,1.6,
17,2,5,0,2017,1.44,
16,30,5,0,2015,1.76,
16,17,0,1,2035,1.6,
16,16,9,0,2019,1.12,
16,6,6,0,2020,2.08,
16,25,0,1,2039,1.44,
16,15,10,0,2024,1.12,
16,1,1,0,2015,1.12,
17,26,5,0,2015,0.96,
16,15,0,0,2048,1.44,
16,15,9,0,2019,1.44,
16,16,0,0,2048,1.76,
16,15,30,0,2042,0.96,
16,10,32,0,2044,0.96,
16,20,16,0,2026,1.44,
17,14,0,1,2025,1.28,
16,14,7,0,2019,1.28,
16,14,0,0,2048,1.12,
16,12,24,0,2034,0.96,
16,17,0,0,2048,0.48,
16,16,0,0,2048,0.32,
16,1,0,0,2048,1.12,
16,31,1,0,2022,1.12,
17,17,0,0,2048,1.12,
16,18,19,0,2033,1.92,
16,18,2,0,2014,1.44,
16,18,0,1,2033,0.48,
16,17,6,0,2018,2.08,
16,12,27,0,2041,1.76,
16,24,10,0,2022,0.16,
16,5,0,0,2048,0.96,
17,29,0,0,2048,1.6,
16,6,1,1,2032,0.48,
16,30,8,0,2020,0.96,
16,7,11,0,2025,0.8,
16,25,26,0,2036,0.96,
16,3,2,0,2016,0.8,
16,33,17,0,2029,0.8,
16,2,1,0,2015,1.76,
17,34,21,0,2033,1.28,
16,0,0,0,2048,0.96,
16,28,0,0,2048,0.48,
16,0,2,0,2016,1.6,
16,30,4,0,2018,0.48,
16,8,6,0,2020,1.12,
16,23,0,0,2048,1.28,
17,16,0,0,2048,1.12,
16,0,0,0,2048,0.96,
16,27,0,0,2048,1.6,
16,4,0,0,2048,0.32,
16,24,1,0,2015,0.48,
16,19,1,0,2027,0.96,
16,8,22,0,2037,1.76,
16,20,33,0,2045,1.6,
17,14,27,0,2041,1.6,
16,18,5,0,2019,1.76,
16,17,7,0,2021,0.48,
16,17,8,0,2020,0.96,
16,1,11,0,2025,1.44,
16,28,13,0,2027,1.44,
16,13,15,0,2029,0.64,
16,8,26,0,2040,0.8,
17,30,1,0,2017,2.88,
16,17,0,0,2048,0.64,
16,20,0,0,2048,1.76,
16,18,31,0,2046,0.96,
16,12,13,0,2025,0.64,
16,23,0,0,2048,0.64,
16,17,0,1,2037,1.28,
16,12,0,0,2048,0.96,
17,20,1,0,2025,3.36,
16,15,0,0,2048,2.08,
16,2,27,0,2041,0.96,
16,27,29,0,2043,1.76,
16,4,0,0,2048,0.8,
16,31,2,0,2017,0.8,
16,16,30,0,2042,0.48,
17,10,29,0,2039,0.8,
16,22,31,0,2041,1.28,
16,12,9,0,2046,0.8,
16,22,0,0,2048,1.44,
16,9,10,0,2024,0.8,
16,19,21,0,2035,0.48,
16,11,14,0,2028,0.96,
16,18,25,0,2039,0.8,
17,11,27,0,2041,1.12,
16,22,18,0,2032,0.8,
16,19,1,0,2015,0.96,
16,18,0,0,2048,0.96,
16,18,14,0,2028,0.96,
16,17,5,0,2016,0.64,
16,10,18,0,2032,2.08,
16,26,1,0,2041,1.44,
17,10,1,0,2034,0.96,
16,21,1,0,2023,1.44,
16,13,1,0,2026,1.44,
16,16,1,0,2022,0.96,
16,5,0,0,2048,0.96,
16,29,1,0,2015,0.96,
16,1,6,0,2020,1.76,
16,31,6,0,2020,1.12,
17,15,30,0,2044,1.6,
16,17,4,0,2018,1.44,
16,16,32,0,2042,1.28,
16,18,19,0,2033,1.28,
16,8,10,0,2024,1.12,
16,21,1,0,2020,0.96,
16,2,25,0,2039,0.48,
17,26,14,0,2028,0.8,
16,18,16,0,2030,1.6,
16,16,6,0,2020,1.28,
16,15,8,0,2022,1.12,
16,15,22,0,2036,1.28,
16,17,1,0,2015,0.96,
16,19,5,0,2015,1.44,
16,17,1,0,2038,1.12,
17,3,0,0,2048,2.4,
16,31,0,0,2048,1.92,
16,15,0,0,2048,1.44,
16,16,0,0,2048,1.76,
16,14,0,0,2048,1.44,
16,8,1,0,2032,0.96,
16,26,19,0,2047,0.96,
16,16,0,0,2048,1.6,
17,15,27,0,2041,0.48,
16,9,9,0,2023,0.64,
16,23,0,0,2048,0.8,
16,18,6,0,2020,0.48,
16,7,20,0,2034,0.64,
16,26,0,0,2048,0.32,
16,16,1,0,2036,1.76,
16,17,11,0,2025,1.28,
17,3,29,0,2043,1.12,
16,30,15,0,2029,1.76,
16,3,0,1,2026,0.8,
16,29,19,0,2033,0.8,
16,3,21,0,2035,0.64,
16,25,0,1,2018,0.64,
16,0,0,0,2048,0.8,
17,32,1,0,2042,1.6,
16,17,0,0,2048,1.12,
16,16,25,0,2037,1.92,
16,4,0,0,2048,1.44,
16,29,1,0,2023,1.44,
16,1,31,0,2043,1.28,
16,29,1,0,2015,0.64,
16,10,21,0,2046,1.12,
17,22,0,1,2044,1.28,
16,10,1,0,2015,1.28,
16,16,31,0,2043,1.76,
16,19,5,0,2019,0.48,
16,6,20,0,2034,0.96,
16,29,0,0,2048,0.96,
16,14,0,0,2048,2.24,
16,19,0,0,2048,1.12,
17,19,11,0,2023,1.92,
16,16,30,0,2044,1.6,
16,19,9,0,2021,1.92,
16,15,18,0,2030,0.64,
16,18,0,1,2029,1.12,
16,15,0,1,2024,0.8,
16,16,0,1,2019,0.16,
16,14,26,0,2038,1.12,
17,16,2,0,2017,1.28,
16,7,0,0,2048,1.44,
16,26,23,0,2037,1.92,
16,17,25,0,2039,1.28,
16,7,0,0,2048,1.28,
16,24,0,0,2048,1.6,
16,16,1,0,2015,1.12,
17,16,0,1,2019,1.12,
16,14,19,0,2033,2.24,
16,16,12,0,2026,1.44,
16,8,6,0,2018,0.64,
16,22,8,0,2020,1.28,
16,17,18,0,2032,1.44,
16,15,20,0,2034,0.96,
16,18,14,0,2026,1.44,
17,15,1,0,2015,1.12,
16,17,3,0,2017,1.12,
16,14,1,0,2018,1.44,
16,10,0,0,2048,2.4,
16,27,1,0,2032,1.28,
16,17,11,0,2025,0.8,
16,6,7,0,2046,0.8,
16,27,23,0,2037,1.76,
17,3,16,0,2028,0.96,
16,28,0,0,2048,1.76,
16,0,21,0,2033,0.32,
16,32,23,0,2035,1.44,
16,8,25,0,2037,1.12,
16,24,0,0,2048,0.96,
16,16,29,0,2041,1.28,
16,18,4,0,2014,1.6,
17,17,0,1,2017,1.92,
16,16,12,0,2024,1.92,
16,17,6,0,2016,1.76,
16,9,0,0,2048,0.8,
16,9,18,0,2030,0.48,
16,16,20,0,2032,1.44,
16,18,22,0,2034,1.44,
17,26,16,0,2026,0.64,
16,12,26,0,2039,0.8,
16,16,1,0,2015,1.76,
16,14,16,0,2024,1.44,
16,6,1,0,2039,0.64,
16,26,0,1,2034,1.44,
16,16,0,0,2048,1.12,
16,15,24,0,2032,0.8,
17,18,26,0,2035,1.28,
16,6,1,0,2015,2.08,
16,20,3,0,2017,2.08,
16,17,17,0,2031,0.8,
16,0,1,0,2030,1.76,
16,31,21,0,2035,1.6,
16,10,23,0,2038,0.64,
16,20,1,0,2015,1.44,
17,17,28,0,2042,1.44,
16,0,27,0,2040,1.6,
16,36,0,0,2048,0.96,
16,17,0,0,2048,0.8,
16,18,0,0,2048,1.44,
16,16,6,0,2017,0.8,
16,19,9,0,2019,0.48,
16,16,1,0,2021,0.64,
17,16,0,0,2048,1.6,
16,7,0,1,2029,1.92,
16,25,4,0,2018,1.12,
16,9,1,0,2018,0.8,
16,31,2,0,2035,1.12,
16,19,0,0,2048,1.44,
16,18,0,0,2048,0.96,
17,14,0,0,2048,0.96,
16,23,5,0,2017,0.8,
16,1,15,0,2030,0.8,
16,28,9,0,2021,1.12,
16,15,20,0,2034,0.8,
16,15,22,0,2036,0.8,
16,10,0,0,2048,1.12,
16,19,0,0,2048,1.28,
17,13,28,0,2042,1.12,
16,11,27,0,2039,1.44,
16,18,29,0,2041,0.8,
16,15,7,0,2021,0.8,
16,8,0,0,2048,0.8,
16,24,16,0,2046,0.8,
16,14,0,0,2044,1.12,
16,4,1,0,2025,0.64,
17,29,0,0,2048,1.44,
16,8,25,0,2039,1.12,
16,21,1,0,2015,0.96,
16,16,3,0,2017,1.28,
16,14,16,0,2030,0.8,
16,17,18,0,2032,0.96,
16,18,1,0,2024,0.64,
16,18,22,0,2037,1.12,
17,17,0,0,2048,0.64,
16,9,0,0,2048,0.8,
16,27,1,0,2039,1.12,
16,19,0,0,2048,1.28,
16,18,17,0,2031,1.28,
16,16,0,0,2048,2.24,
16,3,1,0,2015,1.44,
17,31,22,0,2035,1.44,
16,17,26,0,2040,1.12,
16,15,8,0,2022,1.92,
16,11,29,0,2041,0.8,
16,20,12,0,2026,0.96,
16,19,14,0,2028,1.28,
16,17,0,0,2048,1.28,
16,15,8,0,2022,1.6,
17,2,26,0,2037,0.96,
16,29,29,0,2039,0.96,
16,7,4,0,2016,0.48,
16,25,0,0,2048,1.28,
16,14,13,0,2027,1.12,
16,11,0,0,2034,1.28,
16,19,1,0,2031,0.96,
16,4,25,0,2040,0.64,
17,24,0,1,2024,0.96,
16,16,0,1,2020,1.76,
16,17,26,0,2040,0.64,
16,7,1,0,2030,0.64,
16,23,0,0,2048,1.76,
16,15,0,0,2048,1.12,
16,17,20,0,2034,2.4,
16,16,1,0,2031,0.96,
17,15,0,0,2048,1.6,
16,17,7,0,2019,1.28,
16,16,9,0,2021,1.28,
16,8,1,0,2015,2.24,
16,18,16,0,2028,0.48,
16,24,22,0,2037,0.64,
16,9,31,0,2045,0.48,
17,26,0,0,2048,0.8,
16,17,11,0,2025,0.8,
16,0,7,0,2021,1.28,
16,35,0,0,2048,1.28,
16,9,0,1,2030,0.48,
16,27,32,0,2044,0.64,
16,14,14,0,2022,1.12,
16,18,1,0,2029,1.28,
17,10,18,0,2026,1.12,
16,22,28,0,2042,0.48,
16,16,30,0,2044,0.96,
16,11,32,0,2046,2.24,
16,23,0,0,2048,2.08,
16,2,6,0,2021,0.96,
16,27,23,0,2035,1.76,
16,15,0,0,2048,1.28,
17,16,0,0,2048,1.28,
16,15,19,0,2033,1.12,
16,16,0,0,2048,2.08,
16,1,33,0,2045,2.08,
16,26,12,0,2024,1.12,
16,2,14,0,2026,0.96,
16,29,30,0,2044,0.16,
16,11,32,0,2046,0.48,
17,18,0,0,2048,0.8,
16,4,11,0,2025,1.12,
16,27,0,1,2041,0.96,
16,17,5,0,2019,0.96,
16,6,7,0,2021,0.8,
16,30,31,0,2045,1.12,
16,18,10,0,2024,1.6,
17,13,1,0,2015,0.16,
16,17,1,0,2046,0.48,
16,20,0,1,2015,1.12,
16,1,4,0,2015,0.96,
16,34,0,0,2048,1.44,
16,17,34,0,2046,0.96,
16,5,11,0,2021,1.6,
16,25,13,0,2023,1.12,
17,19,30,0,2044,0.64,
16,16,0,0,2048,0.48,
16,21,0,0,2048,1.28,
16,8,0,0,2048,1.92,
16,24,27,0,2039,1.92,
16,13,6,0,2018,1.28,
16,19,8,0,2020,1.12,
16,16,10,0,2022,0.96,
17,12,0,0,2048,1.28,
16,12,23,0,2035,0.96,
16,16,0,1,2019,0.8,
16,5,0,1,2015,1.76,
16,24,3,0,2017,0.96,
16,6,0,0,2048,1.44,
16,29,8,0,2022,0.32,
16,16,9,0,2023,0.96,
17,12,25,0,2039,0.8,
16,16,0,1,2019,1.44,
16,16,0,1,2015,0.64,
16,17,2,0,2017,1.12,
16,16,13,0,2027,0.96,
16,10,0,0,2048,1.28,
16,5,0,0,2045,1.28,
17,31,11,0,2025,0.96,
16,1,0,0,2048,1.28,
16,38,23,0,2038,1.44,
16,19,1,1,2020,1.12,
16,2,3,0,2047,1.44,
16,32,12,0,2027,1.28,
16,19,28,0,2042,1.44,
16,7,17,0,2031,1.44,
17,25,0,0,2048,1.28,
16,19,14,0,2026,0.8,
16,16,23,0,2037,0.8,
16,12,18,0,2030,0.64,
16,13,2,0,2016,1.12,
16,22,29,0,2041,1.28,
16,1,0,0,2048,1.28,
16,32,0,0,2048,1.28,
17,6,25,0,2046,1.44,
16,23,13,0,2027,1.28,
16,1,0,1,2041,1.44,
16,26,34,0,2044,2.08,
16,8,12,0,2024,1.76,
16,23,0,0,2048,0.32,
16,14,8,0,2020,1.28,
16,7,0,0,2048,1.28,
17,22,0,0,2048,1.28,
16,16,22,0,2034,1.12,
16,13,18,0,2030,1.44,
16,19,1,0,2021,0.64,
16,14,22,0,2034,1.12,
16,15,12,0,2026,1.12,
16,22,26,0,2038,0.96,
17,1,17,0,2029,0.96,
16,26,19,0,2031,0.16,
16,22,0,0,2048,0.64,
16,18,1,0,2016,0.96,
16,4,0,0,2048,0.48,
16,30,0,0,2048,1.12,
16,17,30,0,2042,0.48,
16,1,11,0,2023,1.28,
17,33,13,0,2025,0.64,
16,5,13,0,2046,1.28,
16,11,17,0,2029,1.6,
16,31,19,0,2031,1.12,
16,16,29,0,2043,0.8,
16,17,0,0,2048,2.08,
16,17,31,0,2047,1.28,
16,14,8,0,2020,0.48,
17,16,0,1,2043,2.08,
16,17,21,0,2035,0.48,
16,17,23,0,2037,1.44,
16,16,18,0,2030,1.76,
16,2,20,0,2032,0.96,
16,27,29,0,2044,1.28,
16,17,24,0,2036,1.28,
16,16,18,0,2032,1.6,
17,16,28,0,2041,0.48,
16,7,22,0,2036,0.48,
16,12,0,0,2048,0.8,
16,30,14,0,2026,1.12,
16,0,0,0,2048,0.64,
16,32,27,0,2041,1.12,
16,16,29,0,2043,1.92,
17,14,11,0,2021,1.28,
16,1,12,0,2022,0.8,
16,29,0,0,2048,1.44,
16,16,0,0,2048,0.96,
16,15,27,0,2039,0.8,
16,11,20,0,2031,1.76,
16,22,23,0,2033,0.8,
16,4,0,1,2015,0.96,
17,21,3,0,2017,0.96,
16,13,0,0,2048,0.96,
16,28,0,1,2041,0.96,
16,16,0,1,2036,0.32,
16,3,18,0,2030,1.12,
16,27,25,0,2039,1.44,
16,16,0,0,2048,1.44,
16,16,7,0,2019,1.28,
17,8,27,0,2039,1.28,
16,28,11,0,2023,2.08,
16,13,13,0,2025,0.48,
16,2,25,0,2040,0.48,
16,33,0,0,2048,1.44,
16,18,0,0,2048,0.8,
16,2,0,0,2048,1.6,
16,31,0,0,2048,1.6,
17,10,0,0,2048,0.64,
16,23,2,0,2016,0.64,
16,10,16,0,2028,0.96,
16,23,0,0,2048,1.28,
16,5,26,0,2038,0.8,
16,29,0,1,2020,0.96,
16,11,24,0,2036,1.28,
17,4,0,1,2017,1.44,
16,32,0,0,2048,1.6,
16,7,0,0,2048,0.8,
16,28,7,0,2019,1.12,
16,3,0,0,2048,1.76,
16,29,19,0,2033,1.28,
16,1,15,0,2029,0.96,
16,30,0,0,2048,0.96,
17,17,19,0,2033,1.44,
16,17,17,0,2029,0.64,
16,14,0,1,2027,1.44,
16,16,16,0,2028,1.12,
16,10,30,0,2047,0.64,
16,5,20,0,2033,0.96,
16,31,3,0,2015,1.6,
16,10,30,0,2042,1.76,
17,21,32,0,2044,1.44,
16,11,32,0,2046,0.8,
16,20,10,0,2046,1.12,
16,11,16,0,2028,0.8,
16,9,0,1,2037,1.6,
16,28,0,0,2048,1.12,
16,13,12,0,2024,0.96,
16,3,0,0,2026,1.28,
17,18,30,0,2046,0.64,
16,27,5,0,2046,0.8,
16,15,20,0,2032,1.12,
16,17,0,0,2048,1.12,
16,16,0,0,2048,0.96,
16,3,17,0,2025,1.12,
16,30,11,0,2019,1.28,
17,15,13,0,2022,1.28,
16,11,26,0,2038,0.64,
16,22,25,0,2033,1.12,
16,15,27,0,2035,0.96,
16,15,0,0,2048,1.44,
16,12,31,0,2039,2.08,
16,2,7,0,2046,1.28,
16,29,0,0,2048,0.96,
17,17,1,1,2035,0.8,
16,16,32,0,2042,0.8,
16,16,8,0,2022,0.64,
16,18,0,0,2048,1.28,
16,12,0,0,2048,1.44,
16,12,7,0,2021,1.12,
16,25,9,0,2043,0.96,
16,20,11,0,2025,1.28,
17,16,13,0,2027,1.6,
16,13,15,0,2029,0.8,
16,20,0,0,2048,0.48,
16,3,19,0,2033,0.64,
16,35,7,0,2021,2.08,
16,20,0,0,2048,0.64,
16,3,25,0,2040,0.96,
16,31,13,0,2027,0.48,
17,17,14,0,2020,0.64,
16,11,15,0,2029,1.76,
16,27,18,0,2024,1.6,
16,0,32,0,2044,0.8,
16,32,0,0,2048,0.96,
16,16,0,0,2048,0.8,
16,14,27,0,2041,0.8,
17,18,0,0,2048,0.8,
16,16,31,0,2046,0.8,
16,16,25,0,2047,1.28,
16,3,12,0,2024,0.8,
16,18,0,1,2043,0.96,
16,11,0,0,2048,0.8,
16,14,18,0,2030,1.28,
16,7,5,0,2019,1.12,
17,26,18,0,2045,1.44,
16,14,1,0,2029,0.8,
16,9,0,0,2048,1.12,
16,19,0,1,2039,0.48,
16,15,32,0,2046,0.8,
16,14,8,0,2046,0.8,
16,11,2,0,2017,0.64,
16,22,4,0,2018,0.64,
17,5,7,0,2021,1.28,
16,27,8,0,2023,0.8,
16,17,13,0,2026,1.44,
16,19,13,0,2027,1.28,
16,18,1,0,2015,1.6,
16,14,0,0,2048,1.6,
16,28,22,0,2034,1.12,
16,18,14,0,2047,0.16,
17,17,3,0,2024,1.6,
16,16,28,0,2040,0.8,
16,16,30,0,2042,1.44,
16,18,2,0,2016,1.28,
16,16,20,0,2030,0.96,
16,13,1,0,2017,0.8,
16,11,29,0,2043,0.64,
17,25,31,0,2045,1.28,
16,2,28,0,2038,1.12,
16,31,15,0,2029,1.28,
16,14,0,0,2048,1.44,
16,10,0,1,2041,0.96,
16,18,0,0,2048,1.76,
16,13,0,1,2044,0.8,
16,13,0,0,2048,0.96,
17,13,22,0,2034,0.8,
16,3,23,0,2035,1.12,
16,30,8,0,2018,1.28,
16,14,14,0,2029,0.96,
16,1,17,0,2031,0.64,
16,31,0,0,2048,0.64,
16,16,33,0,2046,1.28,
16,7,0,0,2048,1.12,
17,25,0,0,2048,0.64,
16,16,6,0,2018,0.96,
16,0,0,1,2019,0.96,
16,33,28,0,2042,0.96,
16,9,30,0,2044,0,
16,26,1,0,2020,1.44,
16,12,8,0,2020,1.12,
16,23,10,0,2022,1.6,
17,19,1,1,2036,1.44,
16,18,23,0,2035,1.44,
16,18,12,0,2024,1.76,
16,18,1,1,2018,1.6,
16,13,5,0,2017,2.08,
16,23,0,0,2048,1.44,
16,18,1,0,2035,0.96,
17,1,6,0,2018,0.64,
16,29,22,0,2034,1.28,
16,14,10,0,2022,1.12,
16,16,26,0,2038,0.32,
16,16,19,0,2031,1.12,
16,18,32,0,2044,0.64,
16,15,30,0,2046,1.44,
16,16,0,0,2048,0.8,
17,13,0,1,2032,0.8,
16,16,0,0,2048,0.96,
16,17,0,0,2048,1.28,
16,15,32,0,2042,1.28,
16,10,10,0,2022,0.64,
16,19,0,0,2048,0.96,
16,12,22,0,2036,0.8,
16,17,24,0,2038,1.12,
17,14,18,0,2030,1.12,
16,16,8,0,2022,0.96,
16,5,30,0,2044,1.76,
16,31,0,1,2026,0.96,
16,18,27,0,2039,1.28,
16,1,0,0,2048,1.28,
16,36,20,0,2035,1.12,
16,18,22,0,2037,1.6,
17,16,10,0,2024,1.6,
16,8,20,0,2034,1.12,
16,24,22,0,2036,0.96,
16,6,0,0,2048,0.48,
16,28,18,0,2032,0.96,
16,14,28,0,2042,0.64,
16,15,22,0,2036,0.64,
17,18,22,0,2034,1.12,
16,20,0,0,2048,1.12,
16,18,27,0,2039,1.12,
16,9,0,0,2048,0.8,
16,24,0,0,2048,0.96,
16,14,0,0,2048,1.12,
16,15,0,1,2015,0.96,
16,14,3,0,2017,1.6,
17,14,20,0,2034,0.64,
16,15,22,0,2032,0.64,
16,14,9,0,2023,1.12,
16,7,1,0,2031,0.8,
16,26,13,0,2027,1.76,
16,14,1,0,2023,1.76,
16,15,0,1,2019,0.64,
16,16,2,0,2014,0.96,
17,17,6,0,2020,0.96,
16,7,8,0,2022,1.76,
16,24,27,0,2041,1.28,
16,5,29,0,2043,1.28,
16,28,0,0,2048,1.28,
16,16,17,0,2031,1.6,
16,14,19,0,2033,0.8,
16,18,21,0,2035,0.8,
17,8,0,1,2041,1.44,
16,25,1,0,2032,1.6,
16,19,8,0,2022,1.28,
16,18,0,0,2048,1.6,
16,16,0,0,2048,0.64,
16,17,11,0,2023,1.28,
16,18,17,0,2031,2.08,
17,16,22,0,2036,0.32,
16,1,17,0,2030,1.28,
16,31,20,0,2032,0.64,
16,16,9,0,2019,1.12,
16,15,14,0,2026,1.6,
16,9,16,0,2028,1.12,
16,26,0,0,2048,1.44,
16,17,0,0,2048,1.12,
17,16,0,0,2048,0.48,
16,17,0,0,2048,0.96,
16,9,6,0,2018,0.32,
16,21,29,0,2043,1.28,
16,16,31,0,2045,0.64,
16,15,17,0,2031,1.6,
16,14,19,0,2033,2.08,
16,4,21,0,2035,1.44,
17,29,32,0,2045,1.28,
16,8,9,0,2045,1.28,
16,19,22,0,2037,0.96,
16,4,10,0,2024,1.12,
16,31,5,0,2019,1.28,
16,15,7,0,2021,1.28,
16,11,0,0,2048,0.8,
16,24,11,0,2025,1.12,
17,5,13,0,2027,1.44,
16,26,22,0,2036,1.44,
16,15,24,0,2039,0.64,
16,15,19,0,2033,1.76,
16,17,1,0,2031,0.96,
16,2,0,1,2026,1.28,
16,34,18,0,2046,0.96,
17,1,19,0,2033,0.96,
16,31,21,0,2035,0.96,
16,19,0,0,2048,1.28,
16,16,9,0,2021,1.6,
16,12,28,0,2042,1.44,
16,17,30,0,2044,0.8,
16,19,32,0,2046,0.64,
16,19,21,0,2035,0.32,
17,17,23,0,2037,0.96,
16,17,25,0,2039,0.96,
16,7,23,0,2036,0.64,
16,23,0,0,2048,0.8,
16,15,12,0,2024,0.96,
16,19,0,0,2048,2.08,
16,15,32,0,2044,1.12,
16,16,33,0,2046,1.92,
17,16,0,1,2017,0.96,
16,8,14,0,2029,1.28,
16,23,6,0,2020,1.28,
16,15,8,0,2022,1.12,
16,14,21,0,2035,1.12,
16,4,12,0,2026,0.64,
16,25,14,0,2028,1.12,
16,15,0,0,2048,0.96,
17,14,23,0,2035,1.28,
16,16,0,0,2048,1.28,
16,18,0,0,2048,1.28,
16,12,11,0,2025,0.96,
16,20,0,0,2048,0.8,
16,18,15,0,2029,1.12,
16,8,21,0,2046,0.96,
17,25,19,0,2033,0.96,
16,5,0,0,2048,0.8,
16,27,11,0,2047,0.96,
16,7,0,1,2044,0.96,
16,24,0,0,2048,0.8,
16,18,0,1,2031,1.12,
16,15,0,0,2048,0.8,
16,21,30,0,2044,1.44,
17,7,32,0,2046,0.64,
16,25,0,0,2048,1.44,
16,21,10,0,2022,2.4,
16,17,12,0,2024,1.28,
16,10,10,0,2022,1.28,
16,16,33,0,2045,2.24,
16,21,27,0,2046,1.12,
16,10,0,0,2048,0.8,
17,21,0,1,2024,2.08,
16,15,0,1,2021,1.28,
16,17,0,0,2048,1.28,
16,0,29,0,2041,1.28,
16,29,0,0,2048,1.44,
16,16,0,0,2048,1.44,
16,16,30,0,2042,0.8,
16,14,0,0,2048,1.12,
17,18,0,1,2040,0.96,
16,4,0,0,2048,1.28,
16,24,25,0,2039,2.08,
16,13,0,0,2048,1.44,
16,7,0,0,2048,1.28,
16,11,0,0,2048,1.92,
16,29,0,0,2048,2.72,
17,16,0,1,2021,1.6,
16,11,0,0,2048,1.44,
16,24,23,0,2037,0.8,
16,18,25,0,2039,1.12,
16,8,5,0,2018,0.96,
16,25,8,0,2020,0.96,
16,9,31,0,2045,0.32,
16,25,30,0,2042,1.44,
17,1,0,0,2048,0.8,
16,31,0,0,2048,2.4,
16,15,0,0,2048,0.8,
16,15,2,0,2014,0.8,
16,19,0,0,2048,0.8,
16,16,16,0,2028,1.12,
16,20,0,0,2048,0.8,
16,16,28,0,2042,0.96,
17,14,22,0,2035,1.28,
16,18,0,0,2048,0.96,
16,15,10,0,2047,1.28,
16,12,6,0,2020,1.28,
16,21,0,0,2048,1.76,
16,12,0,0,2048,0.48,
16,20,27,0,2041,2.24,
16,1,29,0,2043,1.76,
17,28,0,0,2048,0.8,
16,10,0,0,2048,1.6,
16,22,2,0,2016,1.44,
16,14,24,0,2038,1.6,
16,17,25,0,2039,1.44,
16,13,27,0,2041,1.12,
16,16,30,0,2044,1.76,
17,22,17,0,2031,1.44,
16,1,14,0,2029,1.28,
16,30,0,0,2048,0.8,
16,16,0,0,2048,1.6,
16,14,0,0,2048,0.32,
16,20,14,0,2026,1.12,
16,17,0,0,2048,1.28,
16,8,31,0,2045,1.12,
17,26,20,0,2032,0.96,
16,16,13,0,2027,1.44,
16,20,17,0,2032,0.8,
16,17,0,0,2048,1.76,
16,17,9,0,2021,1.44,
16,11,0,0,2048,0.96,
16,22,26,0,2040,1.92,
16,10,0,0,2048,1.28,
17,22,17,0,2030,0.8,
16,7,13,0,2027,0.96,
16,24,0,0,2048,0.8,
16,6,17,0,2031,1.12,
16,22,26,0,2038,0.32,
16,17,28,0,2040,0.96,
16,16,0,1,2035,1.6,
16,17,7,0,2022,1.6,
17,12,32,0,2046,1.92,
16,13,29,0,2043,0.64,
16,9,0,1,2043,2.24,
16,25,0,0,2048,2.24,
16,14,9,0,2023,1.12,
16,15,0,0,2048,0.8,
16,19,25,0,2039,1.44,
17,8,15,0,2029,0.8,
16,22,29,0,2043,1.92,
16,14,0,1,2040,0.32,
16,1,30,0,2044,0.96,
16,19,23,0,2037,0.64,
16,29,0,1,2044,0.64,
16,14,0,0,2048,1.12,
16,0,0,0,2048,0.8,
17,35,0,0,2048,0.96,
16,19,9,0,2022,0.96,
16,9,12,0,2024,1.12,
16,24,0,0,2048,0.96,
16,11,23,0,2036,0.8,
16,21,1,0,2015,0.96,
16,16,3,0,2018,0.96,
16,9,30,0,2042,1.92,
17,23,33,0,2039,1.44,
16,15,26,0,2038,1.92,
16,10,1,1,2021,1.28,
16,23,0,1,2043,1.44,
16,12,0,0,2048,1.28,
16,20,10,0,2024,0.64,
16,16,12,0,2027,0.64,
16,17,0,0,2048,1.44,
17,18,0,0,2048,0.8,
16,15,19,0,2033,1.92,
16,18,32,0,2046,0.96,
16,19,23,0,2037,2.08,
16,0,0,0,2048,1.44,
16,31,27,0,2041,1.44,
16,1,0,0,2048,0.8,
17,31,0,1,2031,1.44,
16,18,0,1,2026,1.12,
16,16,0,0,2048,0.96,
16,15,1,0,2026,0.48,
16,17,12,0,2026,1.44,
16,3,25,0,2039,1.28,
16,28,25,0,2039,1.12,
16,13,27,0,2041,1.76,
17,16,6,0,2020,0.8,
16,17,22,0,2036,0.8,
16,20,6,0,2047,0.64,
16,2,26,0,2040,1.12,
16,29,0,0,2048,1.28,
16,16,0,0,2048,0.8,
16,6,2,0,2016,0.48,
16,25,4,0,2018,2.24,
17,7,0,0,2048,0.96,
16,26,0,0,2048,1.12,
16,14,0,0,2048,0.96,
16,0,32,0,2046,1.6,
16,32,0,0,2048,1.28,
16,16,0,0,2048,0.64,
16,14,0,0,2048,1.12,
16,0,30,0,2036,0.96,
17,29,32,0,2038,0.64,
16,16,0,0,2048,1.12,
16,16,36,0,2042,0.8,
16,16,29,0,2043,1.12,
16,6,12,0,2026,0.96,
16,23,14,0,2028,0.8,
16,16,16,0,2030,1.12,
17,4,28,0,2040,1.44,
16,29,30,0,2042,1.44,
16,5,32,0,2044,1.92,
16,31,0,1,2032,0.8,
16,18,2,0,2026,1.28,
16,0,27,0,2041,0.8,
16,32,29,0,2043,1.44,
16,1,31,0,2045,0.96,
17,33,8,0,2047,1.12,
16,16,17,0,2025,1.28,
16,14,0,1,2039,0.64,
16,2,0,0,2048,1.12,
16,32,26,0,2038,1.12,
16,16,0,0,2048,1.12,
16,8,0,0,2048,0.8,
16,25,0,0,2048,1.44,
17,16,32,0,2040,0.96,
16,16,13,0,2027,0.8,
16,3,4,0,2018,1.44,
16,26,6,0,2020,1.44,
16,16,0,1,2043,1.12,
16,12,0,1,2029,1.76,
16,20,22,0,2036,0.96,
16,1,0,0,2048,1.6,
17,28,0,0,2048,0.96,
16,13,28,0,2042,0.64,
16,17,0,1,2037,0.8,
16,17,14,0,2028,0.8,
16,16,25,0,2039,0.48,
16,17,31,0,2041,0.64,
16,16,33,0,2043,0.96,
17,16,10,0,2022,1.28,
16,18,1,1,2024,1.6,
16,19,0,0,2048,1.76,
16,13,0,0,2048,1.76,
16,0,10,0,2022,1.12,
16,36,23,0,2037,0.96,
16,17,22,0,2034,1.28,
16,17,9,0,2021,0.96,
17,3,18,0,2030,0.8,
16,33,13,0,2026,1.92,
16,17,0,1,2028,1.12,
16,18,0,0,2048,0.8,
16,15,26,0,2046,0.64,
16,13,11,0,2023,1.28,
16,9,13,0,2025,0.96,
16,28,18,0,2031,0.96,
17,7,0,1,2021,0.64,
16,24,0,1,2045,1.28,
16,10,0,0,2042,0.32,
16,20,5,0,2017,0.32,
16,0,29,0,2041,0.8,
16,29,0,1,2043,0.16,
16,14,0,1,2024,0.96,
16,8,20,0,2046,0.64,
17,25,0,0,2048,1.44,
16,2,0,0,2048,1.76,
16,25,1,0,2035,1.12,
16,15,0,0,2048,1.12,
16,13,18,0,2032,0.8,
16,18,20,0,2034,0.96,
16,12,22,0,2036,1.92,
17,20,1,1,2038,1.6,
16,16,25,0,2039,0.96,
16,20,0,0,2048,0.96,
16,16,0,1,2023,0.96,
16,19,31,0,2045,2.08,
16,17,0,0,2048,0.8,
16,15,0,0,2048,1.12,
16,19,22,0,2036,1.44,
17,18,24,0,2038,1.12,
16,19,1,1,2027,1.28,
16,17,28,0,2042,1.76,
16,17,30,0,2045,0.96,
16,6,32,0,2047,1.28,
16,31,0,0,2048,0.48,
16,17,1,0,2025,0.8,
16,9,0,0,2048,0.96,
17,24,0,0,2048,0.8,
16,17,0,0,2048,1.12,
16,18,17,0,2029,1.44,
16,14,0,0,2048,1.28,
16,13,1,0,2028,1.12,
16,15,23,0,2035,1.12,
16,13,21,0,2033,0.64,
16,14,0,1,2038,1.12,
17,15,1,0,2036,1.76,
16,15,27,0,2039,0.16,
16,2,29,0,2042,0.8,
16,28,3,0,2018,1.6,
16,8,34,0,2046,2.08,
16,17,8,0,2022,1.28,
16,5,18,0,2032,0.8,
17,26,0,0,2048,0.48,
16,3,0,1,2020,0.96,
16,25,24,0,2038,0.96,
16,3,26,0,2040,0.64,
16,32,28,0,2042,1.12,
16,17,30,0,2044,0.96,
16,18,0,0,2048,1.12,
16,17,0,0,2048,1.12,
17,19,12,0,2026,1.12,
16,20,1,1,2035,0.96,
16,19,11,0,2023,1.12,
16,16,0,0,2048,2.24,
16,5,0,0,2048,0.48,
16,31,17,0,2029,1.12,
16,19,19,0,2031,0.96,
16,19,22,0,2036,1.28,
17,18,23,0,2035,1.12,
16,0,3,0,2015,1.44,
16,35,0,1,2031,1.76,
16,16,25,0,2037,1.28,
16,2,9,0,2021,1.76,
16,28,1,0,2016,0.64,
16,16,2,0,2016,1.76,
16,0,15,0,2028,0.96,
17,30,1,0,2037,0.64,
16,16,27,0,2041,0.64,
16,15,0,0,2048,0.64,
16,10,31,0,2046,0.8,
16,22,28,0,2047,0.96,
16,6,0,1,2030,0.96,
16,20,31,0,2044,0.64,
17,15,1,0,2023,0.8,
16,15,0,0,2048,1.12,
16,1,0,1,2032,1.12,
16,25,0,1,2040,1.12,
16,5,13,0,2027,1.44,
16,28,15,0,2029,0.48,
16,14,0,0,2048,0.8,
16,6,19,0,2029,0.96,
17,24,21,0,2031,0.48,
16,15,6,0,2018,0.8,
16,17,0,1,2035,1.76,
16,18,19,0,2033,0.48,
16,17,0,1,2025,1.28,
16,0,0,1,2022,1.28,
16,32,0,1,2018,1.12,
16,10,0,0,2048,0.8,
17,24,21,0,2033,0.48,
16,6,0,1,2025,1.6,
16,30,19,0,2034,1.6,
16,7,0,0,2048,1.12,
16,25,0,1,2041,0.16,
16,16,0,1,2037,0.32,
16,19,28,0,2042,0.64,
16,14,28,0,2041,0.48,
17,11,32,0,2046,0.96,
16,23,1,0,2041,0.64,
16,6,0,0,2048,0.96,
16,25,0,1,2039,1.44,
16,11,0,0,2048,1.12,
16,24,0,1,2031,1.12,
16,17,1,0,2027,1.92,
17,4,25,0,2039,1.92,
16,25,0,0,2048,1.28,
16,15,24,0,2036,1.76,
16,0,8,0,2020,0.8,
16,34,0,0,2033,1.12,
16,16,0,0,2048,0.8,
16,15,0,0,2048,1.12,
16,16,1,0,2020,0.48,
17,2,2,0,2031,0.32,
16,27,19,0,2034,0.8,
16,19,1,0,2034,1.92,
16,10,24,0,2038,1.28,
16,19,0,1,2041,0.64,
16,16,29,0,2041,0.8,
16,17,0,1,2036,0.8,
16,17,0,1,2031,0.8,
17,18,0,0,2048,0.8,
16,18,0,0,2048,1.28,
16,0,8,0,2020,0.64,
16,32,0,0,2048,1.12,
16,15,1,0,2036,1.92,
16,15,15,0,2029,1.12,
16,20,17,0,2031,0.96,
16,16,19,0,2033,1.44,
17,15,0,0,2048,0.8,
16,16,0,0,2048,0.96,
16,15,0,1,2043,2.4,
16,18,1,0,2038,1.28,
16,15,28,0,2040,1.44,
16,19,0,1,2027,0.64,
16,17,1,0,2023,0.8,
17,13,12,0,2024,1.12,
16,12,20,0,2032,0.32,
16,17,0,0,2048,0.16,
16,12,0,0,2048,1.6,
16,7,0,0,2048,0.8,
16,26,0,1,2017,0.8,
16,7,0,0,2048,1.28,
16,25,33,0,2045,1.28,
17,6,0,0,2048,1.76,
16,25,7,0,2021,0.96,
16,12,19,0,2033,1.28,
16,20,7,0,2021,1.76,
16,18,0,0,2048,2.24,
16,17,0,0,2048,2.24,
16,16,0,0,2048,2.4,
16,16,0,1,2028,1.12,
17,17,0,1,2023,0.96,
16,17,23,0,2037,1.44,
16,14,0,0,2048,1.92,
16,19,24,0,2038,1.44,
16,18,0,1,2036,1.12,
16,19,22,0,2034,0.96,
16,18,9,0,2021,0.64,
16,17,11,0,2023,0.32,
17,17,0,0,2048,1.28,
16,20,1,0,2033,0.8,
16,0,22,0,2037,0.8,
16,30,26,0,2046,0.8,
16,15,0,0,2048,0.64,
16,12,29,0,2043,0.96,
16,10,1,0,2041,0.32,
17,26,6,0,2018,0.16,
16,14,8,0,2020,0.32,
16,3,20,0,2032,1.28,
16,27,0,0,2048,0.48,
16,5,1,0,2043,1.44,
16,27,0,0,2048,1.12,
16,16,0,1,2034,0.64,
16,16,1,0,2030,1.12,
17,17,0,0,2048,1.12,
16,12,0,0,2048,0.96,
16,6,19,0,2033,0.96,
16,19,0,0,2042,0.8,
16,0,0,1,2038,0.8,
16,34,25,0,2037,0.96,
16,18,2,0,2027,1.28,
16,12,1,0,2022,1.92,
17,15,0,0,2048,0.32,
16,23,0,0,2048,0.96,
16,0,1,1,2046,0.96,
16,19,0,1,2024,0.32,
16,29,22,0,2036,0.32,
16,9,0,1,2045,1.6,
16,11,2,0,2016,1.12,
16,21,4,0,2018,0.8,
17,20,30,0,2044,1.44,
16,15,0,1,2031,1.76,
16,19,22,0,2031,1.12,
16,14,0,0,2048,1.12,
16,9,1,0,2045,1.6,
16,21,0,0,2048,1.76,
16,4,0,0,2048,1.76,
17,34,0,1,2027,1.92,
16,17,14,0,2029,1.6,
16,10,2,0,2015,1.44,
16,9,19,0,2033,1.28,
16,22,0,1,2040,2.08,
16,1,23,0,2037,1.12,
16,31,25,0,2036,1.12,
16,14,1,0,2028,1.92,
17,17,5,0,2019,2.08,
16,9,0,0,2048,1.92,
16,25,9,0,2023,1.28,
16,9,1,0,2029,0.8,
16,25,13,0,2027,1.28,
16,8,24,0,2032,1.44,
16,22,3,0,2016,1.12,
16,17,28,0,2036,2.4,
17,2,30,0,2038,1.28,
16,32,32,0,2040,0.8,
16,19,33,0,2039,0.96,
16,11,0,0,2023,1.12,
16,21,16,0,2028,1.12,
16,17,18,0,2030,1.28,
16,17,0,0,2048,0.8,
16,16,0,1,2020,2.4,
17,17,15,0,2029,1.12,
16,16,26,0,2038,1.76,
16,3,1,0,2021,0.8,
16,33,2,0,2047,1.44,
16,7,17,0,2029,0.96,
16,27,0,0,2048,1.44,
16,17,5,0,2017,1.76,
17,17,0,1,2026,1.92,
16,12,0,1,2022,1.76,
16,20,11,0,2024,2.08,
16,14,1,0,2015,2.08,
16,18,0,0,2048,1.28,
16,8,0,0,2048,2.56,
16,23,25,0,2037,0.48,
16,0,25,0,2036,0.48,
17,32,9,0,2015,0.96,
16,18,30,0,2040,0.96,
16,16,32,0,2042,0.8,
16,15,0,1,2030,0.96,
16,14,0,1,2026,1.12,
16,12,0,0,2048,0.64,
16,7,1,0,2033,1.28,
16,23,0,0,2048,0.8,
17,16,1,0,2025,2.08,
16,16,19,0,2029,0.96,
16,17,0,0,2048,0.64,
16,17,23,0,2033,0.16,
16,2,4,0,2018,1.12,
16,27,1,0,2039,0.96,
16,8,22,0,2036,0.96,
16,24,4,0,2018,1.12,
17,14,26,0,2040,0.8,
16,5,8,0,2022,1.6,
16,27,30,0,2045,0.8,
16,9,12,0,2027,0.96,
16,25,0,1,2022,1.44,
16,18,20,0,2032,0.16,
16,0,25,0,2039,0.96,
17,34,27,0,2041,1.12,
16,15,27,0,2039,0.96,
16,20,31,0,2045,2.08,
16,18,29,0,2043,0.48,
16,19,33,0,2045,0.16,
16,16,32,0,2047,0.96,
16,12,0,0,2048,1.12,
16,16,0,0,2048,1.6,
17,23,0,0,2048,1.76,
16,12,1,0,2020,0.96,
16,5,3,0,2013,1.12,
16,34,0,0,2048,0.32,
16,0,7,0,2017,0.64,
16,32,0,1,2045,0.64,
16,15,23,0,2035,0.64,
16,1,2,0,2016,0.8,
17,30,4,0,2018,1.44,
16,8,30,0,2042,1.12,
16,20,0,0,2048,0.8,
16,15,11,0,2023,0.48,
16,5,1,0,2015,1.12,
16,18,19,0,2031,1.12,
16,19,0,0,2048,0.96,
16,14,23,0,2036,1.6,
17,14,0,1,2015,0.32,
16,5,25,0,2039,0.48,
16,31,30,0,2042,0.48,
16,16,32,0,2044,0.64,
16,16,0,0,2048,0.16,
16,13,1,0,2019,0.48,
16,12,0,0,2048,0.64,
17,24,1,0,2044,0.32,
16,12,0,0,2048,0.96,
16,20,0,1,2015,0.96,
16,16,3,0,2017,0.96,
16,22,0,0,2048,1.6,
16,13,18,0,2030,0.64,
16,6,4,0,2012,0.64,
16,36,6,0,2014,0.48,
17,20,3,0,2026,1.12,
16,7,9,0,2019,1.6,
16,24,11,0,2021,1.6,
16,13,1,0,2042,1.44,
16,19,0,0,2048,0.32,
16,7,0,1,2032,1.6,
16,23,19,0,2029,0.48,
16,17,26,0,2032,0.64,
17,16,0,1,2045,1.92,
16,16,30,0,2036,0.48,
16,0,32,0,2038,0.48,
16,29,31,0,2039,0.64,
16,2,0,1,2031,0.32,
16,28,0,0,2048,1.44,
16,14,1,0,2024,0.96,
16,0,0,1,2024,0.48,
17,25,0,0,2048,0.16,
16,0,1,0,2017,1.12,
16,30,11,0,2023,1.12,
16,17,4,0,2018,1.28,
16,8,0,0,2048,1.6,
16,24,8,0,2022,2.08,
16,15,0,1,2034,1.12,
17,15,0,0,2048,0.8,
16,21,0,0,2048,1.28,
16,1,25,0,2038,0.96,
16,34,0,0,2048,1.28,
16,1,11,0,2025,1.28,
16,33,0,0,2048,1.28,
16,18,0,0,2048,0.64,
16,18,0,0,2048,0.32,
17,0,20,0,2034,1.6,
16,36,3,2,2013,1.6,
16,16,1,1,2026,0.96,
16,5,26,0,2040,0.8,
16,30,0,0,2048,1.28,
16,19,0,0,2048,0.32,
16,20,31,0,2043,1.28,
16,15,23,0,2047,0.8,
17,5,0,0,2048,1.76,
16,21,1,0,2021,1.44,
16,0,19,0,2029,0.8,
16,31,0,0,2048,1.6,
16,0,4,0,2018,1.44,
16,29,0,0,2048,0.48,
16,12,8,0,2022,1.44,
16,14,29,0,2039,0.64,
17,12,12,0,2026,1.12,
16,15,1,0,2015,0.8,
16,19,31,0,2043,1.6,
16,14,5,0,2019,0.64,
16,0,2,0,2017,0.8,
16,29,0,0,2048,1.12,
16,6,0,0,2048,0.96,
17,25,27,0,2041,0.96,
16,19,0,0,2048,1.76,
16,11,31,0,2045,0.8,
16,23,0,0,2048,0.96,
16,15,22,0,2037,1.28,
16,16,10,0,2018,0.16,
16,22,0,1,2029,1.12,
16,18,0,0,2048,0.8,
17,18,25,0,2039,1.44,
16,18,0,0,2048,0.64,
16,6,20,0,2028,1.6,
16,29,1,1,2040,1.12,
16,19,0,0,2048,0.96,
16,17,0,0,2048,0.8,
16,11,28,0,2036,1.12,
16,21,16,0,2022,1.6,
17,13,18,0,2024,0.96,
16,16,20,0,2026,1.76,
16,6,32,0,2044,1.44,
16,21,1,1,2020,0.64,
16,13,4,0,2018,1.44,
16,7,0,1,2036,1.28,
16,21,4,0,2018,1.6,
16,1,10,0,2024,0.64,
17,27,17,0,2031,1.28,
16,15,0,1,2024,0.48,
16,9,27,0,2043,0.8,
16,16,0,0,2048,1.12,
16,15,0,1,2036,1.12,
16,17,27,0,2041,0.8,
16,16,29,0,2043,1.12,
17,19,7,0,2021,1.44,
16,17,9,0,2023,1.44,
16,13,2,0,2014,1.44,
16,22,13,0,2027,1.6,
16,19,18,0,2032,1.28,
16,18,0,0,2048,2.08,
16,16,22,0,2036,1.92,
16,2,17,0,2029,0.64,
17,17,0,0,2048,1.92,
16,37,6,0,2016,1.6,
16,18,8,0,2018,1.12,
16,19,0,0,2048,1.12,
16,18,12,0,2022,1.6,
16,19,9,0,2019,0.64,
16,17,11,0,2021,1.44,
16,17,13,0,2023,0.48,
17,17,32,0,2042,1.76,
16,16,0,0,2048,0.8,
16,13,1,1,2026,0.64,
16,7,0,1,2020,0.96,
16,11,0,0,2048,0.48,
16,26,31,0,2041,1.6,
16,1,33,0,2043,1.6,
16,31,0,1,2032,0.48,
17,12,0,1,2027,0.8,
16,13,0,0,2048,0.96,
16,7,0,0,2048,0.96,
16,16,3,0,2015,1.28,
16,19,19,0,2033,0.96,
16,4,7,0,2019,1.76,
16,30,23,0,2037,1.44,
17,5,11,0,2023,1.28,
16,26,17,0,2031,0.64,
16,2,19,0,2033,1.28,
16,34,0,0,2048,1.28,
16,11,16,0,2030,0.8,
16,23,11,0,2025,1.12,
16,8,20,0,2034,1.44,
16,27,0,1,2042,0.8,
17,19,0,0,2048,1.6,
16,17,29,0,2041,1.12,
16,20,0,0,2048,1.28,
16,0,0,0,2048,1.6,
16,41,0,0,2048,1.76,
16,17,2,0,2041,0.32,
16,6,26,0,2041,0.8,
16,26,31,0,2045,0.96,
17,18,0,0,2048,0.48,
16,16,16,0,2022,1.76,
16,14,0,1,2025,1.44,
16,7,0,0,2048,0.48,
16,21,0,0,2048,0.96,
16,14,25,0,2035,2.08,
16,18,15,0,2029,1.44,
16,15,0,1,2036,1.12,
17,15,0,1,2032,0.64,
16,2,33,0,2043,1.44,
16,19,31,0,2045,1.28,
16,12,26,0,2040,1.44,
16,14,0,1,2041,0.96,
16,15,2,0,2016,0.32,
16,21,4,0,2018,0.48,
17,15,0,0,2048,0.96,
16,8,9,0,2021,0.8,
16,20,13,0,2027,1.44,
16,11,0,0,2048,1.12,
16,22,1,0,2019,0.8,
16,4,2,0,2015,0.16,
16,30,21,0,2035,1.6,
16,1,28,0,2042,0.96,
17,33,9,0,2021,0.48,
16,17,0,0,2048,1.6,
16,1,0,0,2048,1.12,
16,36,0,0,2048,0.96,
16,8,32,0,2044,1.76,
16,32,0,0,2048,0.8,
16,16,23,0,2035,0.96,
16,17,17,0,2031,0.96,
17,1,0,0,2048,0.96,
16,22,21,0,2035,1.76,
16,32,9,0,2019,0.8,
16,16,0,0,2048,1.12,
16,16,27,0,2041,1.28,
16,6,19,0,2046,1.28,
16,25,0,0,2048,1.6,
16,9,0,1,2040,1.44,
17,22,0,0,2048,0.96,
16,13,10,0,2024,1.12,
16,11,0,1,2028,1.12,
16,13,0,1,2025,0.64,
16,10,22,0,2034,0.64,
16,18,15,0,2044,1.44,
16,4,26,0,2038,0.96,
17,23,0,1,2037,0.64,
16,7,0,1,2033,1.76,
16,20,0,1,2023,0.64,
16,20,0,1,2039,0.96,
16,15,1,0,2015,0.96,
16,0,0,0,2048,0.96,
16,28,0,0,2048,2.56,
16,18,0,0,2048,2.24,
17,0,0,0,2048,2.24,
16,31,0,0,2048,1.6,
16,20,4,0,2018,1.44,
16,21,6,0,2020,1.12,
16,14,13,0,2027,1.44,
16,27,29,0,2044,2.08,
16,19,11,0,2011,1.28,
16,9,19,0,2033,1.76,
17,25,15,0,2015,1.6,
16,1,0,0,2048,0.64,
16,32,0,0,2048,1.28,
16,17,0,0,2048,0.96,
16,1,0,1,2029,0.64,
16,31,0,0,2048,0.64,
16,16,28,0,2034,0.48,
16,12,0,1,2046,1.12,
17,17,30,0,2047,1.76,
16,5,1,0,2037,0.64,
16,26,0,0,2048,0.96,
16,8,0,1,2040,0.8,
16,13,0,0,2017,0.96,
16,9,0,1,2025,1.6,
16,19,0,0,2032,1.44,
17,5,23,0,2035,0.64,
16,20,10,0,2024,1.12,
16,11,27,0,2039,0.96,
16,20,29,0,2041,0.48,
16,4,31,0,2043,0.8,
16,21,0,0,2048,1.44,
16,24,30,0,2044,1.12,
16,7,32,0,2046,1.12,
17,28,15,0,2029,0.8,
16,18,1,0,2046,1.28,
16,5,0,1,2040,1.28,
16,33,13,0,2026,0.96,
16,20,0,0,2048,1.44,
16,20,17,0,2028,0.48,
16,2,2,0,2014,1.12,
16,36,22,0,2032,1.92,
17,20,13,0,2017,0.96,
16,17,26,0,2036,1.28,
16,10,0,1,2045,1.12,
16,24,0,0,2048,0.64,
16,19,0,0,2048,1.12,
16,12,23,0,2046,0.96,
16,18,8,0,2020,2.24,
16,3,0,0,2048,1.28,
17,25,30,0,2034,1.28,
16,16,14,0,2026,1.28,
16,7,0,1,2034,1.12,
16,20,0,0,2048,1.6,
16,16,0,0,2048,1.44,
16,12,0,0,2023,1.44,
16,11,0,0,2048,1.28,
17,7,27,0,2041,1.6,
16,18,3,0,2015,1.28,
16,19,0,0,2048,0.8,
16,17,0,0,2048,0.32,
16,16,0,0,2048,1.12,
16,10,0,1,2026,1.28,
16,20,0,0,2048,0.96,
16,16,0,0,2048,1.12,
17,21,0,0,2048,0.8,
16,19,15,0,2047,1.6,
16,8,0,0,2048,1.44,
16,26,26,0,2040,1.28,
16,10,0,0,2048,0.96,
16,27,30,0,2044,0.96,
16,6,18,0,2032,1.28,
16,34,32,0,2044,0.64,
17,20,20,0,2032,1.76,
16,8,15,0,2029,0.96,
16,27,17,0,2031,0.64,
16,19,8,0,2016,1.12,
16,1,0,0,2048,0.64,
16,32,0,0,2048,1.28,
16,17,1,0,2021,1.44,
16,0,27,0,2041,1.44,
17,13,7,0,2022,0.64,
16,30,0,1,2042,0.64,
16,13,0,1,2037,0.64,
16,4,0,1,2034,0.32,
16,23,16,0,2030,0.96,
16,10,1,0,2028,0.48,
16,8,0,0,2048,0.64,
17,9,0,0,2048,1.6,
16,21,0,0,2048,0.64,
16,11,23,0,2034,1.28,
16,13,0,1,2043,0.48,
16,18,0,1,2031,1.44,
16,13,0,1,2018,1.12,
16,14,1,0,2015,0.8,
16,17,0,1,2019,1.76,
17,15,17,0,2031,1.12,
16,1,19,0,2033,0.96,
16,32,21,0,2035,0.96,
16,15,0,0,2048,1.76,
16,22,0,0,2048,2.24,
16,9,8,0,2020,1.44,
16,11,0,0,2048,1.12,
16,38,20,0,2034,1.44,
17,21,11,0,2009,0.48,
16,18,0,0,2048,1.28,
16,19,15,0,2013,1.28,
16,18,24,0,2036,1.6,
16,9,19,0,2017,0.96,
16,23,21,0,2019,1.28,
16,16,0,0,2048,1.92,
16,17,0,0,2048,0.96,
17,17,0,0,2048,0.64,
16,10,33,0,2045,1.44,
16,18,0,0,2048,0.48,
16,12,0,1,2045,1.28,
16,17,1,0,2035,1.12,
16,3,0,0,2048,0.96,
16,11,1,0,2015,0.48,
17,24,0,1,2032,0.96,
16,0,0,1,2022,0.64,
16,24,7,0,2021,0.96,
16,13,9,0,2021,0.8,
16,15,0,0,2048,1.28,
16,3,0,0,2048,0.8,
16,33,31,0,2043,1.6,
16,14,18,0,2030,1.44,
17,12,12,0,2024,1.92,
16,24,4,0,2017,1.44,
16,2,7,0,2019,1.44,
16,36,8,0,2020,0.64,
16,8,10,0,2022,0.8,
16,24,13,0,2025,1.28,
16,19,15,0,2027,1.6,
16,22,4,0,2027,0.8,
17,18,26,0,2036,0.96,
16,19,1,1,2039,1.12,
16,0,32,0,2044,1.6,
16,42,25,0,2037,1.12,
16,17,34,0,2045,1.12,
16,17,2,1,2036,0.96,
16,2,20,0,2028,0.64,
16,33,11,0,2019,1.28,
17,12,1,0,2032,1.28,
16,13,15,0,2023,1.76,
16,13,0,0,2048,0.96,
16,14,16,0,2026,0.32,
16,16,18,0,2028,1.44,
16,15,20,0,2030,1.92,
16,17,22,0,2032,1.44,
17,10,12,0,2044,1.28,
16,16,0,0,2018,1.6,
16,15,20,0,2045,1.6,
16,7,0,0,2048,0.8,
16,26,0,0,2048,1.28,
16,10,0,0,2048,2.24,
16,16,9,0,2023,1.28,
16,13,0,0,2048,0.96,
17,15,13,0,2028,1.28,
16,7,0,0,2048,0.64,
16,32,0,0,2048,0.96,
16,16,32,0,2047,0.8,
16,14,0,0,2048,0.96,
16,28,32,0,2046,0.64,
16,19,0,0,2048,1.12,
16,18,1,0,2024,0.96,
17,0,17,0,2031,0.64,
16,33,19,0,2033,0.96,
16,0,16,0,2024,0.64,
16,34,0,0,2048,0.64,
16,16,20,0,2028,1.28,
16,16,27,0,2041,1.12,
16,9,4,0,2018,1.12,
16,29,26,0,2034,0.8,
17,1,0,0,2048,1.28,
16,29,32,0,2045,1.28,
16,11,3,0,2016,1.28,
16,23,10,0,2022,1.6,
16,13,12,0,2024,1.12,
16,3,0,0,2048,0.96,
16,23,12,0,2024,1.44,
17,13,14,0,2026,1.76,
16,6,15,0,2028,1.28,
16,17,18,0,2030,1.12,
16,14,20,0,2032,1.28,
16,0,0,0,2048,1.12,
16,30,0,0,2048,0.64,
16,3,0,0,2048,0.96,
16,26,0,0,2048,0.96,
17,18,0,0,2048,0.48,
16,3,6,0,2020,0.8,
16,30,0,0,2048,2.24,
16,15,12,0,2022,1.12,
16,15,0,0,2048,0.64,
16,18,0,0,2048,0.8,
16,15,25,0,2040,1.6,
16,6,27,0,2042,1.6,
17,37,1,1,2022,1.44,
16,9,11,0,2021,1.44,
16,33,0,0,2048,1.28,
16,20,12,0,2012,1.6,
16,18,17,0,2027,0.96,
16,6,16,0,2016,1.76,
16,24,0,1,2042,0.8,
16,4,0,0,2048,0.8,
17,27,0,0,2048,0.8,
16,15,0,1,2030,1.12,
16,7,26,0,2026,1.6,
16,8,0,0,2048,1.28,
16,24,31,0,2031,1.12,
16,6,1,0,2041,1.28,
16,20,0,0,2048,1.12,
17,3,0,1,2041,1.28,
16,27,0,1,2037,1.28,
16,8,2,0,2016,0.48,
16,17,0,1,2028,1.12,
16,13,0,0,2048,1.76,
16,5,1,0,2021,0.8,
16,25,10,0,2025,1.28,
16,13,33,0,2045,1.28,
17,17,15,0,2029,1.28,
16,19,21,0,2035,1.28,
16,0,23,0,2037,1.28,
16,37,24,0,2038,0.96,
16,20,0,0,2048,1.76,
16,1,12,0,2022,1.28,
16,40,17,0,2029,1.12,
16,21,0,0,2048,1.28,
17,18,12,0,2047,1.28,
16,19,17,0,2027,1.44,
16,9,18,0,2030,0.32,
16,24,0,0,2048,0.48,
16,5,26,0,2036,0.8,
16,30,0,0,2048,1.44,
16,4,1,0,2046,0.8,
16,29,29,0,2039,1.44,
17,14,34,0,2044,1.44,
16,19,33,0,2045,1.28,
16,15,1,1,2033,0.96,
16,7,1,0,2022,0.48,
16,17,0,0,2048,0.8,
16,13,1,0,2024,0.96,
16,9,12,0,2026,1.12,
17,14,0,0,2048,1.28,
16,8,0,0,2048,0.8,
16,21,0,0,2048,1.28,
16,9,0,0,2048,1.28,
16,20,30,0,2042,0.8,
16,16,25,0,2039,0.8,
16,1,30,0,2046,1.28,
16,32,0,0,2048,1.44,
17,17,0,0,2048,0.8,
16,19,0,0,2048,1.12,
16,0,0,0,2048,1.12,
16,36,0,0,2048,0.8,
16,18,17,0,2031,0.48,
16,0,2,0,2014,0.8,
16,39,19,0,2033,0.96,
16,20,3,0,2047,2.24,
17,0,24,0,2038,2.24,
16,38,0,0,2048,1.12,
16,18,0,0,2048,1.12,
16,18,29,0,2043,1.28,
16,19,31,0,2041,1.12,
16,7,4,0,2016,1.6,
16,25,16,0,2026,0.64,
16,16,16,0,2045,1.28,
17,13,0,0,2048,1.6,
16,2,1,0,2032,1.6,
16,28,0,1,2029,0.8,
16,0,26,0,2036,0.8,
16,25,28,0,2038,0.8,
16,7,37,0,2041,1.44,
16,15,0,1,2017,1.76,
17,0,0,0,2048,1.12,
16,13,7,0,2021,1.44,
16,29,9,0,2023,1.12,
16,1,11,0,2026,1.44,
16,29,0,0,2048,1.28,
16,15,13,0,2027,0.8,
16,2,15,0,2029,0.64,
16,28,0,1,2040,1.6,
17,7,0,0,2048,1.6,
16,26,8,0,2022,0.64,
16,1,26,0,2040,1.12,
16,34,6,0,2020,1.44,
16,19,1,1,2025,0.96,
16,22,0,0,2048,0.48,
16,22,18,0,2032,1.44,
16,23,34,0,2044,0.8,
17,20,0,0,2048,1.28,
16,5,7,0,2046,2.08,
16,28,20,0,2034,1.76,
16,13,0,0,2048,1.6,
16,19,0,1,2026,0.96,
16,16,0,0,2048,1.92,
16,12,32,0,2046,1.12,
16,12,1,0,2015,0.64,
17,19,13,0,2025,0.32,
16,1,5,0,2020,0.32,
16,21,7,0,2022,1.28,
16,19,10,0,2024,0.64,
16,12,21,0,2033,0.64,
16,4,15,0,2029,0.8,
16,16,17,0,2031,0.64,
17,13,11,0,2037,0.48,
16,12,0,0,2048,1.28,
16,18,0,0,2048,1.6,
16,8,24,0,2038,1.92,
16,10,1,2,2021,1.76,
16,30,0,1,2017,1.12,
16,3,0,0,2048,1.12,
16,36,16,0,2030,2.08,
17,19,2,1,2019,1.28,
16,18,15,0,2027,1.76,
16,18,0,0,2048,1.28,
16,4,19,0,2031,1.6,
16,33,1,0,2017,1.6,
16,19,24,0,2034,1.28,
16,19,20,0,2030,0.96,
16,1,22,0,2032,0.64,
17,42,9,0,2021,1.44,
16,18,26,0,2038,1.76,
16,21,0,0,2048,1.12,
16,12,15,0,2046,0.96,
16,23,0,0,2048,1.92,
16,13,28,0,2038,1.12,
16,15,21,0,2034,1.76,
16,5,0,1,2043,1.6,
17,24,0,1,2040,1.12,
16,5,13,0,2021,0.96,
16,20,1,0,2021,1.12,
16,9,17,0,2026,1.12,
16,18,1,0,2015,1.6,
16,1,1,0,2024,0.96,
16,27,6,0,2018,0.32,
17,6,8,0,2020,1.12,
16,14,13,0,2042,1.76,
16,17,0,1,2039,1.12,
16,15,0,0,2048,0.64,
16,11,1,0,2029,0.96,
16,17,20,0,2034,1.12,
16,15,0,0,2048,1.12,
16,5,0,1,2017,1.28,
17,31,0,0,2048,1.12,
16,20,0,1,2028,1.12,
16,10,20,0,2034,1.44,
16,30,0,0,2048,1.28,
16,20,17,0,2031,1.28,
16,9,25,0,2039,1.92,
16,29,16,0,2030,0.96,
16,3,0,0,2048,1.12,
17,38,19,0,2031,1.44,
16,19,5,0,2013,1.44,
16,16,23,0,2035,1.12,
16,18,0,1,2041,0.96,
16,5,27,0,2027,1.12,
16,32,1,0,2030,1.28,
16,16,0,1,2026,0.32,
16,15,0,1,2022,1.44,
17,10,0,0,2017,0.96,
16,4,1,0,2015,0.96,
16,23,22,0,2027,1.12,
16,13,25,0,2029,1.44,
16,13,0,1,2033,0.96,
16,13,31,0,2035,1.76,
16,12,33,0,2038,1.28,
17,12,35,0,2040,1.76,
16,1,38,0,2042,1.28,
16,21,0,0,2048,1.6,
16,10,10,0,2024,1.6,
16,0,12,0,2026,1.44,
16,28,4,0,2018,0.8,
16,18,6,0,2021,0.96,
16,0,0,0,2048,0.64,
17,38,11,0,2025,1.44,
16,6,0,0,2048,1.28,
16,32,15,0,2029,0.96,
16,16,0,0,2043,0.96,
16,20,19,0,2033,2.08,
16,1,1,0,2036,1.28,
16,37,20,0,2034,1.76,
16,14,0,1,2022,1.28,
17,20,27,0,2041,0.64,
16,5,23,0,2025,1.12,
16,39,7,0,2013,1.6,
16,21,28,0,2028,1.6,
16,15,29,0,2031,0.48,
16,2,0,0,2048,1.92,
16,31,34,0,2034,2.4,
16,7,36,0,2036,0.96,
17,21,0,1,2028,0.64,
16,12,0,0,2048,1.12,
16,5,0,0,2048,1.12,
16,15,0,0,2048,0.8,
16,0,0,0,2048,0.64,
16,19,8,0,2023,0.64,
16,7,3,0,2017,0.64,
17,25,0,0,2048,0.96,
16,2,33,0,2035,1.28,
16,25,34,0,2042,0.64,
16,13,37,0,2039,0.64,
16,17,10,0,2025,0.48,
16,17,13,0,2027,0.8,
16,16,0,0,2024,1.12,
16,1,9,0,2023,0.96,
17,32,19,0,2033,1.12,
16,17,23,0,2037,1.12,
16,23,29,0,2047,0.48,
16,21,9,0,2009,0.8,
16,23,0,0,2048,1.44,
16,20,12,0,2017,1.12,
16,11,16,0,2014,0.64,
16,30,0,0,2048,2.08,
17,17,27,0,2041,1.6,
16,1,0,0,2048,1.44,
16,35,0,0,2048,0.8,
16,14,0,0,2048,1.6,
16,7,1,0,2015,1.76,
16,16,2,0,2016,1.6,
16,13,5,0,2019,1.28,
16,16,35,0,2033,1.44,
17,16,0,0,2048,1.28,
16,13,10,0,2024,1.28,
16,8,39,0,2039,0.32,
16,10,7,0,2021,1.12,
16,9,16,0,2030,0.96,
16,12,0,1,2033,1.44,
16,16,1,0,2030,1.12,
17,13,4,0,2018,1.44,
16,11,6,0,2020,1.76,
16,21,0,1,2018,1.44,
16,2,10,0,2025,1.44,
16,29,3,0,2015,1.44,
16,19,5,0,2017,2.08,
16,10,16,0,2030,1.28,
16,30,0,0,2048,0.64,
17,20,12,0,2016,1.44,
16,16,15,0,2021,1.12,
16,25,0,0,2048,0.8,
16,23,18,0,2022,1.44,
16,22,21,0,2028,1.28,
16,21,0,0,2048,0.96,
16,21,24,0,2028,0.8,
16,16,28,0,2034,1.12,
17,16,0,0,2048,0.8,
16,18,0,0,2048,1.28,
16,19,17,0,2017,0.8,
16,0,36,0,2042,1.12,
16,31,31,0,2043,0.96,
16,5,0,0,2048,0.32,
16,17,1,0,2034,0.64,
16,19,1,0,2031,1.28,
17,16,6,0,2020,1.12,
16,14,31,0,2032,1.44,
16,5,34,0,2034,1.28,
16,17,19,0,2027,0.64,
16,10,0,0,2048,0.48,
16,6,23,0,2031,0.96,
16,12,19,0,2033,0.96,
17,10,3,0,2015,0.8,
16,26,0,0,2048,0.8,
16,16,0,0,2048,0.8,
16,15,0,0,2048,1.44,
16,18,0,0,2048,1.28,
16,21,31,0,2045,0.96,
16,1,4,0,2039,1.6,
16,35,7,0,2047,0.8,
17,15,20,0,2032,1.44,
16,20,14,0,2018,0.96,
16,21,22,0,2036,0.8,
16,22,3,0,2016,0.48,
16,20,26,0,2041,1.12,
16,22,10,0,2008,1.44,
16,22,14,0,2018,0.64,
16,23,33,0,2047,1.6,
17,9,30,0,2038,1.28,
16,20,4,0,2015,0.64,
16,15,2,0,2016,0.8,
16,6,4,0,2018,0.96,
16,21,27,0,2020,2.08,
16,4,29,0,2031,0.96,
16,19,0,1,2018,0.48,
16,1,33,0,2035,2.08,
17,17,0,0,2048,0.8,
16,14,0,0,2048,1.6,
16,11,1,0,2016,0.8,
16,5,9,0,2023,0.8,
16,24,0,1,2024,1.44,
16,11,0,1,2019,0.96,
16,7,0,0,2048,0.8,
17,14,1,0,2015,0.96,
16,18,3,0,2017,1.44,
16,1,19,0,2034,0.8,
16,34,22,0,2036,1.44,
16,18,10,0,2024,1.44,
16,2,0,0,2048,0.8,
16,40,14,0,2028,1.44,
16,4,16,0,2031,0.48,
17,42,0,0,2048,0.64,
16,21,9,2,2034,1.6,
16,21,6,1,2038,0.64,
16,18,0,0,2048,0.96,
16,8,27,0,2041,1.12,
16,26,0,0,2048,0.96,
16,18,0,0,2048,0.16,
16,21,30,0,2047,1.6,
17,12,6,0,2018,0.48,
16,9,0,0,2048,0.48,
16,27,0,0,2048,0.64,
16,3,16,0,2028,1.6,
16,28,0,1,2026,1.6,
16,3,20,0,2032,0.96,
16,19,0,1,2018,0.96,
16,10,0,0,2048,1.6,
17,11,0,0,2048,0.32,
16,4,5,0,2019,1.12,
16,18,27,0,2039,0.64,
16,14,0,0,2048,0.64,
16,15,31,0,2043,1.6,
16,15,0,0,2048,0.64,
16,12,10,0,2024,0.32,
17,23,32,0,2044,0.96,
16,20,0,0,2048,0.8,
16,17,4,0,2046,2.24,
16,18,8,0,2020,1.12,
16,0,0,0,2048,1.6,
16,37,0,0,2048,0.64,
16,20,0,0,2048,0.64,
16,21,27,0,2041,0.8,
17,24,27,0,2047,1.12,
16,2,0,0,2048,0.96,
16,44,32,0,2046,1.28,
16,14,12,0,2016,1.12,
16,24,0,0,2048,1.28,
16,12,0,0,2048,1.28,
16,21,0,0,2048,1.76,
16,8,9,0,2017,1.6,
17,7,30,0,2034,0.96,
16,28,13,0,2021,1.12,
16,14,15,0,2023,0.32,
16,0,36,0,2040,0.32,
16,24,37,0,2042,1.12,
16,10,24,0,2042,0.8,
16,7,13,0,2027,1.12,
16,16,0,0,2048,1.12,
17,6,0,0,2036,0.96,
16,6,0,1,2023,0.96,
16,16,0,0,2048,0.64,
16,7,0,1,2031,0,
16,19,0,1,2028,0.8,
16,17,0,1,2024,1.44,
16,0,12,0,2026,1.44,
17,32,14,0,2028,1.12,
16,18,0,0,2048,1.28,
16,3,18,0,2032,0.64,
16,32,0,0,2048,1.6,
16,1,0,0,2048,1.76,
16,40,0,0,2048,1.28,
16,21,16,0,2030,1.92,
16,22,17,0,2031,1.92,
17,23,27,0,2042,1.28,
16,24,32,0,2046,1.28,
16,20,23,0,2033,1.28,
16,19,23,0,2047,1.28,
16,18,7,0,2026,1.76,
16,17,0,0,2048,1.12,
16,3,29,0,2020,1.12,
16,30,31,0,2022,1.28,
17,2,0,1,2046,1.12,
16,19,0,0,2048,0.96,
16,10,5,0,2019,1.28,
16,14,39,0,2029,1.44,
16,1,0,1,2036,1.44,
16,23,43,0,2033,1.28,
16,11,0,1,2030,1.44,
16,6,0,1,2027,1.28,
17,9,13,0,2027,0.8,
16,14,4,0,2018,0.96,
16,3,0,0,2048,0.8,
16,17,0,1,2015,0.8,
16,11,2,0,2016,0.8,
16,16,0,0,2048,1.44,
16,19,7,0,2021,1.12,
17,21,9,0,2023,0.32,
16,0,11,0,2025,1.6,
16,43,0,0,2048,0.8,
16,20,15,0,2029,1.12,
16,1,17,0,2031,1.6,
16,39,0,0,2048,0.8,
16,19,0,0,2048,0.48,
16,20,1,1,2023,0.32,
17,21,29,0,2047,0.16,
16,21,0,0,2048,0.32,
16,9,29,0,2032,0.32,
16,38,10,0,2019,1.28,
16,1,0,0,2048,1.76,
16,37,36,0,2038,0.96,
16,15,0,0,2048,1.28,
16,10,24,0,2019,0.96,
17,8,16,0,2041,0.64,
16,15,21,0,2013,1.76,
16,11,0,0,2048,1.12,
16,0,0,1,2015,1.12,
16,18,1,0,2021,1.12,
16,9,31,0,2044,0.64,
16,0,13,0,2044,0.64,
16,18,1,0,2016,1.12,
17,13,11,0,2025,1.76,
16,1,0,0,2020,1.76,
16,19,15,0,2029,0.8,
16,1,1,0,2015,0.96,
16,27,3,0,2017,2.24,
16,0,0,0,2048,1.12,
16,33,0,0,2048,0.8,
17,21,1,0,2016,1.12,
16,21,0,0,2048,2.24,
16,5,29,0,2044,0.16,
16,42,26,0,2040,0.96,
16,25,0,0,2048,1.28,
16,7,3,2,2041,0.8,
16,37,32,0,2046,1.92,
16,22,0,0,2048,1.12,
17,21,29,0,2023,0.8,
16,0,3,0,2047,1.28,
16,38,33,0,2023,0.48,
16,18,35,0,2043,1.76,
16,0,0,0,2048,1.28,
16,28,0,0,2048,1.12,
16,5,0,0,2048,1.12,
16,22,0,0,2048,0.64,
17,2,0,1,2032,0.64,
16,18,9,0,2023,0.96,
16,8,0,1,2028,1.28,
16,0,0,1,2026,0.8,
16,17,0,1,2023,0.96,
16,1,44,0,2024,1.28,
16,19,0,1,2022,0.64,
16,5,0,0,2048,1.28,
17,16,29,0,2039,0.8,
16,13,15,0,2027,0.64,
16,5,25,0,2030,0.32,
16,31,27,0,2045,0.16,
16,22,0,0,2048,0.96,
16,20,5,0,2012,0.64,
16,22,6,0,2021,0.96,
17,21,15,0,2023,0.8,
16,21,17,0,2027,1.12,
16,23,10,0,2008,1.28,
16,24,21,0,2029,1.76,
16,21,24,0,2032,1.44,
16,20,25,0,2001,0.96,
16,21,28,0,2034,1.6,
16,21,30,0,2038,1.28,
17,19,0,0,2048,0.96,
16,22,35,0,2043,0.64,
16,24,36,0,2040,1.28,
16,0,0,0,2048,1.28,
16,17,0,0,2048,1.44,
16,11,42,0,2026,1.6,
16,11,0,1,2032,1.12,
16,7,0,0,2048,1.12,
17,15,6,0,2020,1.12,
16,4,0,0,2048,1.12,
16,12,0,1,2022,0.8,
16,3,3,0,2032,0.96,
16,16,0,1,2023,0.96,
16,0,1,0,2015,0.48,
16,18,0,0,2048,0.8,
16,12,1,0,2015,0.8,
17,0,1,0,2019,0.64,
16,30,25,0,2039,0.8,
16,19,0,0,2048,1.76,
16,20,4,0,2024,1.44,
16,21,31,0,2045,0.8,
16,21,0,0,2048,0.64,
16,24,14,0,2008,0.96,
17,6,17,0,2024,0.96,
16,39,0,0,2048,1.6,
16,24,22,0,2030,1.28,
16,22,25,0,2029,1.6,
16,23,0,0,2048,1.44,
16,23,30,0,2036,1.44,
16,22,31,0,2035,1.12,
16,18,0,0,2048,1.12,
17,1,13,0,2024,1.6,
16,34,37,0,2039,2.08,
16,11,10,0,2043,1.92,
16,4,0,0,2024,1.12,
16,6,0,1,2030,0.48,
16,18,0,0,2048,0.96,
16,4,35,0,2034,0.64,
16,5,1,0,2024,0.64,
17,12,12,0,2024,0.48,
16,4,0,1,2019,0.64,
16,11,1,0,2022,1.92,
16,8,0,1,2020,0.8,
16,2,20,0,2032,0.64,
16,10,1,0,2019,1.12,
16,7,1,0,2016,0.8,
16,18,1,0,2015,1.12,
17,23,0,0,2048,1.6,
16,0,7,0,2014,1.28,
16,44,11,0,2012,1.28,
16,21,0,0,2048,0.8,
16,0,16,0,2018,0.8,
16,44,19,0,2017,1.44,
16,21,0,0,2048,1.6,
17,21,22,0,2030,1.76,
16,2,25,0,2029,1.28,
16,43,0,0,2048,2.08,
16,23,28,0,2037,1.28,
16,2,31,0,2035,0.96,
16,43,0,0,2048,0.8,
16,22,35,0,2043,0.8,
16,21,38,0,2042,0.64,
17,15,13,0,2026,0.48,
16,5,42,0,2010,0,
16,9,0,0,2048,0.8,
16,8,0,0,2036,1.44,
16,6,0,1,2034,0.48,
16,7,4,0,2018,0.64,
16,12,19,0,2017,0.8,
16,3,0,0,2048,1.12,
17,14,0,0,2048,0.8,
16,12,45,0,2024,0.8,
16,3,1,0,2023,0.8,
16,13,9,0,2023,0.96,
16,8,59,0,2016,1.12,
16,6,1,0,2015,1.28,
16,30,0,0,2048,1.92,
16,22,17,0,2032,1.28,
17,25,13,0,2017,1.92,
16,23,29,0,2043,1.44,
16,24,21,0,2011,0.64,
16,23,23,0,2019,0.8,
16,20,8,1,2045,0.32,
16,20,27,0,2018,1.44,
16,24,29,0,2025,0.96,
17,5,48,0,2032,1.12,
16,36,22,0,2006,0.48,
16,22,0,0,2048,1.12,
16,24,54,0,2038,1.44,
16,20,28,0,2012,1.28,
16,23,0,0,2048,1.28,
16,14,61,0,2045,0.48,
16,3,34,0,2018,0.8,
17,7,0,0,2048,0.96,
16,12,31,0,2005,0.48,
16,6,40,0,2024,1.12,
16,13,42,0,2026,1.44,
16,4,44,0,2028,1.12,
16,12,0,1,2024,0.16,
16,4,1,0,2022,1.12,
16,6,0,0,2048,1.28,
17,20,0,1,2035,0.96,
16,5,5,0,2019,1.28,
16,20,3,0,2017,1.12,
16,18,51,0,2025,0.8,
16,27,3,1,2023,1.6,
16,22,9,0,2023,0.96,
16,17,15,0,2029,1.28,
16,7,17,0,2005,1.44,
17,40,19,0,2017,1.92,
16,0,0,0,2048,0.8,
16,44,24,0,2018,0.8,
16,18,26,0,2022,1.44,
16,26,0,0,2048,1.12,
16,26,32,0,2022,1.76,
16,25,35,0,2025,1.44,
17,19,0,0,2048,1.44,
16,17,33,0,2041,0.48,
16,4,24,0,2040,0.48,
16,20,43,0,2033,0.96,
16,1,45,0,2013,0.48,
16,12,48,0,2002,0.48,
16,11,14,0,2035,0.48,
16,10,1,0,2034,1.12,
17,5,53,0,2021,1.12,
16,10,0,0,2048,2.24,
16,18,0,1,2025,1.28,
16,5,0,0,2048,3.36,
16,15,25,0,2024,0.8,
16,5,1,0,2020,2.4,
16,15,1,0,2015,0.8,
16,21,14,0,2028,0.64,
17,4,8,0,2017,1.76,
16,41,11,0,2017,1.28,
16,5,0,0,2048,1.76,
16,45,20,0,2018,1.76,
16,23,23,0,2017,1.44,
16,21,0,0,2048,1.28,
16,23,28,0,2022,0.64,
16,20,29,0,2024,1.12,
17,20,0,0,2048,1.12,
16,18,6,0,2038,1.12,
16,16,0,0,2048,0.64,
16,22,39,0,2031,1.76,
16,20,40,0,2020,1.76,
16,20,0,0,2048,1.12,
16,17,11,1,2008,1.28,
17,12,46,0,2026,1.44,
16,10,0,0,2048,1.12,
16,10,0,1,2023,0.48,
16,6,1,0,2029,0.8,
16,11,1,0,2031,0.8,
16,5,0,0,2048,1.12,
16,12,0,0,2048,1.12,
16,4,33,0,2021,1.12,
17,20,0,1,2021,1.44,
16,12,0,0,2048,1.12,
16,14,1,1,2016,0.8,
16,22,0,0,2048,1.6,
16,22,9,0,2015,2.08,
16,19,11,0,2015,1.28,
16,21,0,0,2048,0.8,
16,18,15,0,2021,0.96,
17,20,10,0,2033,0.16,
16,21,19,0,2025,0.48,
16,21,21,0,2033,1.12,
16,5,10,0,2008,1.28,
16,36,26,0,2032,2.24,
16,30,28,0,2039,1.28,
16,24,30,0,2000,2.56,
16,21,32,0,2038,1.28,
17,20,34,0,2042,1.12,
16,18,0,0,2048,1.6,
16,0,2,2,2040,1.28,
16,23,41,0,2011,1.28,
16,10,0,0,2048,1.92,
16,5,0,0,2038,1.12,
16,18,1,0,2025,1.12,
17,6,0,1,2022,1.6,
16,12,51,0,2021,1.28,
16,7,53,0,2023,1.28,
16,11,52,0,2025,0.48,
16,7,0,1,2024,0.96,
16,12,0,0,2048,1.28,
16,1,0,1,2020,1.28,
16,18,0,0,2048,0.8,
17,16,2,0,2016,0.8,
16,20,1,1,2014,1.76,
16,23,8,0,2020,1.6,
16,23,20,0,2034,1.76,
16,21,16,0,2012,1.12,
16,24,18,0,2022,0.8,
16,20,26,0,2040,0.64,
16,2,22,0,2018,1.44,
17,42,28,0,2042,1.6,
16,22,27,0,2035,0.96,
16,20,0,0,2048,0.8,
16,25,14,0,2047,1.44,
16,3,33,0,2041,1.6,
16,39,0,0,2048,1.76,
16,20,6,1,2017,1.6,
16,15,9,1,2040,0.96,
17,17,0,0,2048,1.6,
16,6,37,0,2038,1.6,
16,12,0,1,2035,1.6,
16,4,21,0,2015,0.8,
16,10,1,0,2015,1.44,
16,7,0,0,2048,1.6,
16,15,27,0,2021,1.28,
17,5,0,0,2048,0.8,
16,6,0,0,2023,1.12,
16,23,11,0,2026,0.8,
16,1,0,0,2048,0.8,
16,11,37,0,2032,0.64,
16,21,1,0,2015,1.12,
16,20,0,0,2048,0.64,
16,2,38,0,2040,0.48,
17,40,11,0,2012,0.96,
16,21,0,0,2048,1.28,
16,20,16,0,2020,1.92,
16,20,19,0,2017,2.08,
16,21,0,0,2048,2.08,
16,23,22,0,2026,1.28,
16,0,25,0,2023,0.64,
16,46,0,0,2048,0.96,
17,3,9,2,2042,1.28,
16,38,30,0,2038,1.28,
16,23,0,0,2048,0.96,
16,4,15,1,2005,1.76,
16,39,30,0,2044,1.12,
16,10,0,0,2048,1.76,
16,9,26,0,1999,0.8,
16,14,0,0,2048,1.44,
17,7,0,0,2048,0.8,
16,7,1,0,2037,0.8,
16,9,0,0,2026,1.12,
16,8,1,0,2024,0.8,
16,8,39,0,2011,1.44,
16,10,41,0,2023,0.48,
16,3,0,0,2017,0.48,
17,3,45,0,2017,0.96,
16,18,4,0,2018,0.8,
16,2,1,0,2019,1.12,
16,21,0,0,2048,1.6,
16,5,1,0,2016,1.76,
16,23,6,0,2012,1.28,
16,25,8,0,2016,0.8,
16,21,23,0,2037,0.96,
17,1,14,0,2006,1.28,
16,45,0,0,2048,1.92,
16,25,21,0,2019,1.12,
16,24,24,0,2008,1.76,
16,25,0,0,2048,2.4,
16,9,30,0,2022,1.28,
16,39,32,0,2012,1.6,
16,2,0,0,2048,1.28,
17,40,36,0,2038,0.64,
16,18,38,0,2032,1.12,
16,17,0,0,2048,1.12,
16,16,14,0,2041,0.48,
16,12,41,0,2036,0.8,
16,1,23,0,2037,0.8,
16,17,1,0,2035,0.32,
16,8,0,0,2035,0.64,
17,11,0,0,2048,1.28,
16,6,0,1,2026,1.28,
16,13,1,0,2015,0.96,
16,4,3,0,2017,0.96,
16,15,5,0,2019,1.28,
16,4,1,0,2021,1.28,
16,20,1,0,2016,1.6,
17,17,11,0,2025,0.48,
16,24,7,0,2021,0.96,
16,18,0,0,2048,1.6,
16,29,17,0,2031,1.6,
16,22,20,0,2020,1.44,
16,21,0,0,2048,1.28,
16,23,24,0,2038,0.96,
16,0,26,0,2027,0.96,
17,38,0,0,2048,0.8,
16,18,23,0,2006,0.64,
16,19,31,0,2026,1.12,
16,19,33,0,2031,0.32,
16,2,0,0,2048,1.28,
16,41,14,0,2016,0.8,
16,22,0,0,2048,1.12,
16,19,42,0,2034,1.44,
17,7,31,0,2038,0.96,
16,9,40,0,2022,1.44,
16,16,0,0,2048,1.12,
16,1,0,0,2048,1.12,
16,23,0,1,2032,0.96,
16,12,48,0,2030,1.6,
16,12,8,0,2022,1.28,
16,12,31,0,2031,2.24,
17,7,0,1,2020,0.8,
16,18,31,0,2023,0.8,
16,16,1,1,2024,1.6,
16,19,6,0,2018,1.12,
16,20,8,0,2020,1.92,
16,19,9,0,2013,0.64,
16,19,12,0,2024,0.64,
17,23,0,0,2048,0.64,
16,19,16,0,2027,1.12,
16,20,18,0,2028,1.12,
16,23,0,0,2048,0.96,
16,20,23,0,2033,1.6,
16,20,24,0,2034,0.96,
16,24,0,0,2048,1.6,
16,20,29,0,2039,2.88,
17,9,16,0,2000,1.44,
16,36,0,0,2048,1.6,
16,20,25,0,2011,0.48,
16,13,26,0,2002,0.8,
16,3,0,0,2048,1.12,
16,24,0,1,2036,0.48,
16,2,0,1,2033,1.28,
16,22,0,0,2048,1.12,
17,10,0,1,2031,1.12,
16,5,0,0,2048,0.8,
16,6,0,1,2023,1.12,
16,7,0,1,2021,0.48,
16,12,1,0,2015,0.8,
16,0,0,0,2048,0.8,
16,19,30,0,2033,1.44,
16,8,0,0,2048,0.96,
17,15,0,0,2048,0.96,
16,12,0,0,2048,0.96,
16,15,0,0,2048,0.64,
16,1,9,0,2023,1.28,
16,36,0,2,2020,1.6,
16,6,0,0,2048,1.28,
16,40,12,0,2014,0.64,
17,23,14,0,2020,0.96,
16,23,0,0,2048,1.28,
16,24,21,0,2035,0.8,
16,24,26,0,2022,0.8,
16,23,0,0,2048,1.76,
16,23,30,0,2038,1.6,
16,21,33,0,2027,1.6,
16,19,0,0,2048,0.8,
17,9,5,0,2022,0.8,
16,23,10,0,2010,0.8,
16,13,0,0,2048,0.96,
16,18,43,0,2033,1.92,
16,2,0,0,2048,2.08,
16,18,1,0,2032,0.8,
16,4,0,1,2029,0.8,
16,8,0,0,2035,1.12,
17,16,0,0,2048,0.8,
16,7,18,0,2029,1.12,
16,11,21,0,2031,1.28,
16,5,0,0,2048,0.8,
16,20,0,1,2018,1.6,
16,5,0,0,2048,1.44,
16,19,2,0,2016,1.44,
16,0,3,0,2015,1.28,
17,45,9,0,2017,0.48,
16,26,0,0,2048,0.64,
16,0,24,0,2036,0.64,
16,39,18,0,2022,2.08,
16,19,0,0,2048,0.64,
16,20,30,0,2042,1.12,
16,8,24,0,2028,1.44,
17,35,25,0,2033,1.28,
16,11,14,0,2012,0.8,
16,29,17,0,2019,1.44,
16,0,31,0,2039,0.48,
16,40,20,0,2018,1.28,
16,21,23,0,2025,0.96,
16,22,21,0,2044,0.96,
16,17,26,0,2024,1.12,
17,12,0,0,2048,1.44,
16,10,23,0,2009,1.76,
16,11,0,0,2048,1.76,
16,1,26,0,2014,0.48,
16,17,0,1,2029,1.44,
16,16,31,0,2019,0.8,
16,3,0,0,2048,0.96,
16,17,0,0,2040,1.12,
17,10,4,0,2018,0.96,
16,11,39,0,2027,0.48,
16,7,8,0,2022,1.12,
16,22,10,0,2024,0.96,
16,15,18,0,2032,1.6,
16,19,20,0,2034,0.32,
16,15,0,0,2048,1.28,
16,2,4,0,2012,0.96,
17,37,15,0,2029,1.28,
16,5,1,1,2020,1.76,
16,39,30,0,2044,0.96,
16,22,17,0,2021,0.96,
16,26,21,0,2023,0.8,
16,22,3,0,2040,1.44,
16,22,26,0,2024,1.12,
17,20,0,0,2048,0.48,
16,14,31,0,2021,1.12,
16,29,32,0,2013,1.12,
16,1,0,0,2048,0.8,
16,28,36,0,2034,0.48,
16,14,40,0,2018,0.64,
16,15,37,0,2040,0.8,
16,5,0,0,2048,1.12,
17,15,0,1,2023,1.12,
16,7,26,0,2035,0.8,
16,9,12,0,2035,0.8,
16,10,1,0,2015,0.8,
16,4,0,1,2031,0.8,
16,14,0,1,2028,1.92,
16,9,37,0,2031,1.44,
16,12,6,0,2020,0.8,
17,16,0,1,2023,0.96,
16,9,1,0,2018,1.12,
16,18,1,0,2015,1.28,
16,23,33,0,2045,0.64,
16,22,0,0,2048,1.6,
16,20,11,0,2017,0.32,
16,21,7,0,2029,0.96,
16,22,0,0,2048,0.32,
17,22,17,0,2025,0.8,
16,21,21,0,2025,2.4,
16,24,25,0,2009,0.96,
16,23,25,0,2030,0.64,
16,11,27,0,2031,1.28,
16,29,31,0,2015,1.12,
16,19,32,0,2036,1.44,
17,19,0,0,2048,1.28,
16,3,36,0,2038,2.24,
16,34,37,0,2042,1.12,
16,13,0,0,2048,0.48,
16,5,6,0,2042,0.48,
16,10,0,0,2048,1.44,
16,14,0,1,2038,1.28,
16,16,1,0,2034,0.96,
17,3,0,0,2048,1.28,
16,20,0,0,2048,1.92,
16,7,0,0,2048,0.64,
16,8,20,0,2032,1.28,
16,10,0,1,2024,0.64,
16,11,1,0,2017,0.64,
16,19,2,0,2016,0.8,
16,17,0,0,2048,0.48,
17,23,6,0,2016,1.12,
16,20,9,0,2013,1.92,
16,19,0,0,2048,1.12,
16,21,13,0,2021,0.96,
16,20,15,0,2019,1.28,
16,19,18,0,2030,0.64,
16,21,19,0,2031,1.28,
16,22,22,0,2028,1.28,
17,21,23,0,2035,1.28,
16,20,0,0,2048,1.44,
16,22,27,0,2038,1.44,
16,21,29,0,2041,1.28,
16,26,0,0,2048,1.44,
16,24,34,0,2044,0.96,
16,18,21,0,2046,1.44,
17,6,0,0,2048,1.6,
16,19,0,0,2048,0.96,
16,4,0,0,2048,1.28,
16,16,0,1,2039,1.12,
16,4,0,1,2023,0.96,
16,12,0,1,2022,1.12,
16,0,0,0,2025,1.12,
16,9,0,0,2048,0.64,
17,3,0,1,2028,0.64,
16,8,19,0,2035,0.64,
16,10,0,0,2023,0.48,
16,7,0,0,2021,0.48,
16,4,0,1,2019,0.48,
16,15,12,0,2027,0.48,
16,8,0,0,2048,0.48,
16,6,13,0,2029,0.96,
17,24,0,0,2048,0.48,
16,20,4,0,2016,0.8,
16,23,9,0,2015,2.4,
16,24,0,0,2048,2.08,
16,26,17,0,2015,1.6,
16,24,21,0,2015,0.96,
16,27,0,0,2048,0.96,
16,25,28,0,2016,1.12,
17,6,30,0,2024,1.44,
16,38,0,0,2048,1.44,
16,12,35,0,2035,0.96,
16,11,36,0,2030,1.28,
16,33,0,0,2048,0.96,
16,10,29,0,2040,1.6,
16,26,41,0,2037,1.76,
17,5,0,1,2039,1.44,
16,20,0,1,2015,0.96,
16,0,0,0,2048,1.6,
16,18,28,0,2014,1.12,
16,0,0,0,2048,0.32,
16,17,0,1,2030,0.32,
16,5,0,0,2048,0.96,
16,14,0,0,2016,0.64,
17,11,0,1,2024,0.8,
16,15,10,0,2024,1.6,
16,14,0,1,2018,0.96,
16,17,1,0,2015,1.12,
16,26,0,0,2048,0.32,
16,16,13,0,2013,1.28,
16,27,17,0,2011,1.6,
16,23,0,0,2048,0.8,
17,16,24,0,2038,1.76,
16,23,23,0,2033,0.8,
16,19,0,0,2048,1.44,
16,20,30,0,2045,2.08,
16,19,0,0,2048,1.12,
16,2,0,0,2048,1.44,
16,35,1,0,2015,1.44,
16,22,5,0,2015,1.6,
17,1,37,0,2031,0.32,
16,40,0,0,2048,1.44,
16,16,41,0,2037,0.8,
16,18,39,0,2037,0.8,
16,1,0,0,2048,0.8,
16,22,8,0,2012,1.28,
16,12,10,0,2015,1.6,
17,16,19,0,2021,0.64,
16,15,15,0,2019,0.64,
16,6,37,0,2039,0.64,
16,16,25,0,2027,0.8,
16,13,23,0,2041,1.12,
16,18,34,0,2039,1.12,
16,21,1,0,2034,1.12,
16,19,33,0,2035,1.12,
17,16,4,1,2014,1.12,
16,20,0,0,2048,0.96,
16,20,14,0,2028,1.44,
16,18,1,0,2021,0.96,
16,17,14,0,2020,1.12,
16,23,16,0,2018,1.76,
16,14,29,0,2047,0.48,
16,26,21,0,2027,0.64,
17,20,13,0,2019,0.96,
16,21,24,0,2026,0.8,
16,23,5,1,2014,0.8,
16,14,29,0,2035,0.48,
16,33,30,0,2033,0.96,
16,16,22,0,2004,1.12,
16,7,25,0,2011,1.44,
16,21,0,0,2048,1.12,
17,0,0,0,2040,1.28,
16,22,24,0,2041,0.48,
16,0,34,0,2040,1.12,
16,21,0,1,2034,0.48,
16,10,30,0,2043,1.28,
16,7,39,0,2025,0.32,
16,11,40,0,2038,0.96,
17,7,0,0,2048,0.8,
16,14,0,1,2023,0.96,
16,7,0,0,2039,1.12,
16,6,0,1,2018,1.12,
16,12,0,1,2028,1.28,
16,6,3,0,2017,1.28,
16,23,6,0,2031,1.76,
16,3,24,0,2038,2.08,
17,27,2,0,2016,0.48,
16,19,0,0,2048,1.44,
16,14,0,0,2048,0.64,
16,34,11,0,2015,1.28,
16,24,17,0,2017,1.12,
16,0,0,0,2048,1.6,
16,44,20,0,2019,0.48,
16,20,23,0,2024,0.64,
17,18,0,0,2048,1.28,
16,19,13,0,2007,0.48,
16,21,29,0,2043,0.48,
16,10,0,0,2048,1.6,
16,31,19,0,2013,0.48,
16,16,0,1,2045,0.8,
16,16,37,0,2035,1.12,
16,9,0,1,2038,0.8,
17,20,38,0,2039,1.6,
16,11,33,0,2038,1.12,
16,7,0,1,2037,0.64,
16,4,0,1,2035,1.12,
16,8,0,0,2036,2.24,
16,13,0,1,2034,1.28,
16,5,40,0,2034,1.6,
17,19,1,0,2029,2.08,
16,13,37,0,2037,1.12,
16,6,22,0,2037,1.28,
16,18,11,0,2025,1.28,
16,11,0,0,2048,0.96,
16,19,12,0,2026,0.96,
16,19,6,0,2016,1.6,
16,20,16,0,2030,1.28,
17,21,11,0,2026,1.28,
16,23,0,0,2048,0.8,
16,25,14,0,2026,0.64,
16,26,20,0,2030,2.08,
16,22,0,0,2048,1.76,
16,22,24,0,2029,1.76,
16,22,26,0,2036,1.76,
16,21,0,0,2048,2.08,
17,8,31,0,2025,1.76,
16,24,3,0,2033,2.56,
16,20,0,1,2018,1.28,
16,17,36,0,2042,1.28,
16,17,1,0,2015,0.96,
16,4,3,0,2016,1.92,
16,23,0,0,2048,2.72,
16,1,1,0,2037,1.76,
17,23,14,0,2024,1.12,
16,6,16,0,2026,1.76,
16,11,1,0,2028,1.28,
16,4,0,0,2048,0.64,
16,16,0,0,2048,1.12,
16,2,0,0,2048,1.6,
16,22,3,0,2018,1.28,
17,5,24,0,2036,2.4,
16,21,0,0,2048,0.8,
16,17,4,0,2016,0.64,
16,22,12,0,2026,2.4,
16,23,0,0,2048,1.76,
16,0,12,0,2020,2.08,
16,38,18,0,2032,0.8,
16,18,0,0,2048,1.12,
17,18,0,1,2016,0.8,
16,21,24,0,2038,0.96,
16,20,22,0,2030,0.96,
16,17,28,0,2042,1.44,
16,28,0,0,2048,0.48,
16,21,28,0,2037,0.8,
16,23,13,1,2046,0.32,
16,15,0,0,2048,0.8,
17,26,21,0,2027,1.28,
16,14,23,0,2017,0.48,
16,14,2,1,2041,1.92,
16,13,0,0,2048,0.96,
16,6,10,0,2014,0.64,
16,18,31,0,2027,1.76,
16,5,0,0,2026,0.96,
16,16,35,0,2030,1.28,
17,12,0,0,2021,1.12,
16,10,0,1,2018,1.44,
16,3,42,0,2036,0.96,
16,16,31,0,2038,0.96,
16,3,9,0,2023,0.96,
16,10,3,0,2017,1.12,
16,20,13,0,2027,0.64,
17,0,15,0,2029,0.64,
16,30,9,0,2023,0.48,
16,17,0,1,2019,0.96,
16,19,10,0,2025,0.48,
16,0,5,0,2015,0.48,
16,39,0,0,2048,0.16,
16,21,17,0,2031,1.12,
16,25,11,1,2020,0.48,
17,24,0,0,2048,0.96,
16,23,25,0,2039,0.96,
16,24,24,0,2002,0.8,
16,21,0,0,2048,0.96,
16,16,31,0,2045,0.48,
16,25,31,0,2009,0.48,
16,4,0,0,2048,0.64,
16,31,5,0,2033,0.8,
17,2,36,0,2032,0.8,
16,29,39,0,2035,0.96,
16,13,41,0,2037,1.28,
16,0,37,0,2038,1.44,
16,18,0,0,2048,1.76,
16,5,47,0,2025,0.48,
16,9,0,0,2048,0.32,
16,10,6,0,2020,0.64,
17,7,38,0,2029,2.08,
16,10,10,0,2024,0.48,
16,14,39,0,2029,0.8,
16,7,14,0,2028,0.64,
16,15,43,0,2033,0.8,
16,5,0,1,2017,0.16,
16,21,2,0,2016,0.48,
17,21,0,0,2048,0.64,
16,21,7,1,2022,1.28,
16,21,11,0,2017,0.8,
16,21,0,0,2048,0.96,
16,23,13,0,2009,0.16,
16,24,17,0,2023,0.8,
16,19,0,0,2048,0.32,
16,4,23,0,2011,1.28,
17,45,25,0,2031,0.96,
16,8,0,0,2048,0.96,
16,27,2,0,2032,1.6,
16,19,31,0,2037,0.8,
16,21,2,0,2014,1.44,
16,11,0,0,2048,1.44,
16,31,37,0,2025,2.08,
16,16,34,0,2042,1.12,
17,3,0,0,2048,1.28,
16,18,22,0,2023,1.6,
16,13,45,0,2034,0.8,
16,9,1,0,2035,0.8,
16,9,25,0,2023,0.32,
16,13,0,0,2048,0.64,
16,7,33,0,2033,0.8,
16,6,31,0,2029,0.8,
17,11,1,0,2017,0.48,
16,8,0,1,2021,1.12,
16,7,0,1,2019,0.48,
16,19,39,0,2037,0.48,
16,16,0,0,2048,0.8,
16,18,5,0,2014,0.64,
16,12,11,0,2025,0.64,
17,22,0,0,2048,1.28,
16,24,0,1,2023,1.44,
16,0,0,0,2048,1.12,
16,39,6,0,2014,0.8,
16,23,22,0,2036,2.24,
16,22,0,0,2048,1.44,
16,21,17,0,2015,1.12,
16,25,28,0,2042,1.76,
17,27,0,0,2048,0.32,
16,1,31,0,2021,1.28,
16,45,34,0,2040,1.76,
16,18,0,0,2048,0.48,
16,19,37,0,2027,1.28,
16,7,6,0,2043,0.32,
16,12,42,0,2022,0.8,
16,4,0,0,2048,1.12,
17,10,1,0,2036,0.96,
16,16,48,0,2028,0.32,
16,3,0,1,2030,0.96,
16,12,1,0,2031,1.76,
16,6,11,0,2025,0.64,
16,11,3,0,2030,0.64,
16,8,0,0,2021,0.64,
16,3,18,0,2032,0.48,
17,10,20,0,2035,0.96,
16,10,0,1,2018,1.44,
16,18,0,0,2048,0.96,
16,0,7,0,2021,0.96,
16,42,7,0,2021,0.8,
16,25,0,0,2048,1.44,
16,24,16,0,2024,1.6,
17,20,11,2,2040,1.12,
16,24,0,0,2048,1.44,
16,15,23,0,2019,1.28,
16,26,4,1,2016,0.96,
16,20,0,0,2048,1.12,
16,21,30,0,2026,0.48,
16,24,16,0,2008,1.76,
16,26,0,0,2048,0.48,
17,0,36,0,2034,0.48,
16,38,8,1,2035,0.48,
16,19,0,0,2048,0.8,
16,14,35,0,2039,0.48,
16,4,6,0,2010,1.76,
16,6,0,1,2030,1.76,
16,11,0,0,2048,1.28,
16,9,0,0,2033,0.32,
17,6,0,1,2022,0.64,
16,14,41,0,2029,1.12,
16,3,0,1,2026,1.76,
16,18,0,1,2016,0.8,
16,4,0,0,2048,0.96,
16,9,24,0,2028,0.64,
16,16,0,0,2048,0.64,
16,5,2,0,2016,0.8,
17,30,8,0,2022,1.76,
16,20,12,0,2026,0.96,
16,4,0,0,2048,1.76,
16,42,23,0,2037,2.24,
16,22,19,0,2033,0.8,
16,3,0,0,2048,0.48,
16,38,29,0,2043,0.96,
17,23,22,0,2018,1.12,
16,8,0,0,2048,0.8,
16,36,26,0,2034,0.96,
16,22,28,0,2024,1.44,
16,24,0,0,2048,1.12,
16,20,32,0,2040,1.28,
16,17,34,0,2030,2.56,
16,20,0,0,2048,1.76,
17,14,25,0,2043,1.6,
16,2,39,0,2007,0.8,
16,21,41,0,2009,0.8,
16,5,12,0,2013,1.12,
16,3,3,0,2038,0.32,
16,15,0,0,2048,1.76,
16,7,0,1,2033,0.96,
16,14,0,0,2048,1.6,
17,4,39,0,2019,0.8,
16,6,0,0,2048,1.28,
16,10,43,0,2023,0.8,
16,10,37,0,2024,1.28,
16,10,0,0,2048,0.96,
16,17,0,0,2048,0.64,
16,20,10,0,2024,1.28,
16,22,7,0,2016,1.28,
17,24,0,0,2048,1.44,
16,21,13,0,2027,0.64,
16,20,17,0,2015,1.12,
16,22,0,0,2048,1.76,
16,21,21,0,2033,1.6,
16,11,23,0,2021,1.28,
16,31,0,0,2048,1.92,
17,22,26,0,2032,1.6,
16,23,25,1,1990,1.44,
16,25,31,0,2035,1.12,
16,23,34,0,2037,2.08,
16,20,36,0,1992,1.6,
16,16,37,0,2041,1.28,
16,17,26,0,2041,0.8,
16,3,42,0,1998,1.12,
17,16,0,0,2048,1.12,
16,5,4,0,2038,0.96,
16,11,49,0,2029,0.8,
16,12,0,1,2029,0.32,
16,5,1,0,2031,0.96,
16,7,1,0,2025,0.32,
16,12,56,0,2012,0.64,
16,6,13,0,2027,0.96,
17,12,0,1,2023,0.8,
16,5,0,0,2048,0.8,
16,12,0,0,2048,1.12,
16,3,22,0,2036,0.64,
16,31,33,0,2035,1.12,
16,23,10,0,2018,1.44,
16,25,0,0,2048,1.76,
16,26,35,0,2041,1.76,
17,0,20,0,2015,1.76,
16,43,0,0,2048,1.12,
16,18,8,1,2035,1.6,
16,22,27,0,2021,1.12,
16,10,0,0,2048,1.6,
16,34,11,1,2004,1.92,
16,22,33,0,2027,0.64,
17,24,33,0,2040,0.8,
16,11,35,0,2041,1.76,
16,32,38,0,2024,0.8,
16,14,13,0,2043,1.28,
16,17,6,0,2034,0.96,
16,5,45,0,2031,0.32,
16,7,0,0,2048,1.12,
16,9,40,0,2012,1.12,
17,5,0,1,2033,1.28,
16,7,0,1,2031,1.44,
16,9,1,0,2016,0.64,
16,2,2,0,2016,1.44,
16,11,0,0,2048,1.44,
16,14,0,1,2024,0.8,
16,9,8,0,2022,0.48,
16,11,10,0,2025,0.96,
17,6,3,0,2017,1.28,
16,24,0,0,2048,1.12,
16,23,0,0,2048,0.32,
16,27,9,0,2008,1.76,
16,21,13,0,2020,0.96,
16,24,0,0,2048,0.64,
16,0,22,0,2008,0.48,
16,44,23,0,2023,1.92,
17,24,29,0,2043,0.48,
16,25,31,0,2045,1.12,
16,24,34,0,2022,1.44,
16,12,14,0,2041,0.64,
16,27,9,0,2030,1.44,
16,18,40,0,2028,1.12,
16,20,42,0,2034,1.28,
17,7,41,0,2036,1.28,
16,23,35,0,2035,0.8,
16,12,0,0,2048,1.12,
16,4,4,0,2031,2.24,
16,14,27,0,2032,1.44,
16,5,0,0,2048,0.96,
16,10,20,0,2022,1.12,
16,4,0,1,2026,0.64,
17,17,22,0,2026,1.12,
16,4,26,0,2028,1.6,
16,17,0,0,2021,0.48,
16,12,0,0,2048,0.48,
16,18,4,0,2016,1.28,
16,23,0,0,2048,0.8,
16,25,11,0,2025,0.32,
16,14,16,0,2014,1.28,
17,34,0,0,2048,1.28,
16,20,23,0,2015,1.12,
16,18,25,0,2039,2.08,
16,10,0,0,2048,1.28,
16,23,0,0,2048,1.12,
16,22,3,0,2013,1.6,
16,26,7,0,2015,0.96,
16,21,35,0,2029,0.32,
17,22,37,0,2041,1.28,
16,21,39,0,2031,1.12,
16,21,0,0,2048,1.6,
16,10,12,0,2025,1.44,
16,19,35,0,2036,1.92,
16,5,0,0,2048,0.96,
16,7,1,0,2036,0.48,
17,8,1,0,2033,0.48,
16,20,0,1,2030,1.76,
16,9,1,0,2027,1.12,
16,16,0,0,2048,0.48,
16,13,0,0,2048,0.64,
16,15,1,0,2018,0.64,
16,11,0,1,2015,1.12,
16,10,5,0,2015,0.96,
17,28,22,0,2032,0.64,
16,18,10,0,2018,1.44,
16,10,13,0,2019,0.48,
16,30,0,0,2048,0.64,
16,19,16,0,2024,0.64,
16,22,20,0,2035,1.28,
16,24,0,0,2048,1.76,
16,20,22,0,2031,0.96,
17,18,27,0,2041,2.4,
16,20,0,0,2048,2.08,
16,9,0,0,2048,0.48,
16,33,28,0,2022,0.48,
16,18,33,0,2039,0.96,
16,26,31,0,2025,0.8,
16,20,35,0,2029,0.96,
16,12,15,0,2043,0.48,
17,6,0,0,2048,0.16,
16,21,0,1,2034,1.44,
16,8,0,0,2048,0.96,
16,11,1,0,2024,1.44,
16,12,0,0,2048,0.16,
16,13,0,0,2048,1.28,
16,3,30,0,2032,1.12,
17,12,23,0,2023,1.12,
16,6,4,0,2018,1.12,
16,14,0,0,2048,0.64,
16,3,29,0,2029,1.28,
16,29,31,0,2031,1.44,
16,16,33,0,2033,1.28,
16,6,12,0,2026,0.64,
16,33,0,0,2048,1.12,
17,0,0,0,2048,1.6,
16,38,3,0,2013,1.76,
16,20,19,0,2031,0.96,
16,22,0,0,2048,1.44,
16,2,15,0,2013,0.96,
16,44,25,0,2037,0.96,
16,20,0,0,2048,0.64,
16,30,26,0,2015,0.64,
17,0,30,0,2026,1.12,
16,43,0,0,2048,1.6,
16,19,12,1,2017,1.44,
16,13,36,0,2032,1.12,
16,17,0,1,2035,1.6,
16,13,35,0,2041,1.44,
16,13,9,0,2017,1.6,
16,7,1,0,2024,1.6,
17,12,0,0,2048,0.8,
16,1,0,0,2048,0.16,
16,16,17,0,2025,0.96,
16,2,12,0,2026,0.64,
16,14,0,1,2030,1.76,
16,7,0,0,2048,0.96,
16,11,3,0,2017,0.8,
17,10,21,0,2035,0.96,
16,13,23,0,2037,0.48,
16,6,9,0,2023,1.28,
16,30,0,0,2048,1.12,
16,23,29,0,2043,1.6,
16,22,11,0,2011,0.96,
16,20,0,0,2048,1.6,
16,25,8,2,2043,1.28,
17,21,22,0,2036,1.6,
16,2,20,0,2027,0.64,
16,40,24,0,2038,1.76,
16,23,28,0,2042,1.76,
16,22,27,0,2033,1.12,
16,23,30,0,2044,1.12,
16,19,17,0,2047,1.44,
16,17,33,0,2039,1.6,
17,17,5,0,2011,0.64,
16,4,7,0,2013,1.12,
16,30,22,0,2043,1.76,
16,8,0,0,2048,0.8,
16,5,0,0,2048,0.8,
16,16,0,0,2048,0.8,
16,13,0,1,2037,0.64,
16,13,47,0,2019,0.96,
17,13,49,0,2021,1.12,
16,2,0,0,2048,1.92,
16,19,0,1,2026,0.64,
16,9,46,0,2026,1.12,
16,9,0,0,2048,1.6,
16,11,17,0,2031,0.96,
16,17,1,1,2023,1.12,
17,20,0,0,2048,2.08,
16,24,8,0,2011,1.12,
16,23,11,0,2025,1.76,
16,23,0,0,2048,0.96,
16,22,16,0,2016,1.6,
16,18,19,0,2029,1.76,
16,21,0,0,2048,1.44,
16,10,22,0,2022,2.72,
17,26,26,0,2036,0.8,
16,19,26,0,2024,1.44,
16,22,30,0,2034,1.28,
16,23,0,0,2048,0.16,
16,22,32,0,2030,1.12,
16,21,36,0,2040,1.12,
16,19,0,0,2048,1.44,
16,10,39,0,2037,0.48,
17,14,25,0,2019,0.32,
16,11,0,1,2038,0.8,
16,5,10,0,2039,1.28,
16,15,31,0,2025,1.44,
16,9,7,0,2021,1.28,
16,6,0,0,2048,1.28,
16,16,37,0,2031,1.12,
16,11,13,0,2027,0.64,
17,2,41,0,2035,0.8,
16,18,17,0,2031,1.44,
16,10,0,0,2017,0.64,
16,3,21,0,2035,1.6,
16,24,1,0,2020,0.32,
16,8,20,0,2034,1.12,
16,28,1,1,2019,1.28,
17,20,11,0,2025,1.12,
16,22,0,0,2048,1.12,
16,24,12,0,2027,0.96,
16,23,17,0,2031,1.12,
16,21,0,0,2048,0.96,
16,1,21,0,2031,0.8,
16,42,23,0,2037,0.96,
16,21,0,0,2048,1.6,
17,22,26,0,2016,1.12,
16,22,30,0,2024,0.48,
16,23,25,0,2005,0.64,
16,22,32,0,2022,1.76,
16,16,36,0,2030,0.96,
16,0,14,0,2045,0.96,
16,23,33,0,2013,1.44,
16,8,35,0,2015,1.12,
17,12,43,0,2033,0.96,
16,8,39,0,2019,0.48,
16,7,41,0,2011,1.44,
16,4,0,1,2034,1.12,
16,12,5,0,2019,1.28,
16,5,7,0,2021,0.8,
16,10,1,0,2027,1.44,
16,9,1,0,2026,1.44,
17,12,0,1,2022,0.64,
16,9,0,0,2021,0.8,
16,6,17,0,2031,0.8,
16,19,0,0,2048,1.44,
16,17,0,0,2048,1.28,
16,25,4,0,2014,1.44,
16,20,0,0,2048,0.96,
17,15,14,0,2026,1.6,
16,34,23,0,2037,1.28,
16,22,0,0,2048,2.56,
16,22,21,0,2031,1.76,
16,21,29,0,2044,2.24,
16,25,0,0,2048,0.96,
16,0,27,0,2038,1.76,
16,41,14,1,2031,0.8,
17,21,31,0,2027,1.76,
16,22,33,0,2035,1.92,
16,20,36,0,2038,0.64,
16,7,37,0,2034,0.64,
16,24,34,0,2041,1.76,
16,0,30,0,2008,1.12,
16,19,31,0,2038,1.44,
16,8,32,0,2036,0.48,
17,11,7,0,2021,1.44,
16,2,0,1,2032,0.96,
16,16,11,0,2025,1.12,
16,8,0,0,2048,0.64,
16,15,0,1,2025,1.76,
16,5,1,0,2025,1.28,
16,15,0,0,2048,1.6,
16,2,13,0,2027,0.64,
17,18,42,0,2030,0.64,
16,16,30,0,2029,1.28,
16,20,8,0,2018,1.12,
16,25,0,0,2048,0.96,
16,22,11,0,2005,1.12,
16,22,14,0,2024,1.12,
16,19,0,0,2048,1.44,
17,22,9,1,2027,1.12,
16,23,21,0,2025,0.64,
16,23,0,0,2048,0.64,
16,20,19,0,1999,0.96,
16,21,27,0,2031,1.12,
16,12,0,0,2048,0.64,
16,28,25,0,2005,1.28,
16,21,34,0,2038,1.28,
17,23,0,0,2048,0.48,
16,19,25,0,2001,1.6,
16,6,38,0,2020,1.6,
16,18,0,0,2042,1.76,
16,5,31,0,2007,0.48,
16,14,0,1,2037,0.48,
16,7,0,0,2048,0.64,
16,9,0,1,2035,1.12,
17,6,0,1,2020,1.28,
16,6,0,1,2018,1.92,
16,7,0,1,2016,0.8,
16,4,2,0,2016,0.8,
16,12,0,0,2048,0.8,
16,4,0,0,2048,1.44,
16,15,8,0,2022,1.12,
16,5,6,0,2020,0.96,
17,19,2,0,2014,0.96,
16,17,14,0,2029,1.12,
16,18,0,0,2048,1.28,
16,22,10,0,2018,1.12,
16,21,21,0,2035,0.32,
16,26,0,0,2048,0.96,
16,27,20,0,2020,1.28,
17,24,24,0,2024,1.44,
16,25,0,0,2048,0.96,
16,25,31,0,2019,1.6,
16,24,34,0,2026,1.28,
16,18,0,0,2048,1.44,
16,24,39,0,2023,2.72,
16,20,40,0,2032,1.12,
16,18,0,0,2048,0.96,
17,4,44,0,2021,0.96,
16,23,44,0,2034,1.6,
16,4,0,0,2048,1.76,
16,11,0,0,2048,0.8,
16,14,4,0,2034,0.48,
16,0,0,0,2048,0.96,
16,13,0,0,2048,1.92,
16,0,15,0,2021,0.8,
17,17,0,1,2025,1.44,
16,1,0,1,2023,0.16,
16,20,0,0,2048,0.8,
16,3,9,0,2023,0.64,
16,27,3,0,2015,1.12,
16,26,35,0,2035,1.6,
16,26,0,0,2048,0.96,
16,24,16,0,2014,1.76,
17,22,20,0,2021,1.76,
16,19,0,0,2048,2.08,
16,22,26,0,2020,1.76,
16,20,29,0,2025,1.92,
16,12,30,0,2018,0.96,
16,28,32,0,2022,0.8,
16,23,35,0,2023,1.6,
17,19,18,0,2045,1.44,
16,20,15,0,2005,0.48,
16,22,2,0,2031,1.44,
16,17,2,0,2024,1.44,
16,15,0,0,2048,0.8,
16,10,36,0,2035,0.8,
16,5,29,0,2034,0.32,
16,17,0,0,2048,0.48,
17,6,16,0,2016,1.44,
16,13,0,0,2048,1.12,
16,11,0,1,2027,1.12,
16,17,21,0,2023,0.96,
16,7,24,0,2024,1.44,
16,21,25,0,2027,0.96,
16,13,0,0,2048,1.12,
16,22,6,0,2014,1.12,
17,9,32,0,2032,1.44,
16,28,33,0,2035,1.92,
16,20,1,1,2032,1.28,
16,17,38,0,2038,0.96,
16,27,36,0,2041,1.6,
16,18,16,0,2003,2.08,
16,23,4,1,2033,1.28,
16,12,4,0,2026,1.44,
17,29,23,0,2019,0.8,
16,22,0,0,2048,0.8,
16,21,29,0,2037,1.28,
16,23,29,0,2025,1.92,
16,21,0,0,2048,1.92,
16,20,35,0,2043,1.6,
16,0,35,0,2031,1.76,
17,25,38,0,2022,1.12,
16,10,27,0,2019,0.96,
16,14,1,0,2036,0.96,
16,9,31,0,2023,0.32,
16,6,0,0,2048,1.28,
16,18,44,0,2032,1.12,
16,10,22,0,2024,0.96,
16,6,24,0,2026,1.76,
17,17,26,0,2028,1.28,
16,7,0,0,2048,0.96,
16,12,15,0,2029,0.8,
16,7,1,0,2020,0.64,
16,25,0,0,2048,1.44,
16,21,37,0,2039,1.44,
16,21,1,0,2020,1.6,
16,16,25,0,2039,1.28,
17,25,15,0,2030,1.28,
16,22,0,0,2048,1.28,
16,21,19,0,2033,0.96,
16,22,22,0,2036,1.92,
16,21,0,0,2048,0.48,
16,21,25,0,2039,1.6,
16,21,28,0,2042,2.08,
16,13,0,0,2048,1.12,
17,29,30,0,2036,0.64,
16,8,31,0,2025,1.6,
16,36,33,0,2027,1.6,
16,1,35,0,2029,1.12,
16,28,37,0,2032,1.12,
16,5,39,0,2034,0.96,
16,10,42,0,2020,1.28,
17,13,38,0,2037,1.12,
16,3,34,0,2016,1.44,
16,9,48,0,2026,0.96,
16,4,50,0,2028,1.44,
16,11,43,0,2029,0.96,
16,2,0,0,2048,0.48,
16,12,44,0,2027,0.48,
16,7,1,0,2023,0.64,
17,18,48,0,2031,0.64,
16,7,0,0,2048,0.8,
16,9,1,0,2015,0.8,
16,9,0,0,2048,1.6,
16,25,4,0,2016,0.8,
16,4,13,0,2027,1.76,
16,39,10,0,2022,0.48,
16,25,0,0,2048,1.28,
17,24,18,0,2008,1.12,
16,25,21,0,2019,1.6,
16,24,0,0,2048,0.96,
16,24,27,0,2012,1.92,
16,22,29,0,2023,1.12,
16,21,0,0,2048,0.64,
16,20,34,0,2018,1.92,
16,17,35,0,2030,1.92,
17,20,0,0,2048,1.12,
16,19,5,0,2012,0.64,
16,20,20,0,2010,1.6,
16,10,0,0,2048,0.96,
16,3,12,0,2018,0.8,
16,18,0,0,2048,0.64,
16,8,1,0,2035,1.12,
17,8,0,1,2030,0.64,
16,8,18,0,2016,0.8,
16,4,1,0,2030,0.8,
16,16,1,0,2028,0.64,
16,4,26,0,2032,0.48,
16,15,0,1,2021,0.8,
16,11,43,0,2033,0.96,
16,13,0,0,2048,0.64,
17,16,10,0,2024,1.28,
16,27,8,0,2016,1.28,
16,21,11,0,2016,2.24,
16,23,16,0,2031,0.64,
16,19,16,0,2022,1.12,
16,13,18,0,2022,2.08,
16,25,23,0,2037,1.28,
16,20,22,0,2028,1.28,
17,2,2,1,2020,0.8,
16,42,26,0,2034,1.12,
16,24,0,0,2048,1.28,
16,24,24,0,2000,1.28,
16,22,32,0,2040,1.28,
16,21,0,0,2048,1.12,
16,25,31,0,2005,1.12,
16,0,20,0,2044,1.12,
17,24,0,0,2048,1.6,
16,0,0,1,2032,1.12,
16,20,0,1,2030,0.8,
16,7,0,0,2048,1.12,
16,16,33,0,2037,1.28,
16,0,46,0,2032,0.96,
16,18,0,0,2048,1.92,
17,3,25,0,2021,1.12,
16,11,1,0,2031,1.12,
16,8,29,0,2025,1.12,
16,4,0,0,2048,1.28,
16,14,1,0,2015,0.16,
16,12,35,0,2031,0.64,
16,19,0,0,2048,0.8,
16,18,7,0,2021,1.12,
17,26,16,0,2030,0.8,
16,24,0,0,2048,1.6,
16,23,17,0,2009,1.28,
16,22,22,0,2036,0.64,
16,20,0,0,2048,1.92,
16,20,23,0,2015,1.28,
16,23,28,0,2042,1.92,
16,22,0,0,2048,2.08,
17,24,29,0,2033,0.96,
16,22,31,0,2045,1.28,
16,25,0,0,2048,0.96,
16,19,35,0,2039,1.76,
16,11,9,0,2031,1.28,
16,20,0,0,2048,0.64,
16,12,0,0,2048,2.56,
16,5,0,0,2048,0.8,
17,10,2,0,2039,0.8,
16,12,48,0,2018,0.32,
16,0,0,1,2033,0.32,
16,17,0,0,2048,0.64,
16,11,0,1,2028,0.48,
16,3,0,0,2048,0.8,
16,13,0,0,2048,0.64,
17,3,11,0,2025,0.32,
16,12,0,0,2048,1.44,
16,5,0,0,2048,0.48,
16,28,1,0,2018,0.96,
16,18,19,0,2034,0.96,
16,25,12,0,2026,0.96,
16,24,14,0,2012,0.96,
16,22,26,0,2040,1.76,
17,23,18,0,2018,1.28,
16,22,16,0,2012,1.6,
16,20,0,0,2048,1.76,
16,20,24,0,2024,1.44,
16,21,18,0,2004,1.12,
16,20,0,0,2048,1.44,
16,22,30,0,2030,1.12,
16,23,24,0,2010,1.12,
17,24,0,0,2048,1.12,
16,17,37,0,2041,1.12,
16,17,29,0,2007,0.48,
16,18,0,0,2048,0.96,
16,1,1,0,2036,0.16,
16,16,0,0,2048,1.12,
16,5,0,1,2037,0.96,
16,10,8,0,2020,0.48,
17,13,41,0,2011,0.96,
16,6,12,0,2024,1.6,
16,16,0,1,2027,0.48,
16,3,47,0,2017,1.12,
16,12,0,0,2048,1.12,
16,12,51,0,2021,1.44,
16,9,5,0,2019,1.28,
17,6,1,0,2015,0.48,
16,28,2,1,2015,1.28,
16,4,0,0,2048,0.64,
16,37,11,0,2019,1.76,
16,23,15,0,2011,1.44,
16,21,0,0,2048,1.44,
16,22,18,0,2024,0.48,
16,21,21,0,2017,0.96,
17,19,0,0,2048,0.48,
16,22,26,0,2040,0.96,
16,8,27,0,2019,0.64,
16,38,0,0,2048,0.8,
16,25,32,0,2046,0.48,
16,24,33,0,2025,0.16,
16,21,0,0,2048,0.96,
16,3,8,0,2027,1.12,
17,28,8,0,2020,1.12,
16,6,0,0,2048,0.48,
16,4,43,0,2036,1.76,
16,20,0,0,2048,1.28,
16,4,48,0,2012,1.28,
16,12,1,0,2035,1.12,
16,9,0,0,2048,0.96,
16,10,1,0,2028,1.12,
17,9,0,1,2026,0.96,
16,6,0,1,2024,1.92,
16,9,0,1,2025,1.28,
16,7,23,0,2033,0.8,
16,6,0,0,2048,0.48,
16,14,2,0,2016,0.96,
16,19,26,0,2040,1.28,
17,8,6,0,2012,0.96,
16,42,12,0,2026,0.8,
16,24,14,0,2016,1.44,
16,21,18,0,2014,1.12,
16,20,20,0,2030,1.28,
16,20,22,0,2020,1.28,
16,22,24,0,2020,1.44,
16,0,26,0,2036,1.44,
17,44,0,0,2048,1.6,
16,24,31,0,2033,1.92,
16,23,32,0,2034,0.96,
16,22,0,0,2048,0.96,
16,22,37,0,2039,0.8,
16,19,38,0,2040,1.44,
16,14,0,0,2048,1.76,
16,6,12,0,2034,1.76,
17,9,0,0,2048,1.92,
16,13,24,0,2004,0.32,
16,0,47,0,2015,0.32,
16,12,28,0,2008,0.64,
16,11,30,0,2010,1.76,
16,4,32,0,2012,0.64,
16,11,1,0,2021,1.12,
16,5,1,0,2019,0.48,
17,6,1,0,2021,0.48,
16,3,1,0,2015,0.64,
16,16,23,0,2023,0.96,
16,17,5,0,2019,1.12,
16,2,4,0,2018,0.96,
16,44,9,0,2015,1.12,
16,23,31,0,2041,0.96,
17,22,0,0,2048,0.8,
16,22,19,0,2031,1.28,
16,20,22,0,2026,1.28,
16,11,0,0,2048,1.92,
16,31,25,0,2037,0.32,
16,22,28,0,2033,0.8,
16,23,0,0,2048,0.64,
16,24,31,0,2043,1.6,
17,25,35,0,2033,1.44,
16,27,0,0,2048,1.28,
16,19,40,0,2030,1.76,
16,14,38,0,2039,1.44,
16,12,0,0,2048,0.96,
16,4,37,0,2035,1.12,
16,5,48,0,2010,1.28,
16,6,10,0,2035,0.64,
17,7,52,0,2014,0.8,
16,16,3,0,2017,1.28,
16,11,0,0,2028,0.64,
16,1,0,0,2048,0.64,
16,17,60,0,2015,0.48,
16,10,63,0,2017,1.28,
16,1,0,0,2048,1.76,
16,17,44,0,2017,0.48,
17,3,0,0,2048,0.96,
16,38,31,0,2033,1.12,
16,24,21,0,2035,1.44,
16,23,0,0,2048,1.28,
16,3,37,0,2039,1.28,
16,48,28,0,2042,1.12,
16,2,0,0,2048,0.8,
17,42,28,0,2022,0.64,
16,19,31,0,2025,1.44,
16,18,0,0,2048,2.08,
16,0,34,0,2028,0.64,
16,39,36,0,2030,1.6,
16,10,39,0,2033,0.8,
16,34,0,0,2048,0.64,
16,10,42,0,2036,1.44,
17,30,41,0,2036,1.28,
16,5,0,0,2048,0.64,
16,12,34,0,2033,1.12,
16,1,0,0,2048,0.8,
16,14,0,0,2048,1.28,
16,2,32,0,2014,0.32,
16,16,0,0,2048,0.96,
16,8,0,0,2048,0.96,
17,0,0,1,2022,0.96,
16,18,0,1,2023,0.8,
16,18,0,0,2048,0.96,
16,6,2,0,2014,0.96,
16,33,8,0,2016,1.44,
16,21,11,0,2015,1.12,
16,21,13,0,2015,0.8,
16,18,15,0,2021,1.92,
17,21,13,0,2006,1.44,
16,4,8,0,2017,0.96,
16,38,0,0,2048,0.96,
16,22,22,0,2010,1.12,
16,22,23,0,2000,0.96,
16,22,0,0,2048,0.8,
16,23,28,0,2016,1.12,
17,24,28,2,2044,0.48,
16,24,0,0,2048,1.12,
16,17,22,0,2045,1.12,
16,16,8,0,2020,0.8,
16,6,0,0,2048,0.64,
16,15,42,0,2014,0.96,
16,7,44,0,2016,1.12,
16,9,0,0,2037,0.48,
17,6,0,0,2048,0.96,
16,22,0,0,2048,1.6,
16,7,0,1,2028,0.8,
16,14,50,0,2026,0.96,
16,9,0,0,2024,0.8,
16,3,0,0,2048,0.8,
16,11,1,0,2024,1.12,
16,8,0,1,2024,1.6,
17,20,4,0,2018,0.64,
16,8,28,0,2039,1.44,
16,31,0,0,2048,0.96,
16,0,23,0,2037,1.44,
16,44,34,0,2045,1.76,
16,21,0,0,2048,1.6,
16,23,29,0,2043,0.64,
16,21,18,1,2012,0,
17,20,0,0,2048,1.6,
16,22,26,0,2032,0.8,
16,21,28,0,2034,0.8,
16,20,30,0,2037,1.44,
16,22,0,0,2048,0.8,
16,25,34,0,2040,0.8,
16,25,36,0,2043,2.24,
17,17,30,0,2042,1.12,
16,13,36,0,2039,1.44,
16,15,3,1,2036,1.6,
16,1,5,0,2039,0.96,
16,13,38,0,2020,0.8,
16,9,0,0,2048,0.8,
16,4,0,0,2048,1.76,
16,9,0,0,2048,1.28,
17,2,0,0,2048,1.12,
16,12,0,0,2048,0.96,
16,5,0,1,2025,0.64,
16,16,0,1,2024,0.64,
16,12,14,0,2031,0.96,
16,5,0,0,2048,0.48,
16,23,0,0,2048,1.12,
16,18,6,0,2014,1.28,
17,20,9,0,2011,0.48,
16,16,0,0,2048,1.28,
16,29,12,0,2004,1.12,
16,26,19,0,2013,1.76,
16,25,0,0,2048,1.12,
16,3,24,0,2004,0.8,
16,46,28,0,2016,1.6,
16,24,0,0,2048,1.44,
17,23,35,0,2043,0.8,
16,6,21,2,2020,1.44,
16,34,0,0,2048,0.96,
16,1,9,1,2027,0.48,
16,32,6,0,2010,0.64,
16,3,2,0,2022,0.8,
16,20,0,1,2016,0.32,
17,8,11,0,2036,0.64,
16,15,7,0,2019,0.32,
16,6,0,1,2032,0.8,
16,11,51,0,2025,0.8,
16,9,0,1,2026,0.48,
16,9,22,0,2026,1.12,
16,10,1,0,2021,1.6,
16,11,26,0,2030,0.96,
17,17,0,0,2048,0.64,
16,15,2,0,2016,0.64,
16,26,8,0,2022,0.32,
16,25,0,0,2048,1.12,
16,24,16,0,2014,1.76,
16,24,19,0,2023,0.96,
16,22,0,0,2048,0.96,
16,22,24,0,2018,1.12,
17,10,27,0,2017,1.28,
16,26,0,0,2048,0.8,
16,10,1,1,2031,1.12,
16,22,34,0,2034,0.64,
16,21,1,0,2015,1.12,
16,25,38,0,2036,1.6,
16,0,8,1,2008,1.12,
16,38,12,0,2016,1.76,
17,18,10,0,2040,0.96,
16,12,0,0,2048,0.8,
16,5,29,0,2035,0.48,
16,9,0,0,2048,1.92,
16,13,25,0,2034,2.4,
16,11,0,0,2048,0.48,
16,9,30,0,2038,0.64,
17,19,0,0,2048,2.24,
16,15,0,0,2048,1.6,
16,15,35,0,2044,1.28,
16,14,37,0,2035,0.96,
16,21,4,0,2014,0.16,
16,20,8,0,2016,1.6,
16,18,0,0,2048,1.28,
16,17,3,1,2035,0.8,
17,5,20,0,2034,0.64,
16,31,1,1,2020,0.32,
16,9,25,0,2039,1.44,
16,34,6,1,2014,1.28,
16,23,12,0,2012,1.6,
16,24,31,0,2046,0.8,
16,22,16,0,2009,1.76,
16,12,19,0,2017,1.12,
17,26,5,1,2036,1.12,
16,0,0,0,2048,0.8,
16,42,35,0,2045,2.08,
16,0,5,1,2010,0.32,
16,30,0,0,2048,1.12,
16,14,0,0,2048,1.76,
16,13,0,0,2048,0.96,
16,12,0,0,2048,1.12,
17,6,0,0,2048,1.28,
16,10,0,0,2048,1.6,
16,20,23,0,2040,0.8,
16,0,4,0,2040,0.8,
16,16,0,1,2033,1.44,
16,7,0,0,2048,0.64,
16,7,0,1,2032,0.64,
17,24,0,1,2028,1.28,
16,16,36,0,2033,1.12,
16,13,0,1,2020,1.12,
16,16,0,0,2048,0.32,
16,16,2,0,2014,1.44,
16,19,5,0,2017,0.8,
16,11,15,0,2029,0.8,
16,28,23,0,2037,1.28,
17,2,1,1,2020,1.28,
16,40,0,0,2048,0.64,
16,16,25,0,2039,0.64,
16,34,20,0,2004,1.92,
16,25,0,0,2048,1.44,
16,22,32,0,2046,0.16,
16,20,29,0,2008,1.6,
16,16,0,0,2048,1.12,
17,15,33,0,2039,0.96,
16,16,0,0,2048,0.32,
16,17,0,0,2048,1.92,
16,15,0,0,2048,0.8,
16,8,23,0,2040,0.48,
16,5,0,1,2038,1.28,
16,9,46,0,2024,1.12,
16,6,0,0,2048,0.8,
17,15,0,1,2033,0.8,
16,7,0,1,2030,0.96,
16,13,33,0,2029,0.96,
16,6,22,0,2029,0.96,
16,15,13,0,2027,1.28,
16,10,0,0,2048,0.32,
16,12,1,0,2023,0.96,
17,5,2,0,2016,1.12,
16,32,7,0,2021,1.44,
16,23,0,0,2048,1.44,
16,22,11,0,2019,1.28,
16,23,13,0,2028,2.24,
16,25,0,0,2048,1.28,
16,22,19,0,2023,0.48,
16,25,24,0,2030,0.48,
17,2,26,0,2026,1.6,
16,34,29,0,2021,1.76,
16,17,0,0,2048,0.8,
16,16,31,0,2031,1.28,
16,16,33,0,2033,0.8,
16,20,36,0,2042,0.8,
16,0,38,0,2038,1.44,
16,32,3,0,2017,1.44,
17,6,43,0,2035,0.96,
16,20,9,0,2040,1.12,
16,4,0,0,2048,0.8,
16,16,10,0,2016,1.12,
16,13,0,0,2048,1.28,
16,12,14,0,2020,1.44,
16,4,16,0,2022,1.92,
16,13,0,1,2025,1.12,
17,7,28,0,2026,1.28,
16,19,24,0,2038,1.28,
16,15,0,0,2023,0.96,
16,19,28,0,2042,0.96,
16,23,6,0,2016,1.92,
16,24,0,0,2048,1.6,
16,22,19,0,2047,0.96,
17,19,35,0,2041,1.28,
16,21,28,0,2042,0.8,
16,0,23,0,2025,0.8,
16,31,24,0,2022,0.48,
16,15,28,0,2030,0.8,
16,7,0,0,2048,0.8,
16,24,30,0,2030,1.12,
16,16,32,0,2032,0.96,
17,24,1,1,2014,1.6,
16,21,0,0,2048,1.44,
16,23,39,0,2032,1.12,
16,17,17,0,2011,0.32,
16,9,0,0,2048,1.28,
16,18,34,0,2036,0.64,
16,4,0,1,2036,1.44,
16,15,0,0,2035,1.28,
17,3,0,0,2048,1.12,
16,17,0,0,2030,1.12,
16,14,31,0,2025,0.96,
16,17,0,0,2048,0.64,
16,15,7,0,2021,0.48,
16,5,1,0,2017,1.28,
16,26,4,0,2014,0.48,
16,19,40,0,2030,0.96,
17,18,15,0,2030,1.6,
16,16,0,0,2048,1.6,
16,9,0,0,2048,1.28,
16,26,14,0,2026,0.48,
16,17,16,0,2029,1.12,
16,18,19,0,2028,0.32,
16,21,2,0,2014,1.6,
17,23,0,0,2048,1.12,
16,24,25,0,2035,1.76,
16,11,18,0,2006,0.48,
16,30,0,0,2048,0.8,
16,20,31,0,2041,1.6,
16,9,24,0,2012,1.76,
16,31,0,0,2048,1.92,
16,11,14,0,2045,1.6,
17,16,1,1,2039,1.28,
16,7,32,0,2024,1.28,
16,25,0,0,2048,1.12,
16,9,21,0,2015,1.92,
16,11,1,0,2042,1.6,
16,16,0,0,2048,1.6,
16,7,42,0,2035,0.96,
16,6,0,0,2048,1.44,
17,10,1,0,2018,1.6,
16,3,0,0,2048,0.48,
16,10,33,0,2033,1.28,
16,23,6,0,2020,0.64,
16,12,37,0,2037,1.92,
16,6,10,0,2024,0.96,
16,25,0,1,2021,0.96,
16,2,3,0,2015,0.64,
17,30,2,1,2032,0.96,
16,20,2,0,2028,1.76,
16,21,10,0,2020,2.08,
16,6,12,0,2026,2.08,
16,40,24,0,2038,1.12,
16,24,0,0,2048,1.6,
16,24,23,0,2027,0.48,
17,23,27,0,2023,1.12,
16,23,0,0,2048,1.92,
16,18,28,0,2047,1.12,
16,16,33,0,2029,1.6,
16,12,34,0,2015,1.12,
16,18,0,0,2048,2.08,
16,15,1,0,2030,1.44,
16,9,1,0,2025,2.08,
17,7,27,0,2038,0.64,
16,20,30,0,2037,1.28,
16,2,0,0,2048,1.12,
16,21,0,1,2036,1.12,
16,11,43,0,2030,0.64,
16,9,0,1,2033,1.76,
16,10,0,0,2048,1.6,
16,10,0,0,2048,0.96,
17,11,0,0,2048,0.96,
16,16,0,1,2021,0.64,
16,14,20,0,2032,0.48,
16,12,0,0,2048,1.44,
16,13,28,0,2040,0.96,
16,39,10,0,2014,1.12,
16,2,0,0,2048,1.28,
16,44,32,0,2046,1.12,
17,19,19,0,2017,2.72,
16,21,20,0,2020,1.12,
16,18,14,0,2006,1.44,
16,18,25,0,2023,1.76,
16,17,18,0,2010,0.96,
16,17,29,0,2031,1.6,
16,20,0,1,2015,1.76,
17,22,31,0,2047,1.6,
16,20,7,0,2013,1.6,
16,20,0,0,2048,1.28,
16,13,5,2,2023,1.44,
16,22,13,0,2020,0.96,
16,5,26,0,2039,0.48,
16,18,0,0,2048,0.64,
16,12,39,0,2031,0.64,
17,8,0,1,2033,1.28,
16,17,0,0,2048,1.12,
16,13,26,0,2032,0.96,
16,7,0,0,2048,0.8,
16,18,33,0,2045,0.8,
16,15,21,0,2029,0.32,
16,18,34,0,2042,1.76,
16,19,1,1,2037,1.92,
17,17,0,0,2048,1.92,
16,6,29,0,2037,0.8,
16,26,0,0,2048,1.92,
16,15,11,0,2023,1.12,
16,25,0,0,2048,1.28,
16,20,0,0,2048,0.8,
16,19,5,0,2016,0.8,
16,18,23,0,2037,0.8,
17,26,0,0,2048,1.12,
16,20,16,0,2028,1.12,
16,18,28,0,2042,1.28,
16,27,0,0,2048,1.12,
16,21,22,0,2034,1.6,
16,9,23,0,2047,0.8,
16,24,13,0,2046,1.12,
17,9,24,0,2030,0.64,
16,18,27,0,2044,1.28,
16,5,28,0,2034,0.8,
16,16,0,1,2031,1.12,
16,7,32,0,2039,0.96,
16,15,0,1,2031,0.32,
16,9,0,0,2048,2.08,
16,14,0,0,2048,1.6,
17,4,0,1,2042,1.6,
16,18,0,0,2040,1.28,
16,12,10,0,2024,2.4,
16,5,0,0,2034,2.4,
16,19,14,0,2028,1.12,
16,6,16,0,2030,1.76,
16,23,0,0,2048,1.28,
16,4,20,0,2034,0.8,
17,25,0,0,2048,0.48,
16,1,14,0,2028,1.6,
16,37,0,0,2048,1.6,
16,12,11,0,2025,1.44,
16,34,26,0,2040,0.96,
16,22,0,0,2048,1.12,
16,20,18,0,2030,0.8,
16,21,32,0,2046,0.8,
17,18,28,0,2042,0.8,
16,10,28,0,2042,0.96,
16,26,1,0,2043,0.96,
16,19,4,0,2016,1.12,
16,16,0,0,2048,1.12,
16,17,32,0,2028,0.48,
16,17,33,0,2037,0.64,
17,9,1,0,2028,0.64,
16,30,0,0,2048,1.92,
16,9,27,0,2042,1.92,
16,18,1,1,2014,0.8,
16,12,4,0,2016,1.6,
16,11,0,0,2035,1.12,
16,11,8,0,2020,0.96,
16,14,0,0,2048,1.6,
17,14,0,1,2024,1.28,
16,15,31,0,2043,1.28,
16,13,27,0,2039,1.6,
16,12,0,0,2048,0.64,
16,16,27,0,2039,0.64,
16,21,5,0,2019,0.96,
16,20,7,0,2021,0.48,
16,18,0,0,2048,1.28,
17,4,1,1,2038,0.8,
16,33,2,0,2030,1.28,
16,13,1,1,2020,1.12,
16,28,0,0,2048,0.96,
16,15,18,0,2030,1.28,
16,22,1,1,2043,1.6,
16,21,32,0,2046,0.48,
16,18,1,0,2029,1.44,
17,21,0,0,2048,0.48,
16,21,0,0,2048,1.44,
16,8,33,0,2045,1.12,
16,35,26,0,2035,1.92,
16,17,15,0,2013,1.12,
16,14,0,0,2048,1.28,
16,7,33,0,2041,0.8,
17,22,0,0,2048,1.28,
16,10,0,0,2048,2.24,
16,12,1,0,2022,1.12,
16,1,36,0,2042,1.44,
16,19,0,1,2018,0.64,
16,5,0,0,2048,0.32,
16,9,33,0,2032,0.8,
16,15,35,0,2034,1.76,
17,9,0,0,2048,1.44,
16,9,3,0,2017,1.76,
16,18,5,0,2019,1.12,
16,6,0,0,2032,1.28,
16,10,0,0,2048,0.64,
16,17,11,0,2025,0.96,
16,15,0,1,2031,0.48,
16,14,0,1,2027,0.8,
17,7,15,0,2030,2.08,
16,26,25,0,2039,2.08,
16,21,0,0,2048,1.44,
16,21,22,0,2036,1.44,
16,26,25,0,2039,1.6,
16,24,0,0,2048,1.92,
16,20,28,0,2042,1.28,
16,21,32,0,2046,1.44,
17,19,0,0,2048,1.6,
16,19,4,0,2015,2.08,
16,17,0,0,2048,0.96,
16,17,0,0,2048,1.28,
16,19,0,0,2048,0.96,
16,18,12,0,2018,0.8,
16,1,0,0,2048,1.28,
17,29,38,0,2030,1.28,
16,16,32,0,2041,1.12,
16,14,22,0,2041,1.44,
16,13,9,0,2023,1.44,
16,5,11,0,2025,0.8,
16,16,13,0,2027,0.64,
16,4,0,1,2033,0.8,
16,12,0,1,2030,0.8,
17,23,0,1,2029,1.44,
16,9,1,0,2025,0.64,
16,12,1,0,2018,0.64,
16,14,4,0,2018,1.44,
16,24,6,0,2021,1.44,
16,20,27,0,2039,0.48,
16,7,8,0,2022,1.6,
16,36,20,0,2034,1.6,
17,22,0,0,2048,1.12,
16,17,13,0,2023,0.96,
16,20,19,0,2033,1.92,
16,14,18,0,2030,0.32,
16,23,3,0,2015,1.6,
16,20,0,0,2048,0.96,
16,20,0,0,2048,0.8,
16,21,25,0,2035,0.32,
17,20,29,0,2043,1.44,
16,20,31,0,2043,1.44,
16,19,30,0,2047,1.12,
16,18,0,0,2048,0.96,
16,15,19,0,2031,1.28,
16,8,19,0,2025,0.8,
16,21,23,0,2035,1.28,
17,1,0,1,2035,0.64,
16,22,27,0,2040,0.8,
16,4,0,1,2029,0.8,
16,12,0,0,2048,1.44,
16,18,0,0,2048,1.6,
16,7,0,0,2048,1.44,
16,15,36,0,2042,1.12,
16,7,30,0,2043,0.96,
17,17,4,0,2018,1.12,
16,4,1,0,2016,0.96,
16,27,4,0,2018,0.96,
16,17,0,0,2048,1.12,
16,16,6,0,2020,0.96,
16,14,23,0,2037,0.8,
16,8,0,0,2048,1.12,
16,26,0,0,2048,1.12,
17,21,0,0,2048,0.8,
16,20,24,0,2038,1.28,
16,21,25,0,2039,1.6,
16,23,25,0,2039,1.6,
16,22,30,0,2044,0.8,
16,20,31,0,2045,0.96,
16,23,31,0,2045,0.48,
16,20,9,0,2034,1.12,
17,18,24,0,2030,0.64,
16,15,26,0,2033,0.64,
16,9,0,1,2022,1.44,
16,19,0,1,2020,2.08,
16,14,0,0,2048,0.32,
16,6,1,0,2015,1.28,
16,22,36,0,2043,1.12,
17,2,21,0,2043,2.08,
16,20,1,0,2042,1.76,
16,2,0,0,2048,1.28,
16,17,11,0,2026,0.8,
16,1,0,0,2048,0.64,
16,13,20,0,2034,1.12,
16,19,22,0,2036,1.12,
16,1,0,0,2048,0.96,
17,25,9,0,2023,0.64,
16,6,28,0,2042,1.44,
16,20,0,0,2048,1.28,
16,15,18,0,2032,1.12,
16,18,12,0,2047,0.8,
16,19,32,0,2046,0.96,
16,22,24,0,2038,0.8,
16,20,3,1,2019,1.76,
17,20,12,0,2026,1.44,
16,24,16,0,2028,0.8,
16,12,0,0,2048,1.6,
16,32,18,0,2033,0.48,
16,19,23,0,2035,0.64,
16,25,0,0,2048,2.08,
16,16,25,0,2039,1.28,
16,1,27,0,2041,1.12,
17,32,30,0,2032,0.64,
16,19,32,0,2012,0.8,
16,16,0,1,2024,1.44,
16,5,5,0,2017,1.12,
16,24,3,0,2015,1.12,
16,2,0,0,2048,0.8,
16,27,7,0,2019,0.8,
17,3,0,1,2039,0.8,
16,21,15,0,2027,0.8,
16,2,21,0,2035,1.12,
16,15,16,0,2028,1.6,
16,4,0,1,2033,0.8,
16,17,0,1,2026,0.48,
16,5,1,0,2023,0.8,
16,16,8,0,2022,1.28,
17,19,10,0,2024,0.8,
16,17,0,0,2048,1.44,
16,20,0,0,2048,1.12,
16,22,13,0,2027,1.28,
16,16,18,0,2032,0.8,
16,19,0,0,2048,1.76,
16,19,14,0,2028,1.12,
16,18,0,0,2048,0.16,
17,18,23,0,2037,2.24,
16,21,5,0,2017,1.28,
16,20,4,0,2012,0.8,
16,7,24,0,2038,0.8,
16,40,0,0,2048,1.6,
16,24,23,0,2005,0.48,
16,22,30,0,2044,2.08,
16,21,0,0,2048,0.96,
17,13,27,0,2023,1.6,
16,18,14,0,2045,1.76,
16,0,31,0,2027,1.76,
16,20,33,0,2030,0.96,
16,13,0,0,2048,0.64,
16,7,0,0,2048,0.8,
16,15,1,0,2031,0.96,
17,5,10,0,2024,0.32,
16,9,0,1,2038,0.8,
16,8,0,1,2024,0.32,
16,8,0,1,2024,0.16,
16,10,0,1,2035,0.8,
16,5,0,0,2048,1.44,
16,7,0,1,2017,1.44,
16,16,0,0,2048,0.8,
17,17,9,0,2023,0.64,
16,15,11,0,2025,1.6,
16,18,30,0,2044,0.8,
16,22,5,0,2018,1.44,
16,21,12,0,2026,0.48,
16,21,14,0,2028,0.8,
16,12,12,0,2024,0.64,
16,33,18,0,2032,1.6,
17,23,15,0,2001,0.48,
16,25,22,0,2010,0.96,
16,14,0,0,2048,2.4,
16,32,28,0,2000,1.6,
16,19,31,0,2013,1.76,
16,11,0,0,2048,0.8,
16,30,34,0,2006,1.76,
16,14,37,0,2019,0.32,
17,14,0,1,2043,0.96,
16,13,41,0,2023,1.28,
16,14,43,0,2025,1.76,
16,8,46,0,2028,0.96,
16,3,0,0,2048,0.96,
16,15,0,0,2048,1.28,
16,0,1,0,2024,1.28,
17,9,52,0,2025,0.32,
16,7,1,0,2030,1.44,
16,6,0,1,2028,0.64,
16,9,20,0,2034,1.28,
16,12,9,0,2026,1.28,
16,0,0,0,2048,0.96,
16,12,0,0,2048,0.96,
16,31,8,0,2023,0.96,
17,22,6,0,2018,1.12,
16,0,32,0,2047,1.12,
16,41,0,0,2048,0.64,
16,20,15,0,2021,1.28,
16,21,6,1,2026,1.92,
16,21,0,0,2048,1.6,
16,23,21,0,2027,1.12,
16,2,25,0,1995,1.12,
17,47,0,0,2048,1.76,
16,23,29,0,2029,0.8,
16,22,31,0,2047,0.8,
16,20,0,0,2048,0.8,
16,6,35,0,2035,0.32,
16,32,8,0,2022,1.12,
16,14,0,0,2048,0.8,
16,15,32,0,2040,0.64,
17,1,0,0,2048,1.12,
16,17,46,0,2015,0,
16,9,0,1,2036,0.64,
16,8,0,0,2048,1.12,
16,13,0,0,2028,0.48,
16,4,0,0,2048,0.48,
16,14,1,0,2023,0.64,
17,4,16,0,2030,1.28,
16,14,25,0,2029,0.96,
16,5,1,0,2015,0.96,
16,17,22,0,2036,1.6,
16,18,9,0,2023,1.44,
16,20,6,0,2018,1.92,
16,21,35,0,2039,2.88,
16,25,0,0,2048,0.64,
17,21,17,0,2031,1.28,
16,20,24,0,2039,0.48,
16,19,5,1,2037,0.96,
16,12,23,0,2037,1.12,
16,30,31,0,2045,0.96,
16,22,9,0,2007,1.28,
16,23,29,0,2043,0.96,
16,22,15,0,2026,0.96,
17,6,33,0,2035,0.64,
16,35,34,0,2038,1.12,
16,23,0,0,2048,0.8,
16,18,37,0,2041,1.12,
16,14,27,0,2042,1.12,
16,6,0,0,2048,0.48,
16,7,0,0,2048,0.64,
16,18,0,1,2037,0.96,
17,0,37,0,2023,1.28,
16,22,0,0,2048,0.96,
16,5,43,0,2031,0.8,
16,16,0,0,2018,0.8,
16,4,0,0,2048,1.12,
16,15,0,1,2023,1.44,
16,7,41,0,2025,0.96,
17,12,29,0,2030,0.96,
16,16,0,0,2048,1.12,
16,21,6,0,2020,0.96,
16,16,0,0,2048,0.8,
16,20,11,0,2025,0.8,
16,24,13,0,2027,1.28,
16,12,0,0,2048,1.28,
16,30,17,0,2032,0.32,
17,22,19,0,2029,1.6,
16,21,0,0,2048,1.92,
16,1,11,0,2033,1.44,
16,43,25,0,2035,0.64,
16,23,0,0,2048,1.28,
16,21,26,0,1991,1.28,
16,20,31,0,2041,1.6,
16,22,0,0,2048,0.8,
17,5,11,0,2017,1.44,
16,26,36,0,2036,1.92,
16,13,0,0,2048,1.28,
16,12,40,0,1999,1.44,
16,10,6,0,2020,1.28,
16,5,8,0,2022,1.12,
16,11,47,0,2029,0.64,
16,4,45,0,2031,1.12,
17,11,50,0,2024,0.64,
16,9,0,0,2032,1.44,
16,8,45,0,2027,1.44,
16,4,20,0,2034,1.12,
16,16,0,1,2027,0.96,
16,9,9,0,2023,1.28,
16,11,0,1,2024,1.28,
17,1,40,0,2019,1.12,
16,35,4,0,2012,1.44,
16,22,9,0,2013,0.48,
16,22,12,0,2018,1.28,
16,22,13,0,2015,0.48,
16,22,17,0,2017,2.4,
16,24,18,0,2024,2.4,
16,21,21,0,2019,2.4,
17,25,0,0,2048,2.72,
16,22,13,2,2030,1.12,
16,23,28,0,2047,2.08,
16,22,0,0,2048,0.8,
16,5,12,0,2004,1.76,
16,24,7,1,2021,2.08,
16,30,0,0,2048,0.96,
16,17,19,0,2007,1.76,
17,7,42,0,2036,0.96,
16,16,0,0,2048,0.8,
16,8,0,1,2027,0.96,
16,8,1,0,2024,1.28,
16,12,0,0,2048,0.96,
16,0,0,1,2032,0.96,
16,18,24,0,2022,0.8,
16,5,0,0,2048,1.44,
17,14,28,0,2026,1.28,
16,6,40,0,2028,1.28,
16,14,0,1,2017,0.96,
16,15,44,0,2032,0.8,
16,10,2,0,2015,1.92,
16,30,6,0,2018,2.24,
16,22,11,0,2013,2.24,
17,19,0,0,2048,0.96,
16,20,12,0,2007,1.6,
16,20,11,0,2021,1.28,
16,20,0,0,2048,1.28,
16,17,16,0,2010,1.28,
16,28,11,0,2009,1.76,
16,21,0,0,2048,1.92,
16,2,24,0,2014,0.96,
17,43,28,0,2047,0.8,
16,20,0,0,2048,1.6,
16,21,33,0,2037,1.92,
16,21,8,0,2021,1.44,
16,1,0,0,2048,0.64,
16,31,29,0,2042,1.44,
16,5,0,0,2048,1.12,
16,11,0,0,2048,0.8,
17,10,43,0,2023,1.44,
16,11,0,1,2034,0.96,
16,17,0,1,2023,0.96,
16,9,0,0,2048,1.6,
16,10,1,0,2026,0.96,
16,4,0,0,2048,0.96,
16,14,0,0,2029,0.96,
16,1,0,0,2048,1.28,
17,16,0,0,2048,0.8,
16,2,4,0,2016,0.96,
16,33,0,0,2048,1.28,
16,21,8,0,2020,1.6,
16,23,15,0,2029,1.44,
16,22,12,0,2022,1.44,
16,20,15,0,2026,1.28,
17,15,17,0,2019,1.44,
16,25,20,0,2020,0.32,
16,21,0,0,2048,0.8,
16,23,23,0,2025,0.8,
16,21,26,0,2026,0.96,
16,25,0,0,2048,1.28,
16,23,29,0,2031,0.64,
16,22,32,0,2032,1.6,
17,22,0,0,2048,1.12,
16,1,36,0,2042,0.8,
16,33,37,0,2011,0.64,
16,12,0,0,2048,1.44,
16,4,0,1,2036,0.48,
16,13,0,0,2048,0.96,
16,1,1,0,2038,0.48,
16,14,0,0,2036,1.44,
17,8,0,0,2030,0.32,
16,6,0,0,2031,0.8,
16,7,0,0,2048,0.16,
16,4,0,0,2048,1.28,
16,9,0,0,2025,0.96,
16,7,11,0,2025,0.96,
16,13,0,1,2024,0.8,
16,5,0,1,2021,0.32,
17,22,7,0,2021,0.8,
16,16,4,0,2014,0.32,
16,27,0,0,2048,1.28,
16,23,13,0,2021,0.96,
16,22,17,0,2013,0.96,
16,23,0,0,2048,1.28,
16,23,20,0,2026,0.32,
17,23,32,0,2046,0.64,
16,24,0,0,2048,1.76,
16,24,29,0,2037,0.96,
16,22,20,2,2014,0.64,
16,21,0,0,2048,0.96,
16,23,35,0,2043,0.32,
16,16,25,0,1993,0.16,
16,20,0,0,2048,0.48,
17,15,8,0,2032,0.96,
16,14,6,0,2010,1.6,
16,5,1,0,2035,0.8,
16,4,0,0,2048,1.28,
16,15,37,0,2006,1.44,
16,7,0,1,2024,0.16,
16,10,0,1,2030,1.28,
16,8,0,1,2018,0.48,
17,14,46,0,2014,0.64,
16,6,15,0,2027,0.96,
16,15,0,0,2048,0.64,
16,0,27,0,2031,1.12,
16,23,0,0,2048,0.64,
16,18,3,0,2015,1.12,
16,6,0,0,2048,0.64,
16,40,13,0,2019,0.48,
17,16,17,0,2014,0.64,
16,31,0,0,2048,0.96,
16,17,21,0,2035,1.44,
16,24,23,0,2020,0.64,
16,15,0,0,2048,0.8,
16,16,27,0,2041,0.16,
16,15,30,0,2026,1.28,
17,28,7,0,2016,2.08,
16,25,33,0,2027,0.96,
16,5,12,0,2006,0.64,
16,40,15,0,2021,0.8,
16,22,39,0,2034,0.32,
16,18,21,0,2010,1.92,
16,2,23,0,2025,1.44,
16,17,28,0,2037,0.8,
17,4,0,1,2034,1.76,
16,16,29,0,2031,0.8,
16,13,0,0,2048,0.8,
16,3,0,1,2027,0.48,
16,9,0,1,2024,0.16,
16,16,32,0,2014,0.8,
16,11,35,0,2041,0.8,
16,4,42,0,2030,0.64,
17,23,0,0,2048,1.12,
16,2,1,0,2016,0.8,
16,32,4,1,2024,1.12,
16,18,7,0,2015,1.44,
16,11,1,1,2019,0.96,
16,31,0,0,2048,0.48,
16,21,24,0,2038,0.64,
16,22,16,0,2026,1.28,
17,22,0,0,2048,0.8,
16,10,7,1,2015,1.44,
16,36,25,0,2035,0.64,
16,23,0,0,2048,1.28,
16,22,29,0,1995,1.12,
16,22,31,0,2041,1.44,
16,19,0,0,2048,0.32,
17,20,35,0,2023,1.6,
16,7,37,0,2039,0.96,
16,21,0,0,2048,0.96,
16,12,42,0,2032,0.96,
16,12,43,0,2010,0.64,
16,9,0,0,2048,0.8,
16,10,0,0,2048,0.48,
16,7,1,0,2026,1.28,
17,4,52,0,2018,0.8,
16,5,0,1,2030,0.16,
16,14,0,0,2048,0.64,
16,0,51,0,2023,0.64,
16,18,0,1,2016,1.44,
16,11,2,0,2016,0.96,
16,9,42,0,2030,1.12,
16,19,6,0,2020,0.64,
17,22,6,0,2014,1.12,
16,26,10,0,2016,1.28,
16,22,0,0,2048,1.28,
16,22,17,0,2015,1.12,
16,11,18,0,2022,0.8,
16,33,0,0,2048,0.8,
16,22,24,0,2022,0.48,
16,22,24,0,2028,1.12,
17,24,28,0,2036,0.8,
16,22,30,0,2028,0.32,
16,22,31,0,2031,1.28,
16,21,34,0,2042,0.96,
16,16,36,0,2034,0.96,
16,17,37,0,2037,0.8,
16,19,3,0,2038,1.44,
17,7,43,0,2017,1.12,
16,15,19,0,2039,1.12,
16,4,0,0,2039,1.6,
16,9,0,0,2048,1.12,
16,17,0,1,2033,0.96,
16,12,51,0,2027,1.12,
16,6,0,0,2048,0.8,
16,7,1,0,2021,0.8,
17,16,0,1,2022,0.8,
16,9,13,0,2027,1.76,
16,2,2,0,2017,1.76,
16,17,17,0,2031,0.48,
16,25,21,0,2035,0.64,
16,23,0,0,2048,0.8,
16,22,11,0,2017,1.6,
16,24,27,0,2041,2.08,
17,19,0,0,2048,1.92,
16,3,19,0,2021,0.64,
16,38,21,0,2027,0.96,
16,21,0,0,2048,0.64,
16,20,25,0,2027,1.92,
16,20,27,0,2033,1.92,
16,10,0,0,2048,1.92,
16,33,32,0,2034,0.8,
17,24,34,0,2036,1.44,
16,20,21,0,2001,0.8,
16,5,37,0,2041,0.8,
16,35,30,0,2041,1.92,
16,11,29,0,2005,1.76,
16,7,2,0,2019,1.28,
16,5,0,0,2038,0.32,
17,13,0,1,2030,0.96,
16,11,0,0,2048,1.28,
16,10,0,0,2031,1.6,
16,6,8,0,2022,1.6,
16,13,0,0,2048,1.76,
16,6,12,0,2026,2.08,
16,7,0,0,2048,0.96,
16,13,0,0,2048,0.32,
17,2,39,0,2030,0.64,
16,25,0,0,2048,0.48,
16,7,9,0,2030,0.96,
16,29,0,0,2048,1.12,
16,1,9,0,2023,1.28,
16,42,9,0,2011,1.28,
16,24,0,0,2048,1.28,
16,24,18,0,2026,0.8,
17,22,27,0,2041,2.72,
16,23,0,0,2048,0.96,
16,23,25,0,2035,2.56,
16,21,31,0,2047,1.44,
16,9,0,0,2048,1.44,
16,36,32,0,2042,1.6,
16,24,26,1,2003,0.96,
16,18,0,0,2048,1.6,
17,19,13,0,2030,0.48,
16,3,5,0,2034,0.8,
16,21,25,0,2001,1.76,
16,2,27,0,2003,0.96,
16,11,0,0,2036,1.28,
16,5,31,0,2007,0.96,
16,4,33,0,2009,0.8,
17,5,1,0,2018,1.6,
16,6,37,0,2013,1.28,
16,13,2,0,2016,1.6,
16,9,5,0,2019,1.44,
16,10,43,0,2019,1.28,
16,10,0,0,2048,0.8,
16,8,11,0,2025,0.64,
16,14,0,0,2048,0.8,
17,21,0,0,2048,0.48,
16,19,7,0,2019,1.44,
16,19,11,0,2008,1.12,
16,25,0,0,2048,0.96,
16,24,16,0,2022,0.96,
16,13,20,0,2012,1.76,
16,35,0,0,2048,1.76,
16,6,27,0,2025,2.08,
17,40,29,0,2023,1.6,
16,21,0,0,2048,1.12,
16,18,32,0,2033,1.6,
16,18,35,0,2029,0.96,
16,21,0,0,2048,1.12,
16,0,39,0,2039,1.12,
16,43,41,0,2035,0.8,
16,17,0,0,2048,1.28,
17,0,21,0,2005,1.12,
16,18,47,0,2019,0.64,
16,10,0,0,2048,1.44,
16,6,27,0,2011,1.12,
16,10,1,0,2031,1.28,
16,7,0,1,2029,0.64,
16,5,0,1,2027,0.64,
17,9,0,0,2048,1.6,
16,14,0,0,2048,1.44,
16,13,40,0,2024,1.6,
16,9,9,0,2024,1.12,
16,19,1,0,2015,0.96,
16,6,0,0,2048,0.96,
16,37,46,0,2032,2.4,
16,20,13,0,2015,1.28,
17,19,15,0,2017,2.72,
16,20,16,0,2002,1.6,
16,21,4,1,2020,1.12,
16,19,22,0,2022,0.96,
16,24,22,0,2008,0.8,
16,25,26,0,1998,0.48,
16,25,31,0,2025,0.64,
16,25,33,0,2009,0.64,
17,23,0,0,2048,0.48,
16,1,10,0,2045,1.28,
16,35,40,0,2036,1.44,
16,6,0,0,2048,0.96,
16,21,0,0,2048,0.96,
16,7,26,0,2037,0.64,
16,9,47,0,2013,0.64,
16,16,0,0,2048,0.8,
17,7,51,0,2017,1.28,
16,11,0,1,2030,1.28,
16,13,56,0,2022,0.48,
16,7,0,0,2048,0.64,
16,11,15,0,2027,0.96,
16,3,29,0,2023,0.48,
16,11,19,0,2031,1.28,
17,26,3,0,2017,1.28,
16,22,5,0,2017,0.8,
16,12,0,0,2048,1.6,
16,39,32,1,2045,1.6,
16,1,17,0,2018,0.96,
16,45,0,0,2048,0.32,
16,20,16,0,2020,1.28,
16,17,24,0,2024,0.16,
17,19,0,0,2048,2.08,
16,19,28,0,2022,1.28,
16,22,31,0,2031,0.32,
16,22,0,0,2048,1.76,
16,23,34,0,2029,0.96,
16,25,37,0,2037,1.76,
16,19,0,0,2048,1.28,
16,17,41,0,2035,1.12,
17,8,42,0,2035,0.96,
16,9,31,0,2021,0.96,
16,12,1,0,2038,1.44,
16,4,1,0,2033,0.48,
16,14,37,0,2027,1.76,
16,2,0,0,2031,1.6,
16,18,0,1,2026,1.12,
16,6,1,0,2026,0.64,
17,17,0,1,2023,1.12,
16,10,47,0,2027,1.76,
16,10,49,0,2029,1.76,
16,14,3,0,2017,1.28,
16,18,4,0,2022,0.96,
16,19,7,0,2019,0.8,
16,19,0,0,2048,0.8,
17,22,11,0,2021,0.96,
16,0,14,0,2028,0.96,
16,46,0,0,2048,1.28,
16,20,20,0,2024,1.6,
16,25,21,0,2033,1.44,
16,20,0,0,2048,0.64,
16,23,26,0,2031,0.48,
16,22,27,0,2040,0.48,
17,20,29,0,2039,0.64,
16,24,32,0,2038,0.8,
16,22,35,0,2039,1.12,
16,19,29,0,2045,1.28,
16,11,23,0,2043,1.6,
16,6,17,0,2042,0.8,
16,21,1,0,2041,1.28,
16,1,0,1,2029,0.64,
17,15,20,0,2012,0.32,
16,6,0,1,2025,1.6,
16,5,15,0,2034,0.96,
16,12,0,1,2025,0.64,
16,0,0,1,2023,1.12,
16,14,0,1,2021,1.76,
16,9,1,0,2019,0.96,
16,3,0,0,2048,0.64,
17,18,0,0,2048,0.64,
16,0,3,0,2015,1.28,
16,27,3,0,2019,1.76,
16,20,0,0,2048,1.44,
16,20,7,0,2017,0.8,
16,23,21,0,2036,1.12,
16,21,0,0,2048,1.12,
17,22,16,0,2022,1.92,
16,20,18,0,2028,0.64,
16,27,0,0,2048,1.12,
16,22,25,0,2025,1.12,
16,24,27,0,2031,0.8,
16,20,0,0,2048,0.8,
16,25,31,0,2031,1.92,
16,22,34,0,2036,1.6,
17,24,0,0,2048,2.24,
16,21,18,0,2044,0.32,
16,14,39,0,1989,1.12,
16,8,0,0,2048,0.48,
16,5,0,1,2026,1.76,
16,13,0,0,2048,1.44,
16,3,0,0,2037,0.96,
16,8,1,0,2015,0.32,
17,5,3,0,2017,0.48,
16,12,0,0,2048,1.6,
16,8,41,0,2026,0.8,
16,12,57,0,2007,0.64,
16,6,0,0,2048,1.28,
16,7,13,0,2028,0.32,
16,17,64,0,2014,1.28,
16,1,1,0,2015,0.96,
17,27,0,0,2048,1.76,
16,22,8,0,2014,1.28,
16,0,12,0,2010,1.28,
16,47,0,0,2048,2.08,
16,24,20,0,2014,0.96,
16,23,23,0,2013,1.44,
16,22,0,0,2048,0.8,
17,19,27,0,2023,0.48,
16,19,28,0,2024,0.96,
16,1,0,0,2048,0.64,
16,42,33,0,2029,0.64,
16,19,34,0,2031,1.28,
16,25,0,0,2048,1.28,
16,23,39,0,2035,0.8,
16,23,41,0,2037,1.44,
17,17,0,0,2048,0.8,
16,7,29,0,2007,1.12,
16,7,64,0,2046,1.76,
16,9,0,0,2048,1.28,
16,12,27,0,2047,1.44,
16,4,0,0,2048,1.12,
16,7,0,0,2048,1.92,
16,6,0,1,2015,0.96,
17,11,24,0,2016,1.12,
16,18,45,0,2023,2.4,
16,7,3,0,2017,1.12,
16,19,49,0,2027,1.12,
16,19,1,1,2025,1.6,
16,1,0,0,2048,1.12,
16,33,8,0,2018,0.96,
16,20,0,0,2048,0.48,
17,23,18,0,2032,0.16,
16,22,17,0,2031,1.44,
16,23,0,0,2048,0.96,
16,22,25,0,2039,1.76,
16,24,24,0,2036,1.12,
16,22,0,0,2048,1.12,
16,23,31,0,2045,1.12,
17,23,31,0,2023,0.64,
16,11,0,0,2048,0.96,
16,29,36,0,2014,0.96,
16,18,37,0,2029,1.6,
16,14,0,0,2048,2.24,
16,3,0,0,2048,0.8,
16,20,0,0,2048,1.28,
16,12,45,0,2001,1.6,
17,6,6,0,2020,1.28,
16,17,0,0,2048,1.76,
16,8,41,0,2030,1.76,
16,5,30,0,2030,0.8,
16,11,0,0,2048,0.8,
16,3,1,0,2028,1.28,
16,15,10,0,2024,0.8,
16,7,1,0,2015,1.28,
17,20,3,0,2017,0.48,
16,15,25,0,2039,1.28,
16,22,18,0,2032,1.6,
16,22,0,0,2048,1.28,
16,22,31,0,2045,1.12,
16,25,24,0,2038,1.12,
16,17,0,0,2048,0.96,
16,26,5,0,2034,1.92,
17,13,24,0,2023,0.96,
16,28,0,0,2048,0.48,
16,22,28,0,2024,2.08,
16,22,31,0,2029,2.08,
16,24,0,0,2048,1.92,
16,0,34,0,2030,1.92,
16,40,37,0,2035,1.6,
17,10,39,0,2035,0.64,
16,24,40,0,2037,0.64,
16,12,43,0,2027,1.12,
16,1,30,0,2020,1.12,
16,18,0,0,2048,1.12,
16,5,34,0,2024,1.28,
16,16,0,1,2032,0.96,
16,9,1,0,2029,1.28,
17,10,0,0,2048,0.64,
16,14,0,0,2048,1.12,
16,14,0,1,2020,1.28,
16,7,6,0,2020,0.48,
16,16,44,0,2026,1.28,
16,19,3,0,2015,1.12,
16,21,6,0,2020,1.28,
16,19,0,0,2048,1.76,
17,5,9,0,2009,1.92,
16,39,12,1,2029,0.8,
16,22,0,0,2048,1.6,
16,1,18,0,2012,2.08,
16,41,14,0,2004,1.44,
16,21,0,0,2048,0.8,
16,20,24,0,2018,1.28,
16,20,22,0,2009,0.32,
17,23,0,0,2048,0.96,
16,19,30,0,2036,1.12,
16,21,33,0,2039,2.08,
16,12,0,0,2048,1.76,
16,25,36,0,2042,1.12,
16,10,0,0,2048,0.64,
16,3,3,0,2036,1.44,
17,28,0,1,2033,1.44,
16,7,0,1,2034,0.96,
16,7,13,0,2019,1.28,
16,16,0,1,2029,0.96,
16,10,0,0,2048,1.44,
16,0,0,0,2048,0.64,
16,12,0,1,2022,0.96,
16,8,24,0,2030,0.96,
17,11,0,0,2048,1.6,
16,7,0,1,2016,0.8,
16,9,30,0,2036,1.44,
16,21,32,0,2038,0.32,
16,18,12,0,2026,1.76,
16,20,14,0,2028,2.08,
16,22,8,0,2022,0.64,
16,22,12,0,2027,1.6,
17,15,1,0,2032,1.28,
16,12,15,0,2028,1.28,
16,35,0,0,2048,0.96,
16,24,21,0,2035,0.64,
16,24,23,0,2037,1.44,
16,23,0,0,2048,1.76,
16,26,29,0,2039,0.64,
16,24,31,0,2041,1.28,
17,7,33,0,2043,1.28,
16,36,28,0,2004,2.24,
16,16,34,0,2043,1.44,
16,11,6,0,2035,0.64,
16,11,0,0,2048,0.64,
16,3,0,0,2048,1.76,
16,15,19,0,2010,0.8,
17,0,0,1,2033,0.8,
16,12,0,1,2031,0.32,
16,5,0,0,2017,1.28,
16,3,52,0,2025,1.28,
16,5,0,1,2028,0.8,
16,11,4,0,2018,0.8,
16,6,0,0,2020,0.32,
16,6,1,0,2024,2.08,
17,15,0,1,2018,1.12,
16,8,3,0,2017,0.96,
16,22,0,0,2048,0.8,
16,24,6,0,2012,0.96,
16,23,9,0,2014,1.44,
16,22,0,0,2048,1.12,
16,22,18,0,2012,1.44,
16,23,20,0,2016,1.28,
17,21,0,0,2048,1.12,
16,25,25,0,2029,1.28,
16,25,29,0,2023,2.4,
16,23,0,0,2048,1.12,
16,19,34,0,2032,2.08,
16,18,37,0,2027,0.96,
16,0,39,0,2001,0.96,
16,36,0,0,2048,0.96,
17,16,42,0,2028,0.64,
16,16,45,0,2031,1.12,
16,14,0,0,2048,0.96,
16,5,39,0,2033,1.6,
16,13,0,0,2048,0.96,
16,5,0,1,2020,1.6,
16,12,17,0,2021,1.28,
17,10,20,0,2024,1.6,
16,8,2,0,2016,0.48,
16,13,7,0,2021,1.28,
16,10,0,1,2016,0.64,
16,5,2,0,2016,0.16,
16,13,11,0,2025,0.96,
16,35,31,0,2036,0.8,
16,4,34,0,2038,1.12,
17,43,35,0,2038,1.92,
16,26,18,0,2010,1.6,
16,20,23,0,2038,2.08,
16,19,17,0,2041,1.6,
16,7,27,0,2014,1.28,
16,29,0,0,2048,1.12,
16,6,32,0,2018,0.48,
16,31,33,0,2031,1.28,
17,20,0,0,2048,0.8,
16,20,10,0,2016,0.8,
16,22,12,0,2018,0.96,
16,22,0,0,2048,2.24,
16,5,16,0,2022,1.76,
16,25,19,0,2025,0.8,
16,10,0,0,2048,1.76,
16,10,22,0,2029,0.64,
17,10,0,0,2048,0.96,
16,12,26,0,2032,1.28,
16,9,23,0,2020,0.8,
16,13,4,0,2018,0.8,
16,10,0,0,2023,1.28,
16,20,29,0,2020,1.28,
16,16,32,0,2022,1.6,
17,19,6,0,2013,1.44,
16,18,36,0,2032,1.28,
16,19,8,0,2041,1.28,
16,19,0,0,2048,1.6,
16,19,16,0,2018,1.44,
16,18,44,0,2034,0,
16,9,19,0,2027,1.44,
16,29,0,0,2048,1.6,
17,21,3,0,2031,2.08,
16,20,31,0,2045,0.64,
16,22,0,0,2048,1.6,
16,23,17,0,2001,1.92,
16,23,10,2,2028,2.4,
16,22,0,0,2048,1.44,
16,20,24,0,2008,2.56,
16,18,11,0,2006,0.8,
17,0,0,0,2048,0.8,
16,22,29,0,2035,0.8,
16,8,32,0,2016,1.92,
16,20,20,0,2012,1.44,
16,5,36,0,2026,1.92,
16,20,0,1,2028,1.44,
16,5,27,0,2019,0.48,
16,14,42,0,2026,2.56,
17,12,0,1,2017,0.8,
16,8,1,0,2015,1.44,
16,18,2,0,2016,1.12,
16,14,8,0,2022,1.6,
16,15,0,0,2048,1.12,
16,0,0,0,2048,0.96,
16,31,11,0,2026,1.28,
17,19,3,0,2016,1.44,
16,19,6,0,2018,1.44,
16,3,18,0,2032,0.64,
16,41,12,0,2014,0.8,
16,21,14,0,2022,1.12,
16,22,24,0,2038,1.6,
16,22,18,0,2020,1.28,
16,23,20,0,2028,0.8,
17,24,32,0,2047,0.96,
16,20,0,0,2048,0.96,
16,19,32,0,2047,1.28,
16,14,3,0,2028,2.08,
16,9,32,0,2032,1.44,
16,20,35,0,2031,1.12,
16,8,0,0,2048,1.44,
16,22,38,0,2022,1.92,
17,6,15,0,2042,1.44,
16,15,42,0,2026,0.96,
16,9,44,0,2028,0.96,
16,0,0,0,2048,1.12,
16,23,12,0,2026,1.12,
16,9,14,0,2028,1.44,
16,14,0,0,2048,0.8,
16,6,0,0,2048,0.64,
17,18,0,0,2048,0.8,
16,11,0,0,2048,0.8,
16,13,2,0,2016,0.96,
16,11,3,0,2017,1.28,
16,28,5,0,2019,0.8,
16,23,0,0,2048,1.44,
16,22,12,0,2024,0.96,
17,21,15,0,2017,1.6,
16,22,16,0,2026,0.48,
16,20,31,0,2047,1.12,
16,19,21,0,2023,0.48,
16,19,23,0,2033,0.96,
16,20,1,1,2028,1.76,
16,8,27,0,2030,1.6,
16,13,0,0,2048,1.44,
17,38,14,0,2018,1.12,
16,22,0,0,2048,1.76,
16,22,9,1,2012,1.76,
16,18,20,0,2024,0.8,
16,15,0,0,2048,2.88,
16,12,0,1,2031,1.12,
16,8,26,0,2030,1.28,
16,13,1,0,2024,1.28,
17,10,31,0,2035,1.28,
16,10,0,0,2048,0.96,
16,1,0,1,2016,1.28,
16,17,0,1,2024,0.8,
16,13,0,1,2021,1.12,
16,7,9,0,2042,0.96,
16,13,0,1,2016,0.64,
16,8,0,0,2016,0.64,
17,20,25,0,2041,1.28,
16,16,5,0,2017,0.8,
16,16,16,0,2031,1.44,
16,19,19,0,2033,0.64,
16,17,13,0,2027,1.12,
16,18,15,0,2029,1.76,
16,20,15,0,2027,1.28,
17,24,0,0,2048,0.96,
16,24,29,0,2043,1.12,
16,24,23,0,2037,1.6,
16,25,0,0,2048,2.08,
16,21,14,2,2035,0.8,
16,1,29,0,2043,1.6,
16,42,0,0,2048,1.28,
16,17,6,1,2013,0.64,
17,20,32,0,2045,0.96,
16,9,4,0,2014,1.12,
16,19,0,1,2031,1.76,
16,12,40,0,2028,1.28,
16,6,16,0,2018,1.28,
16,17,0,0,2048,0.96,
16,4,0,0,2028,0.64,
16,10,31,0,2034,0.64,
17,9,1,0,2034,0.8,
16,7,0,1,2031,1.6,
16,9,1,0,2017,0.8,
16,6,8,0,2023,1.28,
16,6,0,1,2028,0.8,
16,19,0,1,2016,1.6,
16,0,0,1,2023,0.96,
16,27,17,0,2031,1.76,
17,18,19,0,2033,1.76,
16,20,8,0,2022,1.44,
16,21,0,0,2048,1.6,
16,19,25,0,2039,0.64,
16,10,15,0,2021,0.64,
16,33,23,0,2035,0.48,
16,27,17,0,2003,0.8,
17,26,22,0,2025,0.64,
16,20,0,0,2048,1.6,
16,22,26,0,2026,1.28,
16,22,29,0,2031,1.28,
16,10,0,0,2048,0.8,
16,28,32,0,2033,1.76,
16,21,35,0,2037,1.28,
16,18,0,0,2048,1.6,
17,16,14,0,2016,1.92,
16,10,3,0,2029,0.8,
16,11,18,0,2016,0.48,
16,7,20,0,2022,0.48,
16,9,0,1,2017,2.24,
16,13,14,0,2022,0.32,
16,10,26,0,2028,0.96,
16,12,5,0,2019,0.8,
17,11,0,0,2048,0.8,
16,7,0,0,2048,0.8,
16,7,24,0,2032,1.28,
16,18,1,0,2025,0.48,
16,15,28,0,2036,0.96,
16,15,0,0,2048,1.12,
16,24,6,0,2014,0.8,
16,20,7,0,2039,0.96,
17,19,12,0,2016,1.76,
16,16,14,0,2028,0.48,
16,22,2,1,2035,0.96,
16,19,18,0,2022,0.8,
16,27,20,0,2034,0.48,
16,23,18,0,2000,0.8,
16,21,24,0,2028,0.8,
17,20,25,0,2038,0.48,
16,20,0,0,2048,1.28,
16,10,31,0,2035,0.16,
16,33,32,0,2044,1.44,
16,8,0,0,2048,1.12,
16,33,37,0,2041,1.76,
16,9,28,0,2042,1.28,
16,15,24,0,2012,1.44,
17,9,38,0,2021,2.4,
16,11,0,0,2048,0.48,
16,5,33,0,2038,0.64,
16,6,45,0,2027,0.96,
16,12,0,0,2032,1.6,
16,3,0,0,2048,0.48,
16,11,0,0,2048,1.28,
16,4,27,0,2031,0.8,
17,18,6,0,2020,0.96,
16,5,0,1,2028,0.64,
16,15,0,0,2048,0.96,
16,3,12,0,2027,1.44,
16,22,13,0,2034,0.96,
16,17,5,0,2015,0.8,
16,20,8,0,2022,0.96,
16,22,7,0,2018,0.8,
17,24,12,0,2024,0.96,
16,26,25,0,2039,1.28,
16,23,19,0,2017,1.12,
16,25,23,0,2025,1.28,
16,22,31,0,2045,1.6,
16,23,28,0,2022,1.44,
16,3,29,0,2031,1.28,
17,37,19,0,2047,1.28,
16,19,0,0,2048,1.44,
16,20,36,0,2038,2.56,
16,20,6,1,2019,1.44,
16,9,0,0,2048,0.96,
16,21,12,0,2041,1.12,
16,9,0,0,2048,0.48,
16,16,0,0,2048,1.28,
17,0,0,0,2048,1.28,
16,11,17,0,2018,0.64,
16,8,20,0,2020,1.12,
16,7,0,0,2048,0.48,
16,7,0,0,2048,0.8,
16,8,0,0,2048,1.28,
16,10,33,0,2029,1.44,
16,18,0,0,2048,1.6,
17,4,7,0,2021,0.32,
16,30,0,0,2048,0.64,
16,20,10,0,2024,0.96,
16,1,9,0,2019,0.8,
16,41,12,0,2016,1.44,
16,7,0,0,2048,1.76,
16,31,16,0,2024,0.8,
16,21,18,0,2022,0.96,
17,0,0,0,2048,0.48,
16,44,25,0,2039,1.6,
16,24,24,0,2030,1.12,
16,12,0,0,2048,1.12,
16,32,31,0,2046,1.12,
16,22,31,0,2037,1.28,
16,20,0,0,2048,0.48,
17,21,30,0,2018,0.8,
16,17,37,0,2042,3.04,
16,12,1,2,2040,2.56,
16,2,1,0,2035,1.12,
16,22,39,0,2027,1.28,
16,0,7,0,2019,1.28,
16,21,0,0,2048,1.12,
16,12,0,0,2048,0.96,
17,7,0,0,2048,1.28,
16,3,15,0,2027,0.64,
16,14,39,0,2031,1.12,
16,6,19,0,2031,1.12,
16,9,0,1,2019,0.8,
16,9,23,0,2035,0.96,
16,13,1,0,2016,0.64,
16,21,3,0,2018,1.28,
17,1,6,0,2020,0.96,
16,39,15,0,2029,0.96,
16,20,10,0,2014,1.28,
16,24,14,0,2025,1.44,
16,20,21,0,2035,1.28,
16,1,18,0,2018,1.12,
16,40,20,0,2020,1.44,
16,19,23,0,2033,1.76,
17,23,12,1,2005,1.6,
16,27,27,0,2025,1.6,
16,24,0,0,2048,1.76,
16,22,32,0,2000,1.12,
16,12,34,0,2030,1.12,
16,31,0,0,2048,0.96,
16,13,38,0,2006,0.96,
17,1,3,0,2043,0.48,
16,25,38,0,2038,1.44,
16,9,27,0,2038,1.12,
16,6,1,0,2030,0.96,
16,12,48,0,2016,1.12,
16,8,50,0,2020,0.48,
16,7,52,0,2022,0.8,
16,5,54,0,2024,0.48,
17,13,0,0,2028,0.96,
16,1,0,0,2017,1.92,
16,11,32,0,2024,0.64,
16,7,26,0,2034,0.48,
16,15,28,0,2036,1.12,
16,16,11,0,2025,1.92,
16,21,0,0,2048,0.8,
16,24,9,0,2013,0.8,
17,4,17,0,2031,1.28,
16,38,5,0,2035,1.6,
16,19,19,0,2017,0.96,
16,23,23,0,2037,1.92,
16,20,3,0,2013,1.76,
16,24,25,0,2023,0.8,
16,25,29,0,2043,1.6,
16,24,29,0,1999,0.96,
17,26,34,0,2030,1.28,
16,25,0,0,2048,0.8,
16,19,37,0,2029,1.12,
16,18,40,0,2036,1.28,
16,9,0,0,2048,1.6,
16,12,43,0,2036,0.64,
16,8,0,1,2017,1.12,
17,7,2,0,2016,1.12,
16,13,0,1,2035,0.96,
16,6,4,0,2018,1.6,
16,15,15,0,2023,1.12,
16,7,55,0,2023,1.12,
16,10,19,0,2027,1.12,
16,11,45,0,2022,1.28,
16,4,29,0,2024,0.48,
17,13,13,0,2024,0.96,
16,11,0,0,2048,1.44,
16,21,0,0,2048,1.6,
16,5,7,0,2017,0.8,
16,43,26,0,2040,1.28,
16,25,0,0,2048,1.28,
16,25,19,0,2017,1.44,
16,20,23,0,2019,0.96,
17,23,0,0,2048,0.8,
16,8,28,0,2016,1.76,
16,28,30,0,2026,0.96,
16,19,1,0,2027,0.64,
16,22,1,1,2019,1.28,
16,0,0,0,2048,1.44,
16,40,38,0,2032,0.96,
16,23,13,0,2013,0.32,
17,20,42,0,2030,1.12,
16,15,30,0,2038,0.48,
16,1,21,0,2025,0.48,
16,18,24,0,2015,1.12,
16,8,27,0,2017,1.6,
16,5,0,0,2048,0.96,
16,8,1,0,2026,0.48,
17,8,33,0,2023,1.44,
16,9,0,0,2048,0.64,
16,12,0,0,2048,1.44,
16,15,37,0,2041,0.96,
16,11,27,0,2042,1.12,
16,16,7,0,2042,0.32,
16,8,3,0,2016,0.96,
16,29,17,0,2038,1.12,
17,19,9,0,2018,0.48,
16,19,16,0,2028,0.8,
16,20,7,0,2015,1.44,
16,19,16,0,2024,1.12,
16,22,22,0,2034,0.96,
16,23,18,0,2016,1.44,
16,22,22,0,2030,0.64,
16,24,28,0,2040,0.8,
17,25,0,0,2048,1.28,
16,24,31,0,2039,0.8,
16,5,31,0,2043,0.16,
16,37,0,0,2048,0.8,
16,18,26,0,2044,0.64,
16,16,7,0,2036,1.12,
16,4,0,0,2048,0.64,
16,17,0,0,2040,0.96,
17,0,0,0,2048,0.96,
16,22,31,0,2035,0.16,
16,8,0,0,2048,0.48,
16,9,0,1,2017,0.96,
16,4,1,0,2026,0.96,
16,6,0,0,2048,1.44,
16,8,0,0,2048,0.8,
17,13,18,0,2032,0.32,
16,10,0,0,2022,0.48,
16,1,22,0,2036,0.48,
16,23,24,0,2038,1.44,
16,20,12,0,2026,0.48,
16,25,16,0,2030,0.8,
16,22,0,0,2048,0.96,
16,19,18,0,2032,1.28,
17,25,18,0,2016,0.8,
16,20,0,0,2048,0.64,
16,20,22,0,2028,1.76,
16,23,24,0,2022,1.92,
16,22,0,0,2048,1.44,
16,25,28,0,2034,1.12,
16,9,30,0,2028,0.96,
16,34,0,0,2048,1.28,
17,22,34,0,2036,1.44,
16,20,37,0,2033,1.92,
16,15,0,0,2048,1.6,
16,16,28,0,2041,0.8,
16,6,0,0,2048,1.6,
16,9,1,0,2033,0.64,
16,12,1,0,2030,1.28,
16,4,21,0,2015,1.6,
17,13,0,1,2033,1.12,
16,3,1,0,2031,0.8,
16,8,55,0,2019,0.48,
16,14,1,0,2027,1.6,
16,8,32,0,2026,0.32,
16,9,34,0,2028,0.8,
16,5,1,0,2019,0.96,
17,6,0,1,2018,0.8,
16,21,12,0,2026,0.8,
16,29,5,0,2011,0.8,
16,24,10,0,2018,0.64,
16,21,14,0,2026,0.48,
16,13,17,0,2013,0.64,
16,28,18,0,2022,1.44,
16,21,20,0,2033,1.28,
17,22,15,0,2005,1.12,
16,26,0,0,2048,1.28,
16,25,28,0,1996,1.12,
16,22,32,0,2000,1.28,
16,16,0,0,2048,1.28,
16,25,35,0,2001,1.92,
16,21,38,0,2006,1.44,
16,3,0,0,2048,1.44,
17,24,5,0,2011,0.48,
16,18,22,0,2039,1.44,
16,9,0,0,2048,0.16,
16,9,6,0,2037,0.8,
16,9,49,0,2015,0.64,
16,14,0,1,2033,1.12,
16,11,1,0,2027,1.28,
16,7,2,0,2016,1.44,
17,9,52,0,2023,0.96,
16,7,0,0,2020,0.8,
16,11,0,1,2017,1.28,
16,8,0,1,2017,1.28,
16,23,0,0,2048,0.96,
16,20,33,0,2037,1.12,
16,26,10,0,2020,1.44,
17,24,0,0,2048,1.28,
16,21,20,0,2034,1.28,
16,21,20,0,2018,1.44,
16,20,0,0,2048,1.76,
16,17,26,0,2041,1.12,
16,20,27,0,2031,1.12,
16,21,29,0,2033,1.12,
16,23,6,1,2016,1.28,
17,20,32,0,2026,0.8,
16,21,0,0,2048,1.12,
16,22,37,0,2029,0.96,
16,26,39,0,2033,0.96,
16,19,0,0,2048,1.76,
16,6,43,0,2035,0.48,
16,11,33,0,2037,1.6,
16,8,0,0,2027,1.12,
17,9,1,0,2031,2.4,
16,9,0,0,2048,0.96,
16,15,35,0,2033,0.8,
16,1,1,0,2024,2.08,
16,19,0,0,2048,0.96,
16,3,2,0,2018,1.44,
16,19,1,0,2016,0.8,
16,9,9,0,2039,0.64,
17,19,0,0,2048,0.8,
16,2,27,0,2034,0.96,
16,34,8,0,2022,0.96,
16,12,8,0,2022,1.28,
16,29,10,0,2024,0.96,
16,22,0,0,2048,0.48,
16,22,16,0,2026,1.6,
17,23,23,0,2039,0.96,
16,21,0,0,2048,1.12,
16,21,22,0,2018,1.12,
16,24,29,0,2045,1.28,
16,23,0,0,2048,1.44,
16,22,29,0,2023,1.76,
16,23,13,0,2030,0.8,
16,18,0,0,2048,1.6,
17,14,35,0,2009,1.6,
16,16,22,0,2043,0.8,
16,13,7,0,2013,1.44,
16,12,42,0,2036,1.44,
16,5,0,0,2048,0.64,
16,12,0,0,2048,0.96,
16,1,41,0,2009,0.16,
16,17,0,0,2048,0.8,
17,7,0,1,2016,0.8,
16,11,0,0,2048,1.12,
16,6,0,0,2048,0.64,
16,10,52,0,2020,1.28,
16,7,0,0,2048,1.76,
16,12,0,0,2048,0.64,
16,13,45,0,2024,1.12,
16,17,6,0,2020,0.64,
17,22,35,0,2042,1.12,
16,5,0,0,2048,1.12,
16,39,13,0,2015,0.96,
16,22,5,2,2029,1.44,
16,13,0,0,2048,0.96,
16,31,20,0,2020,1.28,
16,10,18,0,2000,1.28,
17,23,0,0,2048,2.4,
16,33,25,0,2027,1.12,
16,14,27,0,2039,1.28,
16,27,0,0,2048,1.6,
16,23,31,0,2033,0.16,
16,20,33,0,2045,1.12,
16,21,0,0,2048,0.96,
16,6,37,0,2040,1.44,
17,24,25,0,1999,1.44,
16,4,0,0,2048,0.96,
16,6,0,0,2048,1.28,
16,10,0,0,2048,1.28,
16,10,23,0,2035,0.32,
16,5,0,0,2048,1.12,
16,8,0,0,2048,0.48,
16,11,0,0,2030,0.64,
17,11,0,0,2048,1.12,
16,11,0,1,2024,0.96,
16,8,0,1,2021,0.8,
16,8,0,1,2020,1.6,
16,16,0,1,2016,0.96,
16,10,2,0,2016,1.44,
16,26,5,0,2017,0.96,
16,22,35,0,2027,1.6,
17,22,0,0,2048,1.12,
16,23,23,0,2037,1.44,
16,24,18,0,2032,1.12,
16,11,0,0,2048,0.8,
16,34,29,0,2043,0.96,
16,23,26,0,2036,0.96,
16,22,0,0,2048,1.28,
17,19,30,0,2032,0.96,
16,20,33,0,2027,0.8,
16,20,0,0,2048,2.08,
16,19,36,0,2038,1.12,
16,19,39,0,2033,0.8,
16,20,0,0,2048,0.64,
16,15,12,0,2041,1.76,
16,2,27,0,2037,0.96,
17,18,8,0,2010,2.72,
16,0,0,1,2032,1.28,
16,20,0,1,2032,0.96,
16,2,0,0,2048,1.6,
16,14,1,0,2022,1.12,
16,8,0,1,2024,0.8,
16,13,0,0,2048,1.12,
16,2,30,0,2032,1.44,
17,21,0,1,2015,0.8,
16,12,34,0,2036,0.64,
16,22,36,0,2038,1.12,
16,22,31,0,2033,0.64,
16,20,0,0,2048,0.8,
16,19,9,1,2037,0.8,
16,20,37,0,2039,1.6,
16,20,0,0,2048,1.44,
17,4,25,0,2039,1.92,
16,38,22,0,2026,1.12,
16,2,0,0,2048,2.08,
16,44,31,0,2045,1.12,
16,17,29,0,2033,1.44,
16,28,0,0,2048,2.24,
16,23,18,1,2018,2.08,
17,20,27,0,2015,1.44,
16,19,0,0,2048,1.6,
16,16,23,0,2043,1.12,
16,6,33,0,2021,1.44,
16,6,1,1,2032,1.12,
16,19,0,1,2027,0.64,
16,14,7,0,2017,2.08,
16,7,0,1,2033,0.8,
17,11,0,0,2022,1.28,
16,10,45,0,2034,1.76,
16,6,1,0,2016,1.44,
16,11,26,0,2034,1.44,
16,11,5,0,2034,1.44,
16,10,0,0,2019,1.44,
16,7,0,1,2016,0.96,
16,22,44,0,2028,1.6,
17,17,5,0,2017,1.12,
16,23,0,0,2048,1.28,
16,21,15,0,2030,0.96,
16,23,15,0,2011,1.28,
16,21,0,0,2048,1.6,
16,21,22,0,2036,1.76,
16,18,21,0,2017,1.76,
16,25,0,0,2048,1.28,
17,24,26,0,2030,1.44,
16,23,26,1,1991,0.64,
16,23,21,2,2037,0.8,
16,13,33,0,2035,1.12,
16,29,33,0,1997,1.12,
16,4,7,0,2016,2.56,
16,31,37,0,2041,1.12,
17,0,0,0,2048,0.8,
16,25,5,0,2041,0.64,
16,5,5,0,2017,0.96,
16,8,46,0,2010,0.48,
16,11,9,0,2022,0.48,
16,10,50,0,2014,0.64,
16,13,0,0,2029,1.6,
16,6,0,0,2048,1.92,
17,8,18,0,2030,1.44,
16,13,0,0,2048,1.12,
16,9,0,1,2019,1.12,
16,11,0,1,2023,1.12,
16,13,7,0,2021,0.96,
16,26,5,0,2017,1.44,
16,25,8,0,2016,1.44,
16,22,0,0,2048,0.96,
17,4,16,0,2014,0.96,
16,41,18,0,2030,1.12,
16,20,0,0,2048,1.44,
16,0,22,0,2020,0.48,
16,39,25,0,2037,0.64,
16,20,0,0,2048,1.92,
16,24,28,0,2026,1.28,
16,22,31,0,2043,1.28,
17,23,0,0,2048,0.8,
16,20,25,0,2009,0.48,
16,8,37,0,2035,0.48,
16,33,0,0,2048,0.48,
16,13,31,0,2015,0.96,
16,7,26,0,2039,0.96,
16,8,0,0,2048,0.32,
17,8,0,0,2048,1.12,
16,14,0,0,2048,1.92,
16,9,0,1,2030,1.12,
16,14,0,0,2048,0.48,
16,3,1,0,2028,1.28,
16,18,0,0,2025,0.96,
16,9,1,0,2018,2.08,
16,0,0,0,2048,0.48,
17,19,0,0,2048,1.28,
16,7,0,0,2048,0.96,
16,26,0,0,2048,2.08,
16,18,0,0,2048,1.6,
16,19,9,0,2021,0.32,
16,27,31,0,2045,0.96,
16,23,0,0,2048,1.6,
16,22,18,0,2024,1.12,
17,21,21,0,2025,0.32,
16,23,0,0,2048,0.32,
16,20,23,0,2021,0.96,
16,1,27,0,2031,2.4,
16,43,0,0,2048,1.6,
16,6,30,0,2028,1.12,
16,40,33,0,2037,0.8,
16,20,0,0,2048,1.12,
17,3,13,1,2032,1.44,
16,29,23,0,2043,1.28,
16,5,41,0,2037,1.12,
16,13,0,0,2048,1.44,
16,13,0,1,2030,1.6,
16,3,1,0,2018,1.6,
16,10,1,0,2026,1.12,
17,7,0,0,2048,0.64,
16,6,0,0,2048,0.8,
16,11,0,1,2024,1.44,
16,9,0,1,2017,0.64,
16,7,0,0,2048,1.12,
16,4,3,0,2017,1.12,
16,12,0,1,2019,0.64,
16,5,0,0,2048,1.12,
17,25,0,0,2048,1.12,
16,22,1,0,2017,0.96,
16,20,8,0,2010,0.8,
16,23,0,0,2048,1.44,
16,22,14,0,2028,1.6,
16,22,16,0,2014,0.96,
16,24,0,0,2048,1.6,
16,25,25,0,2029,0.96,
17,23,27,0,2025,2.08,
16,22,0,0,2048,1.28,
16,21,31,0,2027,1.6,
16,0,33,0,2031,1.12,
16,43,0,0,2048,1.28,
16,18,37,0,2034,1.92,
16,21,39,0,2038,0.96,
16,17,0,0,2048,1.12,
17,3,22,0,2012,0.96,
16,18,3,1,2028,2.4,
16,2,26,0,2016,0.8,
16,11,28,0,2018,0.48,
16,13,1,0,2029,0.96,
16,12,32,0,2022,1.44,
16,3,0,0,2029,2.08,
17,6,3,0,2017,0.32,
16,19,5,0,2019,1.6,
16,0,0,0,2022,0.64,
16,21,0,1,2016,0.32,
16,9,44,0,2034,0.64,
16,26,29,0,2035,0.8,
16,24,0,0,2048,0.96,
16,21,35,0,2037,0.96,
17,21,15,0,2015,0.96,
16,21,0,0,2048,0.8,
16,21,30,0,2044,1.12,
16,22,21,0,2021,0.16,
16,13,0,0,2048,1.6,
16,26,6,0,2036,0.64,
16,22,28,0,2028,1.6,
16,1,0,0,2048,0.8,
17,40,31,0,2037,1.44,
16,22,33,0,2037,1.28,
16,22,0,0,2048,1.28,
16,20,35,0,2043,1.12,
16,16,29,0,2042,1.12,
16,11,0,0,2048,0.8,
16,13,25,0,2001,0.8,
16,0,0,1,2028,1.12,
17,20,0,1,2031,1.12,
16,10,1,0,2016,1.6,
16,5,34,0,2010,0.32,
16,16,0,1,2036,1.76,
16,0,38,0,2014,0.8,
16,11,1,0,2023,0.96,
16,16,0,1,2033,1.28,
17,3,7,0,2021,1.12,
16,22,1,0,2024,1.76,
16,11,33,0,2032,0.8,
16,21,1,0,2025,1.44,
16,18,2,0,2015,0.96,
16,22,0,0,2048,0.8,
16,21,10,0,2018,1.6,
16,23,14,0,2012,0.96,
17,22,0,0,2048,1.6,
16,25,19,0,2009,1.28,
16,20,24,0,2030,1.76,
16,26,0,0,2048,0.96,
16,21,28,0,2014,1.44,
16,4,30,0,2036,0.64,
16,39,0,0,2048,1.92,
16,20,34,0,2020,1.28,
17,17,9,0,2042,1.28,
16,15,0,0,2048,0.96,
16,2,40,0,2036,0.48,
16,24,0,0,2041,1.44,
16,5,44,0,2018,0.64,
16,14,14,0,2038,1.6,
16,2,0,1,2036,1.12,
16,14,0,1,2029,0.96,
17,10,9,0,2033,1.44,
16,10,4,0,2018,1.12,
16,5,0,0,2029,1.12,
16,16,0,0,2048,0.8,
16,5,26,0,2033,1.28,
16,18,0,0,2048,0.8,
16,1,0,1,2015,0.8,
17,30,3,0,2013,1.12,
16,24,8,0,2022,1.12,
16,0,0,0,2048,1.12,
16,42,14,0,2015,0.96,
16,21,16,0,2026,1.28,
16,22,0,0,2048,1.28,
16,21,21,0,2021,1.28,
16,4,22,0,2033,1.76,
17,41,0,0,2048,0.64,
16,8,20,0,2004,0.48,
16,32,10,1,2028,0.8,
16,24,0,0,2048,0.64,
16,20,27,0,2011,2.4,
16,22,10,0,2006,0.64,
16,19,0,0,2048,1.44,
16,0,19,0,2006,1.44,
17,26,35,0,2019,0.32,
16,10,24,0,2010,0.96,
16,7,1,0,2037,0.48,
16,13,0,0,2048,1.92,
16,4,0,0,2035,0.96,
16,8,1,0,2030,0.48,
16,14,0,0,2048,0.8,
16,5,0,0,2028,0.64,
17,8,0,1,2023,1.12,
16,15,0,0,2048,0.64,
16,8,0,1,2020,0.96,
16,10,0,0,2021,0.8,
16,15,0,0,2048,1.12,
16,21,5,0,2019,1.12,
16,22,7,0,2019,1.44,
17,0,6,2,2029,1.44,
16,39,0,0,2048,0.48,
16,20,14,0,2016,0.8,
16,7,12,0,2007,1.44,
16,39,0,0,2048,0.48,
16,9,21,0,2021,0.64,
16,39,26,0,2006,0.48,
16,25,0,0,2048,1.44,
17,22,29,0,2041,0.96,
16,19,32,0,2034,1.76,
16,22,33,0,2035,0.96,
16,12,14,2,2043,0.96,
16,24,38,0,2040,1.28,
16,15,37,0,2041,1.12,
16,8,3,0,2021,0.64,
16,13,0,1,2031,0.96,
17,7,0,0,2028,0.64,
16,6,1,0,2033,0.64,
16,17,0,0,2048,0.96,
16,7,1,0,2029,1.12,
16,10,0,1,2026,1.92,
16,4,0,0,2048,1.12,
16,11,2,0,2016,1.28,
16,12,16,0,2030,0.8,
17,0,0,0,2048,0.8,
16,21,20,0,2034,2.08,
16,16,46,0,2031,1.44,
16,19,5,0,2013,0.64,
16,6,10,0,2014,1.12,
16,38,0,0,2048,1.12,
16,21,15,0,2015,1.12,
17,22,18,0,2024,0.64,
16,20,20,0,2022,2.24,
16,20,7,0,2036,1.44,
16,21,24,0,2030,0.96,
16,23,26,0,2028,0.96,
16,12,20,0,1996,0.48,
16,35,30,0,2036,0.48,
16,19,32,0,2034,1.6,
17,22,7,0,2031,0.32,
16,20,0,0,2048,1.28,
16,17,3,2,2015,1.44,
16,14,9,0,2009,0.8,
16,11,0,0,2048,1.92,
16,6,13,0,2013,1.12,
16,11,45,0,2007,1.28,
16,15,46,0,2032,1.12,
17,5,0,0,2048,1.44,
16,9,21,0,2021,1.12,
16,10,0,1,2015,0.8,
16,8,0,0,2025,0.48,
16,7,0,0,2048,0.64,
16,10,1,0,2025,1.28,
16,14,1,0,2018,0.8,
16,4,1,0,2020,0.8,
17,23,13,0,2027,1.6,
16,15,5,0,2018,0.8,
16,33,10,0,2008,1.6,
16,20,19,0,2034,1.44,
16,20,16,0,2020,0.48,
16,20,19,0,2011,1.28,
16,20,26,0,2040,1.44,
17,21,3,1,2012,0.32,
16,25,13,0,2007,0.8,
16,24,0,0,2048,1.12,
16,24,30,0,1998,1.28,
16,21,31,0,2001,0.32,
16,21,0,0,2048,1.44,
16,6,36,0,2004,1.92,
16,36,37,0,2008,0.8,
17,14,0,0,2048,1.12,
16,16,16,0,2006,1.44,
16,4,44,0,2014,0.96,
16,14,0,1,2033,0.32,
16,5,0,0,2048,1.44,
16,11,0,1,2028,0.48,
16,9,0,1,2026,1.12,
16,4,0,1,2024,1.12,
17,11,51,0,2024,0.96,
16,3,1,0,2026,0.8,
16,10,0,0,2023,0.96,
16,6,1,0,2020,0.8,
16,13,0,1,2022,0.8,
16,2,0,0,2048,0.48,
16,30,1,1,2014,0.8,
16,24,0,0,2048,0.8,
17,19,34,0,2035,1.44,
16,9,15,0,2017,1.28,
16,32,0,0,2048,1.92,
16,11,3,0,2019,1.76,
16,29,21,0,2023,1.44,
16,25,0,0,2048,1.28,
16,24,25,0,1999,1.44,
17,25,29,0,2027,0.96,
16,23,0,0,2048,0.96,
16,22,33,0,2043,1.28,
16,22,36,0,2032,0.96,
16,23,0,0,2048,0.64,
16,16,17,1,2022,0.8,
16,4,37,0,2038,0.64,
16,21,0,0,2048,0.8,
17,2,22,0,2036,0.8,
16,14,0,0,2034,1.12,
16,6,51,0,2019,0.32,
16,7,0,1,2029,1.12,
16,18,12,0,2022,1.12,
16,9,49,0,2024,0.8,
16,9,39,0,2024,1.28,
16,3,0,1,2021,0.96,
17,14,10,0,2024,0.96,
16,6,0,0,2048,1.12,
16,23,0,0,2048,1.28,
16,10,0,0,2048,0.96,
16,38,28,0,2038,1.12,
16,23,13,0,2023,0.64,
16,20,0,0,2048,1.92,
16,25,34,0,2044,0.96,
17,22,24,0,2014,1.12,
16,20,32,0,2046,0.32,
16,17,28,0,2020,0.48,
16,24,30,0,2020,0.16,
16,15,3,1,2031,1.28,
16,23,34,0,2027,1.12,
16,22,37,0,2035,0.8,
17,22,0,0,2048,0.8,
16,24,13,0,2019,1.28,
16,4,19,1,2039,0.96,
16,27,0,0,2048,1.28,
16,4,24,0,2020,0.96,
16,11,0,0,2048,0.8,
16,8,0,0,2048,0.8,
16,5,0,0,2048,0.48,
17,9,0,1,2026,0.8,
16,13,0,1,2024,1.76,
16,9,0,1,2021,1.44,
16,14,0,1,2018,0.96,
16,11,0,1,2019,1.12,
16,1,0,1,2017,0.96,
16,32,12,0,2026,1.12,
16,20,0,0,2048,0.96,
17,20,9,0,2019,0.8,
16,8,11,0,2019,0.64,
16,29,4,2,2024,0.64,
16,19,15,0,2025,1.12,
16,22,17,0,2025,1.12,
16,0,19,0,2001,1.44,
16,47,22,0,2030,1.28,
16,26,26,0,2028,1.44,
17,24,30,0,2034,1.28,
16,22,32,0,2032,1.12,
16,21,0,0,2048,1.28,
16,20,36,0,2040,0.96,
16,7,38,0,2039,0.48,
16,20,40,0,2039,1.44,
16,16,4,0,2016,1.6,
17,0,1,0,2033,1.12,
16,24,1,0,2030,1.12,
16,12,0,0,2035,1.28,
16,5,0,0,2048,1.6,
16,15,0,1,2029,0.48,
16,7,0,1,2020,1.28,
16,6,0,0,2048,0.96,
16,6,1,0,2015,0.48,
17,15,0,1,2016,0.96,
16,14,2,0,2016,1.44,
16,13,0,1,2019,1.76,
16,22,28,0,2039,0.96,
16,24,0,0,2048,0.96,
16,25,13,0,2027,2.24,
16,25,34,0,2045,1.28,
16,20,0,0,2048,2.24,
17,4,21,0,2019,0.8,
16,36,4,1,2021,1.28,
16,18,25,0,2027,1.44,
16,6,0,0,2048,1.76,
16,36,29,0,2041,1.76,
16,22,13,0,2011,0.96,
16,24,0,0,2048,1.28,
16,22,22,0,2046,0.64,
17,20,23,0,2015,0.32,
16,17,0,0,2048,1.6,
16,12,37,0,2039,2.08,
16,8,2,0,2014,1.12,
16,3,31,0,2021,0.8,
16,21,5,0,2017,1.44,
16,5,1,0,2023,1.44,
17,15,11,0,2022,1.6,
16,5,40,0,2030,1.44,
16,14,0,0,2048,1.12,
16,10,0,0,2048,1.44,
16,12,4,0,2018,1.28,
16,5,7,0,2021,0.32,
16,14,1,0,2015,0.96,
16,20,6,0,2020,1.76,
17,18,13,0,2027,1.44,
16,16,3,1,2012,1.92,
16,24,0,0,2048,1.6,
16,7,11,0,2025,0.8,
16,41,15,0,2013,1.76,
16,7,0,0,2048,1.6,
16,33,20,0,2028,1.6,
16,16,21,0,2019,0.96,
17,24,24,0,2032,0.96,
16,2,27,0,2041,0.48,
16,47,28,0,2047,1.12,
16,20,30,0,2039,1.44,
16,17,29,0,2047,1.44,
16,29,15,0,2014,2.24,
16,11,27,0,2044,1.28,
16,9,5,0,2025,0.64,
17,18,36,0,2012,1.76,
16,8,0,0,2048,2.24,
16,12,0,0,2048,0.8,
16,1,0,1,2031,0.48,
16,17,0,1,2028,0.48,
16,2,0,0,2034,0.8,
16,10,1,0,2032,1.92,
17,10,0,1,2023,1.6,
16,14,14,0,2028,1.92,
16,2,29,0,2029,1.12,
16,9,2,0,2016,0.8,
16,11,4,0,2018,1.44,
16,6,0,0,2048,1.44,
16,27,5,0,2019,1.92,
16,21,0,0,2048,2.08,
17,18,28,0,2042,1.12,
16,28,7,2,2033,2.08,
16,22,15,0,2027,1.44,
16,22,11,1,2046,1.6,
16,17,11,0,2005,1.12,
16,25,21,0,2033,0.64,
16,3,17,1,2005,0.48,
16,35,24,0,2004,0.96,
17,26,28,0,2026,0.8,
16,7,22,2,2009,1.28,
16,41,0,0,2048,1.28,
16,18,34,0,2032,0.8,
16,20,28,0,1992,1.28,
16,18,0,0,2048,1.44,
16,12,40,0,2038,0.48,
16,6,0,1,2015,1.28,
17,3,0,0,2041,1.28,
16,15,0,0,2048,0.64,
16,4,0,0,2048,1.44,
16,9,0,0,2048,1.12,
16,10,0,0,2048,1.6,
16,1,0,0,2048,1.6,
16,13,1,0,2025,1.28,
17,14,0,0,2048,1.6,
16,0,1,0,2022,1.6,
16,11,0,0,2048,0.64,
16,11,23,0,2037,1.28,
16,20,2,0,2016,1.28,
16,21,43,0,2022,1.44,
16,10,0,0,2048,1.12,
16,31,13,0,2015,1.12,
17,21,16,0,2018,1.92,
16,17,0,0,2048,0.96,
16,30,20,0,2026,0.96,
16,23,22,0,2024,0.64,
16,5,0,0,2048,1.28,
16,42,27,0,2031,1.92,
16,21,29,0,2030,0.8,
16,20,0,0,2048,0.64,
17,23,30,0,2000,0.8,
16,20,36,0,2036,0.48,
16,19,0,0,2048,0.8,
16,21,36,0,2006,0.48,
16,9,20,0,2040,0.48,
16,10,0,0,2048,1.6,
16,11,22,0,2037,1.76,
16,4,0,0,2048,1.12,
17,14,1,0,2030,1.28,
16,8,0,1,2026,1.28,
16,0,50,0,2021,1.28,
16,16,3,0,2030,0.96,
16,4,1,0,2028,0.8,
16,5,0,0,2048,0.48,
16,14,4,0,2019,1.12,
17,4,0,1,2018,0.32,
16,21,9,0,2023,1.6,
16,19,6,0,2020,0.48,
16,23,0,0,2048,0.8,
16,20,15,0,2029,1.12,
16,0,15,0,2023,2.08,
16,41,0,0,2048,0.8,
16,20,19,0,2015,1.28,
17,23,23,0,2019,0.8,
16,24,22,0,1999,0.8,
16,22,26,0,2025,1.12,
16,4,29,0,2025,1.76,
16,43,30,0,2004,1.6,
16,21,33,0,2031,1.12,
16,21,35,0,2031,1.12,
16,20,37,0,2009,1.28,
17,21,38,0,2036,1.44,
16,15,0,0,2048,0.96,
16,11,23,0,2040,0.8,
16,7,0,0,2048,0.48,
16,5,19,0,2007,0.48,
16,14,0,0,2035,0.64,
16,2,0,0,2048,0.48,
16,17,25,0,2013,0.8,
17,8,27,0,2015,1.12,
16,8,35,0,2026,0.32,
16,8,0,1,2021,0.96,
16,11,0,0,2018,0.64,
16,12,0,1,2016,0.64,
16,8,2,0,2016,0.96,
16,25,4,0,2019,0.96,
17,2,17,0,2031,0.64,
16,44,0,0,2048,0.48,
16,23,44,0,2034,0.8,
16,21,23,0,2037,0.48,
16,22,0,0,2048,1.76,
16,21,13,2,2015,1.12,
16,21,29,0,2043,1.12,
16,20,0,0,2048,0.64,
17,24,28,0,2028,1.44,
16,20,10,0,2006,0.32,
16,22,0,0,2048,1.28,
16,21,35,0,2035,0.8,
16,21,22,0,2006,1.12,
16,20,0,0,2048,0.96,
16,8,34,0,2040,0.96,
16,17,28,0,2012,1.28,
17,10,23,0,2038,1.12,
16,7,0,1,2036,0.48,
16,15,0,0,2048,1.28,
16,6,0,0,2033,0.96,
16,10,41,0,2029,0.48,
16,11,0,0,2028,0.48,
16,0,0,0,2048,0.48,
16,18,4,0,2018,0.64,
17,8,0,1,2020,0.8,
16,10,0,1,2017,0.48,
16,6,0,0,2048,0.48,
16,34,12,0,2026,0.8,
16,22,8,0,2020,1.12,
16,20,0,0,2048,2.08,
16,2,19,0,2033,1.6,
17,40,10,2,2023,0.8,
16,21,0,0,2048,1.6,
16,20,20,0,2016,2.08,
16,23,21,0,1999,0.64,
16,21,0,0,2048,1.44,
16,24,27,0,2022,1.12,
16,24,30,0,2002,1.44,
16,22,0,0,2048,0.96,
17,20,35,0,2037,1.92,
16,21,37,0,2021,0.48,
16,19,0,0,2048,0.48,
16,5,16,0,2041,0.96,
16,15,1,0,2039,1.12,
16,11,0,1,2038,1.12,
16,4,15,0,2015,0.48,
16,18,0,1,2032,0.48,
17,3,0,0,2048,0.16,
16,17,14,0,2022,0.64,
16,0,0,0,2048,0.8,
16,17,1,0,2026,1.12,
16,4,20,0,2028,1.28,
16,13,3,0,2026,0.8,
16,7,15,0,2029,0.32,
16,17,17,0,2031,0.48,
17,20,19,0,2033,1.44,
16,25,30,0,2038,1.28,
16,24,12,0,2022,1.28,
16,23,25,0,2039,1.12,
16,21,31,0,2044,1.12,
16,21,21,0,2025,0.48,
16,20,31,0,2045,2.4,
17,22,0,0,2048,1.44,
16,22,10,0,2010,1.28,
16,22,30,0,2038,1.76,
16,22,0,0,2048,1.28,
16,22,17,0,2015,1.44,
16,22,32,0,2044,0.8,
16,20,0,0,2048,1.12,
16,9,27,0,2017,0.64,
17,23,42,0,2036,1.44,
16,5,3,0,2032,0.8,
16,8,0,1,2027,1.12,
16,15,36,0,2019,0.32,
16,5,36,0,2010,1.12,
16,14,0,0,2048,0.64,
16,7,0,0,2029,0.64,
16,15,13,0,2025,0.8,
17,10,44,0,2018,0.64,
16,15,0,0,2048,1.28,
16,2,0,0,2048,1.28,
16,20,50,0,2025,0.48,
16,0,5,0,2031,1.28,
16,39,25,0,2037,1.28,
16,20,0,0,2048,1.6,
16,21,12,0,2010,0.8,
17,23,14,0,2022,2.08,
16,22,0,0,2048,0.48,
16,21,19,0,2027,0.8,
16,19,22,0,2026,1.28,
16,23,0,0,2048,1.6,
16,21,25,0,2034,2.56,
16,13,28,0,2032,0.96,
17,27,0,0,2048,1.76,
16,24,12,0,2012,0.48,
16,24,34,0,2038,1.28,
16,20,0,0,2048,0.8,
16,1,23,0,2014,0.8,
16,28,19,0,2042,0,
16,6,0,1,2041,0.32,
16,11,1,0,2038,2.08,
17,9,0,0,2036,1.12,
16,8,0,0,2048,0.96,
16,10,36,0,2026,1.12,
16,4,38,0,2028,1.44,
16,10,14,0,2030,1.44,
16,4,1,0,2025,1.6,
16,14,1,0,2023,0.96,
16,9,37,0,2035,1.76,
17,10,0,1,2019,1.12,
16,3,6,0,2020,1.44,
16,23,2,0,2016,2.08,
16,7,4,0,2016,1.6,
16,30,1,1,2014,1.28,
16,23,9,0,2023,0.64,
16,22,0,0,2048,1.12,
16,1,16,0,2012,1.12,
17,44,18,0,2024,0.48,
16,23,22,0,2000,0.96,
16,26,25,0,2023,2.24,
16,25,29,0,2025,1.76,
16,22,32,0,2002,1.28,
16,21,33,0,2027,1.6,
16,5,36,0,2031,0.48,
17,37,38,0,2034,1.12,
16,21,40,0,2024,1.28,
16,13,0,0,2048,1.6,
16,12,25,0,2038,0.8,
16,1,46,0,2030,0.8,
16,21,0,1,2034,0.96,
16,1,0,0,2048,1.76,
16,15,21,0,2032,1.6,
17,3,0,0,2028,1.6,
16,8,0,1,2026,1.12,
16,7,34,0,2025,0.96,
16,10,18,0,2026,1.44,
16,6,1,0,2018,0.48,
16,16,0,0,2048,1.28,
16,0,0,0,2048,0.96,
16,33,0,0,2048,0.96,
17,26,29,0,2037,0.48,
16,22,12,0,2024,0.96,
16,22,0,0,2048,1.6,
16,21,35,0,2043,1.44,
16,20,20,0,2028,0.64,
16,10,0,0,2048,1.12,
16,29,8,1,2026,0.64,
16,21,26,0,2035,0.8,
17,18,0,0,2048,1.12,
16,5,31,0,2027,0.48,
16,45,32,0,2034,0.96,
16,24,0,0,2048,0.96,
16,21,37,0,2033,1.6,
16,15,38,0,2040,2.08,
16,12,0,0,2048,1.6,
17,19,5,0,2038,1.12,
16,0,0,0,2048,1.12,
16,12,0,0,2038,1.6,
16,14,0,1,2035,1.44,
16,4,42,0,2018,1.6,
16,16,0,1,2031,1.44,
16,1,0,0,2048,1.28,
16,16,1,0,2026,1.28,
17,10,0,0,2048,0.96,
16,10,0,1,2021,0.8,
16,9,0,1,2016,0.96,
16,9,0,0,2048,0.64,
16,24,11,0,2025,0.8,
16,15,8,0,2018,0.8,
16,25,10,0,2020,0.64,
16,24,12,0,2020,0.32,
17,22,16,0,2020,1.12,
16,23,0,0,2048,1.28,
16,20,24,0,2038,1.12,
16,10,22,0,2026,0.8,
16,36,0,0,2048,1.44,
16,23,30,0,2044,1.76,
16,23,28,0,2033,0.64,
16,0,0,0,2048,1.28,
17,46,33,0,2024,0.96,
16,19,35,0,1992,1.6,
16,18,0,0,2048,2.08,
16,7,0,0,2048,1.12,
16,17,42,0,1998,1.44,
16,0,44,0,2034,1.6,
16,12,39,0,2035,0.64,
17,14,27,0,2035,0.8,
16,10,0,1,2029,0.8,
16,10,0,0,2048,1.44,
16,3,0,1,2026,0.64,
16,16,0,1,2022,1.12,
16,4,0,0,2048,0.8,
16,9,0,0,2023,0.96,
16,13,0,0,2048,0.96,
17,13,49,0,2018,0.8,
16,15,0,0,2048,0.64,
16,23,9,0,2023,1.12,
16,23,22,0,2036,1.12,
16,23,0,0,2048,1.76,
16,23,19,0,2025,1.28,
16,21,28,0,2042,1.44,
16,19,0,0,2048,1.76,
17,21,5,1,2027,2.24,
16,12,26,0,2030,1.76,
16,28,28,0,2030,2.24,
16,23,11,0,2009,1.12,
16,22,32,0,2036,1.12,
16,22,34,0,2036,0.8,
16,26,24,0,2008,0.32,
16,23,32,0,2042,1.6,
17,16,30,0,2014,0.8,
16,11,9,1,2037,0.96,
16,8,0,0,2048,0.64,
16,4,0,0,2048,0.96,
16,13,0,1,2025,0.96,
16,3,41,0,2007,1.6,
16,14,0,0,2048,0.48,
17,5,0,0,2048,0.64,
16,10,0,0,2048,0.96,
16,9,0,1,2026,0.32,
16,13,51,0,2017,0.32,
16,6,1,0,2020,2.4,
16,12,0,0,2048,1.12,
16,23,5,0,2015,1.28,
16,7,0,0,2048,1.28,
17,31,6,0,2010,0.96,
16,18,17,0,2031,0.8,
16,26,16,0,2031,1.92,
16,21,17,0,2011,1.12,
16,25,24,0,2038,0.8,
16,5,23,0,2037,0.96,
16,41,25,0,2016,0.96,
16,23,30,0,2044,1.28,
17,24,29,0,2022,1.28,
16,23,33,0,2047,1.12,
16,20,0,0,2048,1.12,
16,8,38,0,2026,0.96,
16,29,4,1,2027,1.28,
16,14,36,0,2040,0.8,
16,6,36,0,2038,0.48,
16,12,5,0,2017,0.96,
17,9,47,0,2023,1.6,
16,16,49,0,2025,0.96,
16,10,51,0,2005,1.12,
16,9,43,0,2028,1.76,
16,5,0,0,2048,1.76,
16,6,57,0,2011,1.12,
16,11,1,0,2027,1.28,
17,6,0,0,2048,1.12,
16,17,0,1,2021,0.48,
16,13,3,0,2018,1.44,
16,21,4,0,2015,0.48,
16,0,28,0,2040,0.96,
16,44,0,0,2048,0.8,
16,9,16,0,2016,1.12,
16,37,30,0,2046,0.8,
17,20,0,0,2048,2.08,
16,18,22,0,2028,1.44,
16,18,24,0,2024,1.76,
16,18,0,0,2048,1.44,
16,7,0,0,2048,0.16,
16,36,31,0,2027,0.8,
16,23,14,0,2014,0.48,
16,26,20,0,2002,1.44,
17,23,25,0,2007,0.96,
16,22,0,0,2048,1.44,
16,13,37,0,2039,1.6,
16,5,31,0,2013,1.6,
16,9,45,0,2031,0.48,
16,13,0,0,2048,0.48,
16,5,0,0,2033,0.48,
16,13,1,0,2032,1.12,
17,3,41,0,2027,1.12,
16,16,43,0,2030,0.96,
16,5,0,1,2024,0.8,
16,16,48,0,2024,1.28,
16,0,0,1,2018,0.8,
16,22,0,1,2016,1.12,
16,5,0,0,2048,0.8,
17,29,6,0,2016,1.44,
16,9,8,0,2018,1.28,
16,10,0,0,2048,0.96,
16,42,12,0,2022,1.44,
16,26,15,0,2023,0.8,
16,23,0,0,2048,1.44,
16,22,22,0,2024,1.6,
16,21,24,0,2026,1.28,
17,26,26,0,2010,1.12,
16,22,29,0,2031,1.76,
16,23,31,0,2022,1.44,
16,20,33,0,2015,1.44,
16,18,35,0,2037,1.92,
16,21,38,0,2028,0.8,
16,15,39,0,2021,1.12,
16,3,22,0,2041,1.6,
17,18,12,0,2041,1.28,
16,13,0,1,2033,1.92,
16,8,0,1,2035,1.44,
16,12,0,0,2029,1.12,
16,7,35,0,2031,1.92,
16,8,0,0,2025,1.92,
16,10,0,0,2030,1.28,
16,8,0,0,2028,0.8,
17,5,0,0,2048,0.48,
16,13,0,0,2048,0.96,
16,6,1,0,2016,0.8,
16,21,3,0,2018,0.8,
16,20,6,0,2012,0.96,
16,22,9,0,2023,1.6,
16,22,13,0,2015,0.48,
17,21,15,0,2024,1.12,
16,20,17,0,2017,1.92,
16,20,0,0,2048,1.44,
16,18,0,0,2048,0.96,
16,20,0,0,2048,0.96,
16,5,26,0,2034,1.12,
16,39,28,0,2028,1.6,
16,25,0,0,2048,2.56,
17,26,23,0,2013,1.28,
16,3,34,0,2038,1.28,
16,45,0,0,2048,1.6,
16,19,38,0,2010,0.64,
16,5,26,0,2042,2.24,
16,15,0,0,2048,0.64,
16,4,0,0,2048,0.8,
16,9,0,0,2022,0.8,
17,5,48,0,2020,0.48,
16,5,1,0,2024,1.6,
16,7,52,0,2024,1.6,
16,8,48,0,2026,1.28,
16,8,0,0,2048,0.96,
16,11,29,0,2026,0.32,
16,3,0,0,2022,0.8,
16,11,4,0,2018,0.8,
17,2,6,0,2020,1.44,
16,16,8,0,2022,1.12,
16,19,0,0,2048,0.64,
16,23,18,0,2032,1.12,
16,26,11,0,2017,1.28,
16,25,0,0,2048,1.12,
16,24,24,0,2038,0.96,
17,24,23,0,2019,1.6,
16,25,0,0,2048,2.08,
16,23,29,0,2019,1.44,
16,4,33,0,2021,1.6,
16,44,0,0,2048,0.8,
16,9,37,0,2025,1.44,
16,29,39,0,2027,1.6,
16,2,0,0,2048,1.6,
17,37,5,1,2040,1.92,
16,19,14,0,2037,0.64,
16,16,0,0,2048,1.28,
16,3,9,0,2007,1.76,
16,9,7,2,2008,0.8,
16,3,1,0,2030,1.28,
16,15,0,1,2026,1.12,
16,8,17,0,2015,0.48,
17,3,0,1,2023,0.8,
16,11,0,0,2025,0.48,
16,5,21,0,2018,1.12,
16,7,3,0,2015,1.44,
16,21,0,0,2020,0.96,
16,20,3,0,2013,0.64,
16,23,7,0,2019,1.28,
16,23,34,0,2038,0.96,
17,22,0,0,2048,1.28,
16,23,32,0,2036,1.76,
16,2,21,0,2023,1.12,
16,37,0,0,2048,0.8,
16,20,7,1,2012,0.64,
16,19,27,0,2029,1.12,
16,16,0,0,2048,0.8,
17,26,31,0,2037,0.96,
16,22,34,0,2034,1.28,
16,22,0,0,2048,1.44,
16,24,34,0,2043,1.44,
16,24,37,0,2040,2.72,
16,9,0,0,2048,1.44,
16,18,16,0,2016,1.12,
16,3,2,0,2032,1.28,
17,10,36,0,2006,1.12,
16,12,38,0,2013,0.96,
16,2,6,0,2018,1.44,
16,22,0,1,2018,0.96,
16,8,44,0,2014,2.08,
16,8,47,0,2021,0.64,
16,14,4,0,2018,0.64,
16,6,50,0,2020,0.64,
17,17,0,0,2048,1.44,
16,20,1,1,2026,1.6,
16,16,23,0,2035,1.6,
16,17,13,0,2027,1.44,
16,4,0,0,2048,1.12,
16,42,29,0,2041,0.64,
16,7,19,0,2033,0.64,
16,39,0,0,2048,1.12,
17,6,23,0,2005,1.28,
16,40,24,0,2003,1.12,
16,7,0,0,2048,0.96,
16,40,29,0,2011,1.92,
16,22,32,0,2008,1.44,
16,8,0,0,2048,1.44,
16,33,35,0,2017,1.12,
17,18,38,0,2040,1.44,
16,0,4,0,2034,0.64,
16,24,42,0,2018,0.96,
16,9,0,0,2048,1.12,
16,10,7,0,2019,1.28,
16,9,1,0,2034,0.96,
16,10,50,0,2026,0.8,
16,9,48,0,2028,0.32,
17,13,1,0,2027,0.96,
16,4,17,0,2029,1.44,
16,6,16,0,2030,0.64,
16,15,0,1,2019,0.8,
16,3,0,0,2048,1.44,
16,21,16,0,2030,0.48,
16,8,24,0,2038,1.12,
16,33,0,0,2048,1.28,
17,24,11,0,2011,1.28,
16,15,15,0,2013,0.8,
16,30,0,0,2048,1.44,
16,7,19,0,2016,1.28,
16,33,21,0,2019,1.92,
16,20,0,0,2048,1.28,
16,19,26,0,2022,0.96,
16,21,27,0,2025,1.6,
17,22,9,1,2024,0.96,
16,22,32,0,2032,0.8,
16,20,33,0,2035,0.32,
16,25,20,0,1999,0.8,
16,20,38,0,2038,1.76,
16,15,36,0,2041,1.12,
16,13,27,0,2005,1.76,
17,11,30,0,2024,0.48,
16,7,32,0,2026,0.8,
16,16,33,0,2011,0.96,
16,8,36,0,2030,1.28,
16,7,38,0,2032,1.44,
16,11,39,0,2017,1.28,
16,10,0,0,2026,1.44,
16,6,0,0,2048,1.6,
17,23,3,0,2017,1.12,
16,11,5,0,2019,1.6,
16,15,7,0,2021,0.8,
16,18,1,1,2027,1.28,
16,20,1,1,2015,2.08,
16,20,7,0,2011,0.48,
16,21,0,0,2048,0.8,
16,8,15,0,2023,1.12,
17,38,17,0,2011,0.96,
16,12,0,0,2048,1.28,
16,29,21,0,2027,1.28,
16,22,23,0,2017,1.76,
16,14,0,0,2048,1.44,
16,29,27,0,2033,1.44,
16,15,30,0,2024,0.8,
16,29,0,0,2048,1.76,
17,20,34,0,2044,1.12,
16,18,36,0,2041,1.12,
16,16,0,0,2048,1.6,
16,7,39,0,2037,1.44,
16,18,38,0,2039,1.12,
16,3,0,0,2048,2.08,
16,18,0,0,2048,0.96,
17,1,0,1,2026,2.24,
16,15,0,0,2048,1.6,
16,8,23,0,2032,1.12,
16,11,0,0,2021,1.6,
16,1,1,0,2019,0.8,
16,16,0,1,2015,0.64,
16,7,21,0,2035,1.6,
16,16,5,0,2019,1.6,
17,14,0,1,2015,1.28,
16,18,3,0,2015,1.12,
16,19,29,0,2043,1.28,
16,21,15,0,2029,2.56,
16,22,10,0,2020,1.6,
16,21,7,1,2042,2.08,
16,21,21,0,2035,0.8,
16,20,17,0,2027,1.6,
17,3,19,0,2027,1.6,
16,45,0,0,2048,1.28,
16,24,24,0,2039,1.12,
16,24,29,0,2029,0.96,
16,11,0,0,2048,1.12,
16,36,34,0,2042,1.44,
16,0,36,0,2034,1.28,
16,32,0,0,2048,0.8,
17,3,2,0,2035,1.6,
16,24,0,0,2048,1.12,
16,2,0,0,2048,2.08,
16,15,0,0,2048,1.6,
16,9,49,0,2014,1.6,
16,4,0,0,2048,1.6,
16,12,53,0,2017,1.12,
17,7,0,0,2048,1.28,
16,9,13,0,2027,1.28,
16,5,0,0,2048,1.28,
16,7,17,0,2031,1.12,
16,10,1,0,2015,0.8,
16,3,0,1,2015,0.32,
16,25,2,0,2016,1.12,
16,20,0,0,2048,0.8,
17,26,20,0,2035,0.96,
16,26,13,0,2017,2.4,
16,25,0,0,2048,1.28,
16,21,27,0,2041,1.28,
16,22,22,0,2022,2.56,
16,0,0,0,2048,0.64,
16,40,32,0,2047,1.92,
16,20,28,0,2028,1.12,
17,21,0,0,2048,1.44,
16,22,11,0,2010,2.08,
16,22,34,0,2040,1.76,
16,21,0,0,2048,1.76,
16,22,21,0,2013,1.6,
16,17,17,1,2039,1.76,
16,15,0,0,2048,1.28,
16,5,27,0,2019,1.12,
17,5,0,0,2048,1.92,
16,14,0,1,2031,0.8,
16,6,0,1,2017,0.64,
16,4,1,0,2015,0.32,
16,11,0,0,2048,0.8,
16,15,40,0,2018,1.44,
16,12,42,0,2033,1.28,
17,3,9,0,2023,1.44,
16,14,1,0,2015,0.48,
16,14,9,0,2023,0.64,
16,4,11,0,2025,0.96,
16,32,6,0,2020,2.24,
16,19,6,0,2018,1.28,
16,22,10,0,2011,1.44,
16,25,12,0,2026,0.96,
17,22,21,0,2035,1.6,
16,23,0,0,2048,1.92,
16,10,14,0,2019,0.8,
16,34,28,0,2042,1.6,
16,21,0,0,2048,1.12,
16,22,25,0,1995,1.28,
16,21,22,0,2047,1.6,
16,20,0,0,2048,0.8,
17,20,32,0,2016,1.28,
16,21,16,0,2046,0.8,
16,18,0,0,2048,2.24,
16,5,38,0,2023,1.28,
16,21,0,0,2048,0.8,
16,1,0,1,2022,0.48,
16,19,32,0,2036,1.28,
16,0,0,0,2037,1.28,
17,13,32,0,2016,0.48,
16,4,0,0,2048,1.28,
16,11,27,0,2020,0.8,
16,12,38,0,2022,0.32,
16,9,32,0,2024,0.32,
16,10,0,0,2048,1.6,
16,6,13,0,2027,0.8,
17,20,38,0,2030,0.96,
16,14,0,0,2048,0.64,
16,21,5,0,2017,0.64,
16,20,18,0,2032,1.28,
16,22,12,0,2017,1.12,
16,18,14,0,2020,1.92,
16,6,24,0,2038,2.4,
16,39,19,0,2023,1.76,
17,24,0,0,2048,2.24,
16,22,24,0,2020,1.44,
16,23,26,0,1999,0.96,
16,22,0,0,2048,0.96,
16,21,30,0,2026,1.12,
16,0,33,0,2005,1.28,
16,40,0,0,2048,2.4,
16,20,36,0,2033,0.96,
17,20,18,0,2008,1.76,
16,14,0,0,2048,0.64,
16,8,30,0,2038,1.28,
16,8,0,1,2039,1.12,
16,10,26,0,2017,0.64,
16,18,1,0,2035,1.28,
16,4,22,0,2022,1.12,
16,17,0,0,2048,0.48,
17,4,35,0,2025,1.12,
16,12,28,0,2028,2.4,
16,6,0,0,2048,1.28,
16,13,0,0,2018,1.28,
16,13,0,0,2048,0.96,
16,21,3,0,2017,0.8,
16,19,6,0,2012,0.96,
17,24,0,0,2048,1.12,
16,20,13,0,2019,1.44,
16,4,6,0,2014,2.08,
16,37,0,0,2048,1.28,
16,21,19,0,2025,0.96,
16,20,15,0,2011,1.6,
16,20,0,0,2048,0.32,
16,19,25,0,2031,0.32,
17,23,27,0,2029,1.12,
16,21,0,0,2048,0.64,
16,13,32,0,2038,0.96,
16,35,33,0,2035,0.64,
16,22,0,0,2048,1.12,
16,19,28,0,2043,1.44,
16,7,36,0,2041,0.8,
16,10,0,0,2048,1.28,
17,16,0,0,2048,0.48,
16,6,0,0,2031,1.12,
16,13,0,1,2036,1.12,
16,9,0,0,2048,1.76,
16,6,41,0,2037,1.76,
16,13,0,0,2029,1.6,
16,5,14,0,2037,0.16,
16,11,10,0,2024,1.6,
17,7,12,0,2026,0.96,
16,9,7,0,2021,0.8,
16,14,16,0,2030,0.96,
16,17,0,0,2048,0.8,
16,11,0,0,2048,1.28,
16,26,3,0,2015,0.64,
16,21,24,0,2038,1.12,
17,20,0,0,2048,0.48,
16,25,15,0,2025,0.8,
16,22,18,0,2026,1.12,
16,25,0,0,2048,1.28,
16,23,22,0,2030,2.24,
16,7,24,0,2032,1.28,
16,39,0,0,2048,0.96,
16,0,30,0,2036,0.96,
17,40,31,0,2031,0.8,
16,20,0,0,2048,0.96,
16,19,8,1,2025,1.28,
16,17,37,0,2037,0.8,
16,7,0,0,2048,0.96,
16,20,0,0,2048,0.96,
16,10,0,0,2036,1.6,
16,10,11,0,2019,1.12,
17,7,13,0,2021,0.96,
16,13,0,1,2030,0.96,
16,10,0,0,2048,0.8,
16,5,19,0,2027,0.48,
16,14,0,0,2048,0.96,
16,1,0,0,2048,0.16,
16,20,0,0,2048,0.64,
16,5,0,0,2048,1.12,
17,20,0,1,2015,0.8,
16,14,0,0,2048,0.8,
16,26,34,0,2042,1.44,
16,23,10,0,2022,1.12,
16,17,0,0,2048,1.6,
16,22,9,0,2031,0.64,
16,22,16,0,2028,1.28,
17,2,20,0,2022,1.6,
16,40,19,0,2011,1.92,
16,21,11,1,2046,1.92,
16,22,26,0,2028,1.28,
16,20,26,0,2018,1.28,
16,25,20,1,2002,0.64,
16,22,32,0,2034,1.76,
16,1,32,0,2024,1.76,
17,38,0,0,2048,1.44,
16,17,3,0,2015,1.28,
16,8,3,1,2017,1.6,
16,15,2,0,2014,1.44,
16,12,1,0,2034,0.96,
16,13,38,0,2028,0.48,
16,0,33,0,2015,0.48,
16,20,1,0,2019,0.96,
17,2,0,1,2033,0.64,
16,13,40,0,2022,0.96,
16,10,0,1,2019,0.8,
16,12,0,1,2016,0.96,
16,11,27,0,2033,0.8,
16,5,1,0,2016,1.12,
16,17,2,0,2016,0.96,
16,24,33,0,2039,0.32,
17,19,6,0,2020,0.8,
16,25,10,0,2016,0.64,
16,21,9,2,2007,1.76,
16,20,15,0,2023,1.12,
16,21,16,0,2022,1.76,
16,21,16,0,2010,0.8,
16,8,22,0,2030,0.8,
17,36,10,1,2005,0.64,
16,24,0,0,2048,2.24,
16,23,26,0,2004,0.8,
16,2,28,0,2000,1.12,
16,43,0,0,2048,1.44,
16,3,32,0,2010,1.6,
16,31,34,0,2006,1.76,
16,9,0,0,2048,0.96,
17,14,14,0,2010,0.64,
16,7,30,0,2040,0.32,
16,10,9,0,2040,0.8,
16,14,20,0,2016,0.8,
16,0,46,0,2024,1.76,
16,20,24,0,2020,0.8,
16,0,1,0,2028,0.8,
16,19,53,0,2025,0.48,
17,7,0,0,2048,1.76,
16,9,33,0,2029,0.8,
16,4,0,0,2048,0.8,
16,14,0,0,2048,0.96,
16,6,0,1,2023,0.64,
16,27,4,0,2018,1.12,
16,21,6,0,2012,1.76,
16,22,10,0,2012,1.12,
17,22,0,0,2048,1.76,
16,23,15,0,2023,0.8,
16,21,32,0,2046,1.92,
16,21,0,0,2048,1.6,
16,21,22,0,2028,0.8,
16,21,6,0,2029,0.48,
16,21,0,0,2048,0.96,
17,23,27,0,2034,0.8,
16,20,29,0,2011,0.16,
16,24,0,0,2048,0.8,
16,24,34,0,2040,0.8,
16,1,35,0,2017,1.6,
16,33,0,0,2048,0.96,
16,2,15,0,2043,0.8,
16,19,1,0,2025,0.8,
17,4,0,0,2048,1.76,
16,15,1,0,2037,0.96,
16,10,0,0,2048,0.8,
16,11,2,0,2016,0.96,
16,5,0,0,2048,0.96,
16,14,0,0,2019,1.28,
16,9,0,0,2048,1.6,
16,14,2,0,2016,1.12,
17,3,4,0,2018,0.96,
16,17,0,1,2016,0.8,
16,13,20,0,2032,0.16,
16,10,0,0,2048,0.64,
16,30,0,0,2048,0.64,
16,21,14,0,2028,0.96,
16,1,13,0,2007,0.64,
16,46,0,0,2048,1.44,
17,20,18,0,2028,1.92,
16,21,20,0,2022,1.12,
16,0,0,0,2048,0.48,
16,44,24,0,2034,0.64,
16,20,26,0,2029,1.12,
16,22,0,0,2048,0.8,
16,22,30,0,2040,0.96,
17,22,33,0,2037,1.12,
16,22,20,0,2000,0.64,
16,21,31,0,2044,1.92,
16,13,28,0,2042,2.24,
16,1,9,0,2026,0.64,
16,21,0,1,2037,1.76,
16,5,17,0,2007,1.6,
16,10,34,0,2012,1.44,
17,10,1,0,2018,1.28,
16,8,0,0,2016,1.28,
16,9,0,0,2024,0.8,
16,5,0,1,2024,1.6,
16,8,0,1,2020,0.16,
16,10,0,1,2018,1.12,
16,6,10,0,2024,1.44,
16,9,0,0,2020,0.8,
17,16,5,0,2019,1.76,
16,11,2,0,2017,1.44,
16,22,0,0,2048,0.8,
16,4,21,0,2035,1.76,
16,39,9,0,2023,1.12,
16,21,0,0,2048,0.16,
16,0,27,0,2041,0.16,
16,44,18,0,2026,0.8,
17,21,20,0,2010,1.76,
16,29,24,0,2036,0.8,
16,1,26,0,2034,0.8,
16,42,27,0,2016,1.6,
16,23,30,0,2042,1.12,
16,23,33,0,2039,0.8,
16,21,36,0,2020,0.96,
17,20,19,0,2045,1.28,
16,4,0,0,2048,1.28,
16,24,2,0,2029,0.8,
16,4,0,0,2048,0.96,
16,12,0,0,2026,1.44,
16,4,0,1,2020,1.12,
16,6,49,0,2019,0.48,
16,5,51,0,1999,1.44,
17,2,0,1,2029,0.64,
16,14,1,0,2027,0.32,
16,6,1,0,2025,0.48,
16,8,0,0,2048,1.12,
16,12,3,0,2017,0.96,
16,8,15,0,2029,0.64,
16,5,0,1,2016,0.64,
16,20,0,0,2048,0.32,
17,21,0,0,2048,0.96,
16,22,38,0,2014,1.44,
16,23,14,0,2016,0.8,
16,15,0,0,2048,1.44,
16,36,39,0,2019,1.28,
16,24,26,0,2017,1.28,
16,24,0,0,2048,1.44,
16,23,45,0,2025,1.28,
17,19,34,0,2036,0.64,
16,23,35,0,2022,1.12,
16,18,12,0,2005,1.28,
16,19,24,0,2041,1.44,
16,18,42,0,2028,1.6,
16,21,19,0,2007,1.92,
16,2,4,0,2025,0.96,
17,32,16,0,2012,0.8,
16,1,15,0,2007,1.12,
16,15,0,0,2048,1.6,
16,13,1,0,2021,1.28,
16,6,22,0,2008,0.96,
16,6,0,0,2026,0.64,
16,8,0,1,2024,1.44,
16,15,4,0,2018,0.64,
17,2,0,0,2048,0,
16,21,0,1,2016,0.8,
16,16,1,0,2031,0.16,
16,24,3,1,2019,1.6,
16,18,10,0,2024,1.6,
16,25,0,0,2048,0.48,
16,21,15,0,2009,0.96,
16,21,16,0,2031,2.56,
17,19,19,0,2024,0.48,
16,9,13,0,2009,2.08,
16,30,25,0,2033,1.6,
16,18,26,0,2030,1.28,
16,23,20,0,2014,0.96,
16,23,14,0,2002,1.76,
16,0,32,0,2036,1.76,
16,45,26,0,2020,1.92,
17,20,0,0,2048,0.8,
16,14,31,0,2017,0.8,
16,15,31,0,2011,1.76,
16,14,0,0,2048,0.8,
16,9,34,0,2010,1.28,
16,16,14,0,2014,1.12,
16,8,16,0,2016,0.48,
17,4,0,0,2029,0.64,
16,23,0,0,2048,0.8,
16,3,45,0,2021,1.28,
16,17,24,0,2025,0.8,
16,9,10,0,2033,0.8,
16,11,1,0,2015,1.44,
16,16,1,0,2015,0.96,
16,0,0,0,2048,0.96,
17,34,7,0,2017,0.8,
16,20,4,2,2014,0.8,
16,16,0,0,2048,0.48,
16,14,12,0,2016,1.6,
16,37,17,0,2009,1.44,
16,21,0,0,2048,2.24,
16,22,22,0,2018,1.76,
16,20,23,0,2015,2.08,
17,25,0,0,2048,0.64,
16,22,27,0,2037,0.64,
16,23,22,1,2005,1.44,
16,22,0,0,2048,1.12,
16,20,34,0,2044,0.8,
16,18,29,0,2011,0.64,
16,13,0,0,2048,0.48,
16,3,0,0,2048,0.64,
17,22,0,0,2048,0.48,
16,4,0,1,2028,0.96,
16,18,0,0,2048,0.8,
16,3,0,0,2048,1.28,
16,12,0,0,2048,1.92,
16,10,1,0,2029,1.28,
16,3,0,0,2027,0.8,
17,13,0,0,2017,1.12,
16,2,3,0,2017,0.96,
16,14,26,0,2031,1.28,
16,12,2,0,2031,1.76,
16,5,7,0,2021,1.76,
16,29,0,0,2048,0.8,
16,2,8,0,2023,1.76,
16,40,8,0,2008,0.64,
17,23,17,0,2031,1.44,
16,23,16,0,2022,1.44,
16,21,17,0,2021,0.96,
16,21,24,0,2038,0.64,
16,18,22,0,2028,2.4,
16,9,23,0,2027,0.48,
16,41,30,0,2044,0.64,
16,24,28,0,2035,0.16,
17,23,0,0,2048,1.12,
16,21,35,0,2037,0.96,
16,11,36,0,2036,0.8,
16,14,0,0,2048,0.8,
16,25,24,0,2041,2.08,
16,3,7,0,2041,0.32,
16,18,0,1,2037,1.44,
16,2,1,0,2034,0.8,
17,12,0,0,2048,1.28,
16,12,8,0,2022,0.96,
16,8,10,0,2025,1.12,
16,7,1,0,2031,1.44,
16,13,15,0,2029,1.12,
16,8,0,0,2018,1.12,
16,2,0,0,2048,1.28,
17,14,11,0,2025,0.96,
16,9,5,0,2019,1.28,
16,20,0,0,2048,1.28,
16,7,27,0,2041,1.28,
16,37,10,0,2018,2.24,
16,24,0,0,2048,0.48,
16,23,28,0,2047,0.64,
16,20,19,0,2021,1.76,
17,21,0,0,2048,1.12,
16,1,30,0,2044,1.44,
16,40,25,0,2023,0.64,
16,0,0,0,2048,0.96,
16,48,8,2,2034,1.28,
16,22,31,0,2030,1.12,
16,23,0,0,2048,1.28,
16,4,23,1,1992,0.64,
17,36,38,0,2036,0.8,
16,18,30,0,2016,1.76,
16,11,5,0,2023,1.12,
16,9,32,0,2000,0.32,
16,1,0,0,2036,1.76,
16,11,37,0,2021,0.8,
16,13,1,0,2033,1.28,
16,1,41,0,2025,1.28,
17,20,0,1,2028,0.96,
16,8,11,0,2025,0.8,
16,7,47,0,2032,1.44,
16,12,48,0,2016,0.32,
16,4,50,0,2018,0.64,
16,10,0,0,2048,1.12,
16,22,0,0,2048,0.16,
17,21,0,0,2048,1.76,
16,19,15,0,2029,1.12,
16,2,11,0,2019,1.76,
16,44,0,0,2048,0.96,
16,22,21,0,2035,1.28,
16,23,19,0,2023,1.6,
16,21,0,0,2048,0.96,
16,21,27,0,2041,0.96,
17,22,27,0,2033,0.16,
16,0,0,0,2048,0.16,
16,41,32,0,2032,0.64,
16,23,0,0,2048,0.8,
16,11,8,2,2029,0.64,
16,34,38,0,2038,1.28,
16,1,0,0,2048,0.8,
16,28,18,0,1999,1.44,
17,7,4,0,2027,0.64,
16,14,0,1,2038,0.64,
16,3,1,0,2035,1.28,
16,13,50,0,2026,0.64,
16,5,49,0,2028,1.28,
16,8,33,0,2029,1.44,
16,8,1,0,2026,1.12,
16,11,0,1,2026,1.44,
17,10,0,0,2048,0.96,
16,5,0,1,2020,1.44,
16,18,31,0,2038,1.12,
16,9,43,0,2023,1.28,
16,19,0,0,2048,1.92,
16,26,7,0,2016,1.12,
16,20,20,0,2034,0.8,
17,20,0,0,2048,1.44,
16,22,14,0,2020,1.44,
16,23,17,0,2027,1.28,
16,24,0,0,2048,1.44,
16,22,21,0,2025,0.64,
16,0,26,0,2030,2.4,
16,46,0,0,2048,1.6,
16,23,30,0,2030,0.32,
17,20,32,0,2035,1.44,
16,20,35,0,2035,1.12,
16,19,36,0,2024,0.96,
16,19,39,0,2041,1.44,
16,13,31,0,2040,0.8,
16,11,42,0,2030,1.12,
16,11,44,0,2032,0.96,
16,11,1,0,2034,0.96,
17,7,0,0,2048,1.12,
16,9,0,1,2031,1.12,
16,10,0,0,2027,1.44,
16,8,0,1,2027,0.48,
16,10,0,1,2025,1.28,
16,9,0,0,2048,1.12,
16,0,30,0,2024,0.96,
16,16,6,0,2024,1.12,
17,9,42,0,2032,1.44,
16,26,0,0,2048,1.28,
16,23,7,0,2015,1.6,
16,23,16,0,2030,1.44,
16,22,0,0,2048,1.12,
16,20,18,0,2018,1.44,
16,17,22,0,2036,1.6,
17,22,21,0,2031,0.48,
16,20,23,0,2023,0.8,
16,20,24,0,2036,0.48,
16,25,27,0,2037,0,
16,25,29,0,2029,0.96,
16,24,30,0,2043,0.8,
16,23,33,0,2043,1.28,
16,9,35,0,2035,0.96,
17,31,0,0,2048,1.44,
16,15,39,0,2037,0.8,
16,11,20,0,2042,1.28,
16,0,0,0,2048,1.28,
16,18,0,0,2048,0.96,
16,0,0,0,2048,1.12,
16,19,1,0,2024,1.92,
16,4,0,0,2048,1.92,
17,12,1,0,2030,2.24,
16,12,0,0,2048,1.6,
16,10,0,0,2048,1.92,
16,1,0,1,2026,1.6,
16,15,0,0,2017,1.6,
16,8,1,0,2021,1.12,
16,20,4,0,2018,1.44,
16,9,5,0,2018,0.96,
17,32,0,0,2048,0.64,
16,24,11,0,2017,2.24,
16,22,16,0,2022,1.44,
16,22,0,0,2048,1.44,
16,23,21,0,2019,1.28,
16,21,23,0,2027,1.28,
16,22,0,0,2048,1.76,
17,22,28,0,2042,1.12,
16,20,29,0,2026,1.92,
16,6,0,0,2048,1.6,
16,39,13,0,2046,1.6,
16,11,36,0,2032,1.28,
16,31,0,0,2048,1.28,
16,16,14,1,2008,1.28,
16,14,41,0,2038,1.92,
17,11,0,0,2048,0.96,
16,8,19,0,2005,0.96,
16,9,1,0,2025,0.96,
16,2,0,0,2032,0.64,
16,15,1,0,2020,0.8,
16,6,0,1,2030,1.28,
16,3,0,0,2026,1.12,
16,10,38,0,2031,0.64,
17,7,45,0,2029,0.8,
16,21,47,0,2031,1.6,
16,12,39,0,2032,0.96,
16,2,0,0,2048,0.96,
16,30,13,0,2023,1.12,
16,21,0,0,2048,1.76,
16,3,10,0,2020,1.6,
16,38,19,0,2030,1.28,
17,20,0,0,2048,1.28,
16,22,10,0,2028,0.64,
16,22,19,0,2027,0.96,
16,24,0,0,2048,1.44,
16,6,24,0,1994,1.76,
16,43,27,0,2031,0.8,
16,22,0,0,2048,0.96,
17,23,14,2,2030,1.12,
16,20,36,0,2028,1.12,
16,17,0,0,2048,3.04,
16,9,6,0,2012,1.44,
16,12,27,0,2040,1.12,
16,21,44,0,2008,2.4,
16,5,11,0,2015,1.6,
16,10,14,0,2036,1.44,
17,12,15,0,2019,0.8,
16,15,17,0,2021,0.64,
16,9,1,0,2029,0.8,
16,4,21,0,2025,0.96,
16,15,0,1,2024,0.96,
16,4,14,0,2028,0.16,
16,14,21,0,2035,1.28,
16,2,23,0,2037,0.64,
17,29,6,0,2019,1.12,
16,23,0,0,2048,1.44,
16,24,36,0,2040,0.96,
16,24,14,0,2018,1.76,
16,23,0,0,2048,1.28,
16,22,9,0,2031,0.96,
16,19,23,0,2021,0.64,
16,1,0,0,2048,1.28,
17,37,1,1,2039,1.6,
16,4,29,0,2024,1.6,
16,39,31,0,2023,1.6,
16,21,10,1,2007,1.44,
16,22,36,0,2030,1.12,
16,1,37,0,2030,1.28,
16,41,19,0,2007,1.28,
17,16,0,0,2048,1.12,
16,9,5,0,2030,0.64,
16,11,1,1,2037,0.48,
16,11,0,0,2048,1.44,
16,3,0,1,2031,0.96,
16,11,0,0,2048,1.44,
16,18,1,0,2026,0.96,
16,4,0,0,2048,1.76,
17,20,39,0,2035,0.96,
16,12,0,0,2048,0.64,
16,5,0,1,2020,0.64,
16,14,0,0,2048,1.12,
16,20,0,1,2030,1.92,
16,13,1,1,2022,1.76,
16,23,1,0,2015,2.4,
16,23,11,0,2025,1.12,
17,9,12,0,2024,1.6,
16,33,11,1,2004,0.96,
16,22,16,0,2026,0.64,
16,23,19,0,2029,0.16,
16,21,21,0,2007,0.32,
16,19,23,0,2031,0.96,
16,2,25,0,2019,1.76,
16,40,0,0,2048,1.6,
17,20,29,0,2027,1.6,
16,22,32,0,2046,0.8,
16,26,0,0,2048,2.08,
16,18,35,0,2033,1.12,
16,8,19,0,2044,1.12,
16,16,40,0,2034,0.64,
16,7,0,0,2048,1.12,
17,14,0,1,2039,0.96,
16,0,24,0,2037,0.48,
16,15,0,1,2033,0.64,
16,3,0,1,2031,1.92,
16,8,0,1,2029,1.44,
16,5,0,0,2048,0.96,
16,7,0,0,2048,0.8,
16,8,0,0,2048,0.64,
17,2,1,0,2015,0.8,
16,19,0,1,2018,1.44,
16,3,0,1,2017,0.96,
16,6,1,0,2015,1.28,
16,20,0,0,2048,0.64,
16,22,5,0,2027,0.96,
16,22,7,0,2018,1.28,
16,23,0,0,2048,0.64,
17,24,17,0,2031,0.48,
16,3,18,0,2011,1.28,
16,48,0,0,2048,0.96,
16,2,25,0,2035,1.44,
16,45,29,0,2013,0.96,
16,22,0,0,2048,1.28,
16,22,32,0,2040,1.12,
16,19,35,0,2019,0.48,
17,21,0,0,2048,0.8,
16,19,39,0,2031,1.44,
16,20,20,0,2002,0.48,
16,16,0,0,2048,0.96,
16,5,32,0,2036,0.64,
16,16,26,0,2008,0.8,
16,4,0,1,2023,1.12,
17,11,13,0,2012,0.32,
16,3,0,1,2028,1.44,
16,9,15,0,2030,1.12,
16,8,19,0,2018,0.64,
16,9,22,0,2020,1.12,
16,7,24,0,2022,0.64,
16,9,0,1,2022,1.76,
16,14,0,0,2048,0.96,
17,16,30,0,2028,0.64,
16,2,6,0,2018,0.96,
16,39,9,0,2019,1.12,
16,23,20,0,2034,1.12,
16,22,15,0,2021,0.96,
16,21,18,0,2022,1.28,
16,20,26,0,2040,0.96,
16,21,21,0,2027,1.12,
17,9,25,0,2023,1.28,
16,35,0,0,2048,1.6,
16,8,29,0,2025,1.28,
16,36,31,0,2029,0.96,
16,0,0,0,2048,0.96,
16,42,35,0,2031,1.28,
16,20,37,0,2035,1.12,
16,21,0,0,2048,0.8,
17,8,32,0,2008,0.48,
16,18,29,0,2039,1.44,
16,0,0,0,2048,1.44,
16,20,0,0,2039,0.96,
16,10,0,0,2048,1.76,
16,10,42,0,2018,1.12,
16,6,4,0,2018,0.96,
17,18,6,0,2020,0.96,
16,4,48,0,2024,0.64,
16,19,10,0,2025,1.12,
16,6,0,1,2020,1.44,
16,15,10,0,2024,1.28,
16,1,2,0,2016,0.96,
16,33,19,0,2033,0.64,
16,11,0,0,2048,1.6,
17,31,18,0,2032,0.96,
16,10,29,0,2026,0.96,
16,38,27,0,2041,1.12,
16,20,24,0,2039,1.76,
16,10,18,0,2000,2.24,
16,34,29,0,2047,0.96,
16,19,31,0,2045,0.64,
16,23,25,0,2005,0.8,
17,20,30,0,2034,1.44,
16,20,32,0,2042,0.96,
16,23,0,0,2048,1.12,
16,22,36,0,2040,1.44,
16,17,10,1,2036,0.64,
16,5,0,0,2048,0.8,
16,22,4,0,2027,0.8,
16,5,44,0,2035,1.6,
17,10,0,1,2021,0.32,
16,12,0,0,2030,0.8,
16,3,31,0,2019,1.12,
16,9,30,0,2016,0.96,
16,14,32,0,2018,1.28,
16,6,6,0,2020,0.8,
16,13,1,0,2016,0.16,
17,4,10,0,2024,1.44,
16,22,0,0,2048,1.12,
16,15,1,0,2022,1.92,
16,19,4,0,2016,0.8,
16,21,18,0,2032,1.92,
16,10,0,0,2048,0.96,
16,31,11,0,2021,1.28,
16,17,24,0,2038,1.28,
17,25,0,0,2048,1.12,
16,21,19,0,2029,0.96,
16,25,23,0,2037,0.48,
16,26,0,0,2048,0.8,
16,20,29,0,2031,0.8,
16,1,31,0,2041,1.28,
16,41,0,0,2048,0.32,
16,19,35,0,2037,0.96,
17,21,36,0,2039,0.48,
16,19,0,0,2048,1.28,
16,14,13,0,2011,1.28,
16,9,9,0,2041,0.8,
16,4,0,0,2048,0.8,
16,15,0,0,2048,0.64,
16,9,21,0,2020,1.44,
16,10,0,0,2048,1.44,
17,8,0,0,2048,1.12,
16,15,0,0,2048,0.96,
16,0,0,0,2048,0.96,
16,21,32,0,2030,0.32,
16,0,0,0,2048,0.48,
16,22,0,1,2015,1.28,
16,16,0,1,2015,1.6,
17,15,0,0,2048,1.6,
16,31,33,0,2039,0.96,
16,20,14,0,2022,0.96,
16,1,0,0,2048,1.12,
16,39,1,1,2023,1.44,
16,21,20,0,2018,1.44,
16,0,21,0,2027,0.96,
16,47,24,0,2022,0.8,
17,22,22,0,2006,1.44,
16,0,0,0,2048,1.12,
16,38,30,0,2030,0.96,
16,14,28,0,2012,1.6,
16,27,0,0,2048,1.44,
16,20,36,0,2036,2.08,
16,18,34,0,2018,1.28,
16,17,0,0,2048,1.28,
17,10,38,0,2022,1.28,
16,11,2,0,2019,1.12,
16,1,2,0,2035,1.12,
16,19,0,1,2030,0.8,
16,15,3,0,2017,1.28,
16,3,1,0,2024,1.28,
16,16,34,0,2032,1.28,
16,4,0,0,2048,0.8,
17,10,32,0,2026,0.16,
16,15,0,0,2048,0.64,
16,5,36,0,2030,0.64,
16,28,1,0,2020,0.8,
16,18,40,0,2034,0.8,
16,22,6,0,2030,0.64,
16,2,0,0,2048,0.8,
17,36,12,0,2016,1.12,
16,19,28,0,2042,1.6,
16,1,0,0,2048,0.96,
16,43,18,0,2023,1.6,
16,24,21,0,2047,1.76,
16,23,0,0,2048,1.12,
16,22,25,0,2029,1.12,
16,22,21,1,2004,1.28,
17,21,29,0,2039,0.96,
16,2,31,0,2043,1.12,
16,41,5,2,2042,0.64,
16,16,29,0,2045,1.28,
16,9,35,0,1995,0.8,
16,14,0,1,2041,0.16,
16,10,0,0,2048,1.44,
16,9,0,0,2040,1.28,
17,4,0,1,2037,1.28,
16,15,0,0,2048,2.24,
16,2,50,0,2026,1.44,
16,16,0,1,2024,0.96,
16,2,0,0,2048,1.44,
16,9,25,0,2028,0.96,
16,7,0,0,2048,0.48,
16,2,0,0,2048,0.48,
17,12,0,0,2048,0.16,
16,0,0,0,2048,0.64,
16,25,0,0,2048,0.32,
16,7,4,0,2018,0.64,
16,32,0,0,2048,1.6,
16,23,11,0,2025,0.8,
16,22,14,0,2020,0.96,
17,23,0,0,2048,1.6,
16,24,19,0,2017,1.28,
16,18,21,0,2021,1.6,
16,26,0,0,2048,1.6,
16,24,25,0,2024,1.28,
16,22,28,0,2028,1.12,
16,23,0,0,2048,1.44,
16,21,33,0,2029,0.64,
17,27,35,0,2023,1.44,
16,13,0,0,2048,0.96,
16,23,40,0,2038,1.12,
16,1,41,0,2029,1.12,
16,21,43,0,1995,0.64,
16,1,0,0,2048,0.96,
16,10,0,0,2037,0.64,
16,2,49,0,2001,1.28,
17,5,0,0,2048,0.8,
16,6,0,0,2048,0.64,
16,15,0,1,2028,0.48,
16,11,5,0,2019,0.8,
16,10,0,1,2021,0.8,
16,10,1,0,2020,0.32,
16,10,11,0,2026,0.96,
16,5,22,0,2036,0.96,
17,26,0,0,2048,0,
16,22,8,0,2016,0.64,
16,26,11,0,2015,1.28,
16,25,0,0,2048,1.28,
16,24,21,0,2015,1.76,
16,24,25,0,2013,1.28,
16,22,0,0,2048,0.96,
17,22,22,2,2012,1.44,
16,22,44,0,2029,0.8,
16,21,26,1,2038,2.72,
16,7,28,0,1990,1.28,
16,28,50,0,2035,0.48,
16,5,0,0,2048,1.44,
16,34,0,0,2048,1.28,
16,6,0,0,2048,0.64,
17,25,44,0,2034,0.64,
16,14,0,0,2048,1.28,
16,6,16,0,2034,0.32,
16,11,0,1,2030,0.64,
16,8,18,0,2015,0.16,
16,12,0,1,2025,1.44,
16,2,0,0,2028,0.96,
16,15,3,0,2017,0.96,
17,7,0,1,2024,1.12,
16,18,6,0,2020,0.96,
16,15,56,0,2021,0.64,
16,15,11,0,2025,1.28,
16,21,3,1,2018,1.12,
16,20,37,0,2033,1.12,
16,0,7,1,2012,0.32,
16,46,14,0,2010,1.28,
17,22,34,0,2038,1.44,
16,16,22,0,2018,1.44,
16,17,0,0,2048,0.32,
16,18,26,0,2015,0.8,
16,22,0,0,2048,1.76,
16,21,32,0,2046,1.6,
16,24,0,0,2048,0.64,
17,10,35,0,2039,0.64,
16,30,36,0,2036,1.76,
16,20,28,0,2042,0.32,
16,18,24,0,2014,1.28,
16,7,26,0,2016,2.08,
16,18,44,0,2026,1.6,
16,3,30,0,2020,1.6,
16,23,11,0,2017,1.92,
17,11,34,0,2024,2.08,
16,4,15,0,2022,0.8,
16,19,0,0,2020,1.12,
16,0,1,0,2028,1.28,
16,26,0,1,2019,0.96,
16,2,4,0,2018,0.8,
16,25,25,0,2031,0.8,
16,20,7,0,2011,0.96,
17,1,0,0,2048,0.96,
16,36,0,0,2048,1.28,
16,12,0,0,2048,0.96,
16,26,1,0,2019,2.4,
16,19,0,0,2048,1.12,
16,1,26,0,2040,1.6,
16,40,23,0,2037,0.64,
16,17,30,0,2044,0.48,
17,22,1,1,2017,1.44,
16,20,8,0,2010,0.8,
16,3,13,0,2009,2.24,
16,44,0,0,2048,1.92,
16,11,18,0,2012,1.44,
16,29,19,0,2015,1.44,
16,15,0,0,2048,0.96,
17,11,16,0,2007,0.64,
16,16,0,1,2031,1.6,
16,11,28,0,2024,0.64,
16,13,0,1,2024,0.48,
16,20,32,0,2026,0.48,
16,5,9,0,2024,0.96,
16,16,1,0,2023,0.96,
16,5,0,0,2048,1.76,
17,12,0,0,2048,1.12,
16,13,0,0,2048,1.28,
16,22,0,0,2048,0.96,
16,14,0,0,2048,1.12,
16,0,41,0,2031,0.8,
16,30,11,0,2023,0.64,
16,18,4,0,2016,1.44,
16,2,31,0,2035,1.6,
17,41,17,0,2029,1.44,
16,22,13,0,2021,1.12,
16,9,20,0,2033,1.12,
16,19,23,0,2035,1.6,
16,33,19,0,2027,2.24,
16,20,27,0,2039,2.08,
16,22,29,0,2041,1.44,
16,22,25,0,2033,0.64,
17,20,5,0,2028,0.8,
16,17,0,0,2048,1.12,
16,13,0,1,2042,0.48,
16,21,4,0,2016,1.44,
16,18,6,0,2018,1.92,
16,8,8,0,2020,1.92,
16,14,0,0,2048,0.96,
17,16,0,0,2048,0.96,
16,3,34,0,2026,1.76,
16,19,0,0,2048,1.44,
16,6,0,0,2048,0.96,
16,24,0,0,2048,0.8,
16,0,0,0,2048,0.48,
16,24,11,0,2025,0.64,
16,8,0,0,2048,1.44,
17,9,1,0,2016,0.96,
16,14,2,0,2016,0.8,
16,2,1,1,2021,0.96,
16,33,1,1,2015,1.28,
16,13,7,0,2019,1.92,
16,28,9,0,2022,2.24,
16,0,0,0,2048,2.24,
16,41,7,0,2021,1.6,
17,21,32,0,2046,0.96,
16,1,19,0,2033,0.8,
16,41,7,0,2046,1.12,
16,18,21,0,2023,1.44,
16,18,23,0,2025,0.8,
16,17,27,0,2041,0.96,
16,19,29,0,2043,1.12,
16,0,28,0,2036,1.12,
17,42,6,0,2010,0.96,
16,20,6,1,2043,0.64,
16,8,0,0,2048,0.16,
16,23,0,0,2048,0.16,
16,5,0,0,2048,0.96,
16,17,22,0,2016,0.64,
16,10,22,0,2022,0.96,
17,10,0,0,2048,0.8,
16,3,1,0,2020,0.96,
16,4,28,0,2028,1.28,
16,8,0,1,2025,1.12,
16,9,1,0,2027,1.12,
16,9,0,1,2025,1.12,
16,12,1,0,2019,0.32,
16,11,1,0,2020,1.44,
17,15,37,0,2040,1.12,
16,0,34,0,2037,1.92,
16,28,1,1,2037,1.28,
16,18,1,0,2034,1.28,
16,18,15,0,2029,1.92,
16,1,11,0,2021,1.76,
16,37,19,0,2033,2.24,
16,24,14,0,2025,2.4,
17,1,0,0,2048,1.76,
16,48,21,0,2035,1.76,
16,25,25,0,2035,2.08,
16,24,0,0,2048,1.44,
16,26,31,0,2037,1.92,
16,21,33,0,2039,1.28,
16,2,0,0,2048,1.28,
16,32,29,0,2043,0.8,
17,7,39,0,2039,1.12,
16,18,0,0,2048,1.44,
16,9,0,0,2048,0.8,
16,8,9,0,2019,0.64,
16,19,0,1,2033,1.76,
16,11,13,0,2023,1.6,
16,8,15,0,2025,1.28,
17,9,0,0,2048,0.64,
16,2,31,0,2028,0.16,
16,8,21,0,2032,1.44,
16,12,1,0,2017,0.8,
16,2,3,0,2017,0.64,
16,20,0,1,2022,1.28,
16,1,3,0,2017,1.6,
16,34,32,0,2042,1.12,
17,25,8,0,2018,0.96,
16,10,0,0,2048,1.12,
16,38,32,0,2044,2.08,
16,21,18,0,2020,1.6,
16,1,0,0,2048,1.44,
16,35,0,0,2048,0.8,
16,19,0,0,2048,1.12,
16,8,6,0,2016,0.48,
17,37,0,0,2048,1.12,
16,26,13,0,2007,0.64,
16,22,34,0,2034,0.8,
16,21,0,0,2048,0.96,
16,20,25,0,2007,0.8,
16,14,38,0,2040,0.48,
16,8,0,0,2048,1.92,
16,17,33,0,2038,0.64,
17,4,19,0,2038,0.64,
16,15,0,0,2031,0.48,
16,8,37,0,2019,0.96,
16,14,0,1,2032,0.96,
16,2,1,0,2023,0.96,
16,23,0,1,2024,1.12,
16,1,0,0,2025,1.12,
17,20,0,1,2018,0.96,
16,5,1,0,2015,0.48,
16,11,0,0,2048,0.96,
16,24,22,0,2036,0.8,
16,15,0,0,2048,0.64,
16,21,1,0,2025,0.16,
16,19,0,0,2048,0.96,
16,23,8,0,2010,1.28,
17,24,32,0,2047,0.8,
16,20,0,0,2048,0.96,
16,21,7,0,2023,2.24,
16,15,5,0,2027,0.96,
16,26,0,0,2048,0.96,
16,20,10,0,2011,0.8,
16,23,10,0,2010,1.12,
16,23,0,0,2048,1.6,
17,22,18,0,1998,2.24,
16,20,11,2,2030,0.64,
16,6,0,0,2048,1.12,
16,24,24,0,2004,0.96,
16,0,0,0,2017,0.96,
16,24,29,0,2020,1.12,
16,12,0,1,2024,1.12,
16,1,0,0,2048,0.32,
17,10,36,0,2026,0.8,
16,9,38,0,2028,0.64,
16,13,0,1,2026,0.64,
16,14,3,0,2017,0.8,
16,4,5,0,2019,0.8,
16,9,0,1,2024,0.8,
16,15,0,0,2048,0,
17,14,0,0,2048,0.96,
16,10,45,0,2030,0.96,
16,21,0,0,2048,0.64,
16,18,4,0,2018,1.44,
16,16,11,0,2025,0.8,
16,18,12,0,2027,1.92,
16,35,14,0,2021,1.76,
16,1,0,0,2048,0.8,
17,43,19,0,2007,0.8,
16,23,16,2,2006,0.64,
16,23,0,0,2048,1.6,
16,1,26,0,2012,0.16,
16,41,29,0,1995,1.28,
16,20,0,0,2048,0.32,
16,20,32,0,2019,1.6,
16,19,35,0,2001,1.12,
17,18,37,0,2039,0.8,
16,16,39,0,2005,2.24,
16,12,40,0,2036,1.12,
16,6,43,0,2009,0.32,
16,11,0,1,2027,0.96,
16,5,19,0,2021,0.8,
16,13,49,0,2016,0.8,
16,0,1,0,2031,0.48,
17,16,0,1,2018,0.64,
16,5,0,0,2048,0.16,
16,11,0,1,2027,0.8,
16,5,1,0,2022,0.64,
16,13,0,0,2048,0.64,
16,7,0,0,2048,0.64,
16,27,10,0,2024,0.8,
17,19,5,0,2015,0.96,
16,1,16,0,2041,1.44,
16,40,0,0,2048,1.44,
16,1,12,0,2024,0.48,
16,39,0,0,2048,1.28,
16,22,18,0,2024,0.64,
16,11,16,0,2004,1.44,
16,38,0,0,2048,1.12,
17,23,25,0,2032,0.64,
16,1,29,0,2027,0.48,
16,41,0,0,2048,0.8,
16,18,32,0,2038,1.28,
16,19,35,0,2033,0.48,
16,19,0,0,2048,1.12,
16,18,38,0,2041,0.8,
16,19,40,0,2036,0.64,
17,3,15,0,2040,0.96,
16,13,0,0,2048,0.96,
16,5,0,0,2030,0.96,
16,21,0,1,2033,0.64,
16,5,0,0,2048,1.44,
16,16,21,0,2029,0.8,
16,3,1,0,2025,0.96,
16,9,25,0,2033,0.64,
17,11,4,0,2016,1.44,
16,11,0,1,2018,0.8,
16,7,0,0,2048,0.8,
16,22,2,0,2016,1.28,
16,1,35,0,2044,1.12,
16,42,37,0,2035,1.44,
16,18,11,0,2021,1.28,
17,22,15,0,2015,1.92,
16,18,0,0,2048,0.96,
16,14,17,0,2025,1.44,
16,8,20,0,2028,1.6,
16,37,0,0,2048,1.44,
16,21,5,1,2034,1.44,
16,19,26,0,2034,1.6,
16,29,0,0,2048,1.12,
17,22,29,0,2046,1.28,
16,21,32,0,2036,1.6,
16,24,0,0,2048,0.96,
16,22,23,2,2003,1.44,
16,13,33,0,2042,0.96,
16,8,0,0,2048,1.28,
16,10,33,0,2021,0.64,
16,15,21,0,2005,0.8,
17,0,37,0,2037,0.96,
16,18,39,0,2028,1.92,
16,5,0,0,2048,0.8,
16,13,29,0,2013,0.64,
16,4,45,0,2034,0.96,
16,8,47,0,2023,1.92,
16,13,6,0,2018,1.12,
16,4,0,0,2034,0.8,
17,13,1,0,2015,1.44,
16,10,3,0,2017,1.28,
16,20,8,0,2022,2.08,
16,2,8,0,2022,1.76,
16,30,12,0,2026,1.6,
16,19,5,0,2011,1.12,
16,25,23,0,2035,0.96,
17,23,0,0,2048,1.6,
16,20,14,2,2006,0.96,
16,25,20,0,2034,1.12,
16,24,0,0,2048,0.96,
16,24,27,0,1997,1.28,
16,23,29,0,2037,0.96,
16,2,0,0,2048,0.32,
16,39,33,0,2003,0.96,
17,2,35,0,2027,0.8,
16,37,11,0,2008,0.8,
16,15,38,0,2030,1.44,
16,15,41,0,2033,1.28,
16,7,43,0,2035,0.96,
16,19,18,0,2012,0.48,
16,7,20,0,2014,0.96,
16,8,15,0,2036,1.44,
17,7,14,0,2033,1.12,
16,12,0,0,2048,1.28,
16,13,0,0,2029,1.28,
16,4,31,0,2025,0.48,
16,13,0,0,2048,0.96,
16,11,12,0,2026,1.6,
16,16,0,0,2048,0.96,
16,15,2,0,2016,1.6,
17,21,25,0,2039,1.76,
16,27,11,0,2025,1.6,
16,19,0,0,2048,2.08,
16,21,31,0,2045,1.28,
16,4,18,0,2030,0.96,
16,36,0,0,2048,0.96,
16,21,5,1,2032,0.96,
17,23,12,0,2010,1.76,
16,20,0,0,2048,1.6,
16,11,28,0,2030,1.44,
16,32,20,0,2014,0.8,
16,22,0,0,2048,1.12,
16,1,34,0,2036,1.44,
16,39,28,0,2018,1.28,
16,20,0,0,2048,1.44,
17,14,29,0,2041,0.48,
16,0,0,0,2048,0.48,
16,15,0,0,2048,0.64,
16,6,0,1,2024,0.64,
16,10,41,0,2035,1.12,
16,6,0,0,2048,1.28,
16,10,0,1,2021,0.64,
16,19,47,0,2024,0.48,
17,3,0,0,2048,1.12,
16,7,52,0,2028,1.92,
16,13,0,0,2048,1.92,
16,3,1,0,2015,1.12,
16,25,3,0,2017,0.64,
16,17,0,0,2048,1.12,
16,9,0,1,2020,1.28,
16,28,15,0,2029,1.12,
17,22,0,0,2048,0.64,
16,0,16,0,2028,2.56,
16,47,17,0,2017,1.44,
16,2,0,0,2048,0.8,
16,42,22,0,2034,0.96,
16,24,25,0,2021,0.96,
16,21,0,0,2048,1.28,
17,21,29,0,2037,1.28,
16,2,31,0,2013,1.28,
16,41,0,0,2048,1.28,
16,18,35,0,2043,1.28,
16,19,37,0,2019,0.96,
16,14,0,0,2048,1.12,
16,5,1,1,2035,2.24,
16,25,43,0,2026,0.96,
17,0,38,0,2036,0.96,
16,14,48,0,2030,1.44,
16,6,5,0,2036,1.76,
16,9,16,0,2022,1.28,
16,8,0,0,2048,0.64,
16,13,0,1,2029,1.6,
16,6,1,0,2015,1.28,
16,13,24,0,2030,0.96,
17,8,0,1,2022,0.96,
16,14,7,0,2021,0.48,
16,19,30,0,2036,0.64,
16,11,0,0,2048,1.12,
16,32,9,0,2017,0.8,
16,0,36,0,2042,0.8,
16,43,0,0,2048,1.12,
16,21,16,0,2022,1.6,
17,0,19,0,2023,0.8,
16,44,0,0,2048,1.44,
16,20,13,0,2040,2.72,
16,23,25,0,2029,1.76,
16,16,0,0,2048,1.44,
16,27,14,0,2007,1.44,
16,18,31,0,2035,0.64,
17,6,0,0,2048,1.28,
16,39,8,0,2011,1.12,
16,15,37,0,2039,2.08,
16,15,0,0,2048,1.28,
16,8,0,0,2048,1.28,
16,18,0,1,2040,0.8,
16,2,40,0,2021,0.8,
16,10,25,0,2013,0.64,
17,15,0,0,2033,1.44,
16,5,0,0,2048,1.44,
16,11,0,0,2048,0.32,
16,7,0,1,2017,0.96,
16,13,23,0,2029,0.48,
16,5,37,0,2026,0.8,
16,15,46,0,2032,1.28,
16,8,8,0,2022,1.12,
17,25,10,0,2024,0.8,
16,11,6,0,2020,1.12,
16,30,35,0,2042,0.64,
16,0,16,0,2030,0.64,
16,40,14,0,2024,1.76,
16,18,5,0,2032,1.6,
16,22,22,0,2036,0.64,
16,22,20,0,2030,1.76,
17,22,21,0,2023,1.92,
16,27,0,0,2048,1.28,
16,22,27,0,2039,0.32,
16,23,29,0,2027,1.6,
16,21,0,0,2048,1.12,
16,19,33,0,2045,1.12,
16,19,36,0,2034,1.12,
17,19,0,0,2048,2.08,
16,9,0,0,2048,1.12,
16,9,0,0,2048,0.8,
16,16,44,0,2022,1.44,
16,5,46,0,2024,1.44,
16,7,13,0,2019,0.48,
16,14,0,0,2048,1.12,
16,1,2,0,2016,0.8,
17,15,0,0,2048,1.12,
16,0,0,0,2048,0.32,
16,15,8,0,2022,0.96,
16,6,0,0,2048,0.8,
16,15,9,0,2023,1.28,
16,8,0,0,2048,1.28,
16,21,7,0,2021,1.6,
16,20,5,0,2017,0.48,
17,23,11,0,2026,1.12,
16,22,0,0,2048,0.8,
16,22,17,0,2013,0.32,
16,20,19,0,2031,0.32,
16,23,0,0,2048,0.8,
16,21,23,0,2019,1.6,
16,27,25,0,2037,1.44,
16,14,0,0,2048,1.44,
17,9,30,0,2024,1.6,
16,41,32,0,1998,0.96,
16,15,34,0,2044,1.12,
16,23,37,0,2031,1.92,
16,18,38,0,2004,2.08,
16,5,2,0,2036,0.8,
16,29,0,0,2048,0.64,
17,7,10,0,2016,0.16,
16,10,47,0,2013,0.96,
16,8,49,0,2015,0.8,
16,17,0,0,2028,0.8,
16,8,25,0,2024,0.96,
16,6,55,0,2021,1.6,
16,18,30,0,2028,0.96,
16,3,0,0,2048,0.64,
17,14,14,0,2028,0.64,
16,10,29,0,2035,0.96,
16,20,3,0,2017,0.96,
16,20,9,0,2023,0.64,
16,23,34,0,2039,2.56,
16,22,0,0,2048,1.6,
16,23,16,0,2028,0.8,
16,20,5,0,2021,1.44,
17,20,0,0,2048,0.8,
16,3,22,0,2025,1.44,
16,37,3,2,2038,1.6,
16,23,0,0,2048,0.96,
16,19,0,0,2048,1.28,
16,1,1,1,2023,0.64,
16,42,5,1,2010,0.8,
16,14,34,0,2036,0.16,
17,30,0,0,2048,0.8,
16,20,23,0,2023,0.64,
16,13,13,0,2042,1.12,
16,4,0,0,2048,1.28,
16,15,27,0,2038,1.12,
16,2,31,0,2013,0.8,
16,20,1,0,2026,0.8,
17,8,0,1,2023,1.12,
16,17,37,0,2037,0.64,
16,1,39,0,2021,0.64,
16,17,0,1,2025,1.6,
16,10,42,0,2030,1.28,
16,12,4,0,2018,0.8,
16,17,42,0,2034,0.64,
16,14,0,0,2048,1.76,
17,18,0,0,2048,1.6,
16,6,4,0,2014,1.12,
16,30,0,0,2048,1.28,
16,22,8,0,2018,1.12,
16,24,0,0,2048,1.44,
16,23,12,1,2043,0.48,
16,0,16,0,2022,0.64,
16,44,0,0,2048,1.92,
17,7,27,0,2041,0.96,
16,33,23,0,2019,1.76,
16,23,0,0,2048,2.24,
16,12,27,0,2047,1.44,
16,30,29,0,2025,1.92,
16,10,0,0,2048,0.96,
16,29,28,0,2008,1.6,
16,5,36,0,2027,1.28,
17,20,32,0,2013,0.32,
16,10,0,1,2017,1.6,
16,12,41,0,2037,1.44,
16,6,7,0,2039,1.92,
16,13,0,1,2031,0.96,
16,3,11,0,2026,1.28,
16,13,1,0,2016,1.12,
17,2,11,0,2026,1.28,
16,20,0,0,2048,0.32,
16,7,20,0,2034,0.64,
16,11,18,0,2032,0.64,
16,4,0,0,2048,1.12,
16,6,0,0,2048,1.28,
16,21,2,0,2016,0.96,
16,20,6,0,2020,0.8,
17,21,7,0,2017,1.44,
16,23,0,0,2048,1.12,
16,22,13,0,2013,1.28,
16,3,16,0,2020,0.96,
16,40,0,0,2048,1.12,
16,20,19,0,2019,1.28,
16,16,23,0,2025,1.76,
16,29,0,0,2048,0.32,
17,21,18,0,2010,0.8,
16,24,29,0,2033,1.44,
16,22,0,0,2048,1.6,
16,22,26,0,2014,1.44,
16,23,35,0,2039,1.76,
16,18,0,0,2048,1.44,
16,5,33,0,2019,1.12,
16,20,7,0,2042,0.64,
17,2,37,0,2023,0.64,
16,9,40,0,2016,0.8,
16,5,0,0,2048,1.6,
16,11,0,0,2048,0.48,
16,8,0,0,2048,0.32,
16,7,43,0,2033,0.96,
16,13,0,0,2048,0.96,
17,9,0,1,2024,1.28,
16,4,1,0,2024,1.92,
16,9,0,0,2048,0.96,
16,10,0,1,2019,1.76,
16,5,0,0,2048,0.8,
16,26,2,0,2016,1.28,
16,3,8,0,2022,1.28,
16,37,8,0,2010,0.8,
17,22,0,0,2048,1.76,
16,22,14,0,2020,0.64,
16,24,19,0,2023,1.76,
16,23,0,0,2048,1.6,
16,25,24,0,2022,0.96,
16,22,26,0,2028,0.64,
16,21,0,0,2048,1.28,
16,14,30,0,2029,1.6,
17,5,32,0,2034,0.8,
16,40,0,0,2048,1.6,
16,21,36,0,2030,1.44,
16,20,38,0,2040,1.44,
16,23,0,0,2048,1.6,
16,2,42,0,2036,0.32,
16,21,4,1,2032,1.12,
16,0,0,0,2048,1.6,
17,18,0,0,2048,0.48,
16,3,0,0,2048,0.96,
16,11,0,1,2031,0.64,
16,5,0,0,2048,1.76,
16,11,0,0,2026,1.28,
16,8,1,0,2027,1.44,
16,9,0,0,2048,1.6,
17,19,17,0,2031,1.92,
16,2,4,0,2018,0.8,
16,30,8,0,2022,0.96,
16,23,0,0,2048,1.12,
16,16,9,0,2019,1.12,
16,18,14,0,2029,0.96,
16,25,0,0,2048,0.48,
16,14,17,0,2023,1.12,
17,27,9,1,2008,0.8,
16,3,21,0,2029,1.28,
16,44,23,0,2026,0.8,
16,22,24,0,2007,1.28,
16,23,27,0,2035,1.76,
16,25,30,0,2032,1.6,
16,22,33,0,2011,0.96,
16,20,33,0,2041,1.12,
17,18,37,0,2041,1.6,
16,15,0,0,2048,1.92,
16,11,31,0,2041,1.28,
16,0,1,0,2027,1.28,
16,22,44,0,2002,0.96,
16,10,0,0,2048,1.12,
16,0,13,0,2021,1.12,
16,19,1,0,2027,1.12,
17,6,52,0,2010,1.28,
16,10,0,0,2048,1.44,
16,11,21,0,2029,0.64,
16,6,0,1,2018,1.28,
16,10,1,0,2016,0.8,
16,7,13,0,2027,0.64,
16,3,1,0,2019,0.64,
17,32,32,0,2019,1.12,
16,22,9,0,2019,1.44,
16,23,0,0,2048,1.28,
16,23,15,0,2005,1.28,
16,20,17,0,2023,2.24,
16,23,0,0,2048,1.76,
16,21,22,0,2010,1.44,
16,18,0,0,2048,1.76,
17,3,17,0,2047,0.48,
16,42,12,0,2012,1.28,
16,23,0,0,2048,1.92,
16,23,17,0,2009,1.44,
16,22,21,0,2015,1.44,
16,3,0,0,2048,2.08,
16,40,31,0,1991,1.12,
16,15,33,0,2015,0.96,
17,10,0,0,2048,0.64,
16,6,0,1,2023,1.44,
16,9,0,1,2038,1.12,
16,4,1,0,2036,0.8,
16,7,0,0,2034,1.12,
16,6,45,0,2023,0.48,
16,14,0,0,2030,1.76,
16,1,0,1,2027,0.64,
17,16,0,0,2025,0.96,
16,8,3,0,2017,0.8,
16,9,0,1,2019,0.8,
16,11,13,0,2027,1.12,
16,14,4,0,2019,0.48,
16,3,17,0,2031,1.6,
16,35,6,0,2012,1.28,
17,1,0,0,2048,1.44,
16,45,23,0,2037,2.08,
16,25,17,0,2011,1.6,
16,25,0,0,2048,1.92,
16,24,29,0,2044,1.92,
16,24,28,0,2012,1.28,
16,23,0,0,2048,1.92,
16,20,5,0,2041,1.6,
17,6,6,2,2025,1.44,
16,36,38,0,2034,0.48,
16,17,40,0,2031,0.48,
16,9,7,0,2013,0.48,
16,29,21,0,2038,0.96,
16,8,33,0,2035,1.12,
16,13,45,0,2032,1.28,
16,2,0,0,2048,1.28,
17,17,1,0,2032,1.92,
16,2,0,0,2048,0.64,
16,18,23,0,2023,1.28,
16,0,0,1,2027,1.28,
16,20,8,0,2023,1.28,
16,2,0,0,2048,1.6,
16,21,31,0,2031,0.96,
16,1,15,0,2029,1.12,
17,36,0,0,2048,1.28,
16,26,9,0,2017,2.08,
16,2,31,0,2035,1.44,
16,43,0,0,2048,2.24,
16,20,19,0,2020,0.64,
16,20,37,0,2041,0.96,
16,19,0,0,2048,0.8,
17,17,26,0,2020,0.8,
16,24,29,0,2023,1.28,
16,7,0,0,2048,1.44,
16,33,32,0,2026,0.64,
16,19,35,0,2029,0.64,
16,21,0,0,2048,1.44,
16,23,38,0,2032,2.08,
16,18,41,0,2035,1.12,
17,5,0,0,2048,2.24,
16,13,28,0,2024,0.96,
16,20,0,1,2028,1.76,
16,6,0,0,2048,2.24,
16,15,25,0,2017,1.12,
16,6,0,0,2020,1.44,
16,11,33,0,2027,1.12,
16,17,0,0,2048,1.12,
17,1,33,0,2025,1.28,
16,16,6,0,2020,1.28,
16,17,0,0,2048,0.64,
16,8,4,0,2018,1.28,
16,26,0,0,2048,0.96,
16,18,0,0,2048,0.48,
16,18,33,0,2036,0.64,
16,21,18,0,2032,2.08,
17,19,14,0,2028,1.12,
16,18,12,0,2010,1.76,
16,3,16,0,2016,1.12,
16,41,9,0,2009,1.12,
16,25,28,0,2042,0.96,
16,25,23,0,2021,2.08,
16,23,26,0,2006,1.12,
17,20,0,0,2048,1.6,
16,23,31,0,2043,1.6,
16,11,32,0,2022,1.44,
16,24,0,0,2048,0.96,
16,10,3,0,2040,0.96,
16,4,0,0,2048,1.44,
16,28,8,0,2014,1.28,
16,0,27,0,2039,1.6,
17,22,12,0,2018,0.96,
16,3,0,0,2048,0.48,
16,13,48,0,2028,1.44,
16,3,0,0,2048,0.64,
16,11,0,0,2048,0.96,
16,8,0,0,2028,1.76,
16,1,1,0,2015,0.8,
16,17,0,0,2048,1.12,
17,15,0,1,2020,0.8,
16,15,0,0,2048,1.6,
16,4,10,0,2024,1.12,
16,31,5,0,2017,0.96,
16,22,14,0,2028,2.24,
16,20,0,0,2048,1.12,
16,20,14,0,2020,1.6,
16,23,20,0,2034,1.44,
17,20,19,0,2021,0.48,
16,25,20,0,2023,2.24,
16,24,24,0,1998,1.12,
16,24,27,0,2025,0.96,
16,22,30,0,2026,0.96,
16,24,32,0,2002,0.64,
16,17,34,0,2030,0.64,
17,16,36,0,2034,1.6,
16,17,38,0,2008,0.8,
16,15,0,0,2048,0.96,
16,12,0,0,2048,0.96,
16,3,0,0,2048,0.96,
16,12,0,1,2035,0.8,
16,7,0,0,2048,0.64,
16,19,0,1,2028,0.64,
17,12,0,0,2048,0.96,
16,2,0,1,2026,0.48,
16,17,10,0,2024,0.96,
16,4,0,1,2021,0.64,
16,11,16,0,2030,1.28,
16,9,0,0,2048,1.12,
16,20,2,0,2016,0.48,
16,20,0,0,2048,0.96,
17,26,22,0,2036,1.28,
16,13,12,0,2024,1.76,
16,33,0,0,2048,1.76,
16,23,29,0,2043,2.24,
16,23,20,0,2028,1.12,
16,17,0,0,2048,1.28,
16,7,10,0,2047,0.96,
16,30,27,0,2027,1.28,
17,19,0,0,2048,1.12,
16,18,32,0,2032,0.8,
16,0,0,0,2048,0.96,
16,39,0,0,2048,1.44,
16,21,10,0,2008,1.12,
16,22,16,0,2041,0.96,
16,12,0,0,2048,1.12,
17,12,4,1,2024,0.64,
16,7,1,0,2021,2.4,
16,6,25,0,2019,0.96,
16,14,28,0,2016,0.64,
16,0,31,0,2021,0.64,
16,24,5,0,2019,0.48,
16,12,34,0,2022,1.12,
16,11,0,0,2048,0.96,
17,9,39,0,2029,0.8,
16,14,2,0,2016,0.64,
16,17,15,0,2029,1.28,
16,4,6,0,2021,1.44,
16,34,7,0,2017,0.96,
16,11,10,0,2016,0.32,
16,23,13,0,2027,0.8,
16,20,14,0,2020,1.12,
17,8,0,0,2048,0.8,
16,31,0,0,2048,0.96,
16,24,32,0,2046,0.64,
16,21,18,0,2008,1.44,
16,23,0,0,2048,0.96,
16,5,3,0,2032,1.44,
16,31,24,0,2015,1.12,
16,22,1,1,2014,1.76,
17,26,33,0,2040,1.28,
16,1,35,0,2041,1.12,
16,37,2,0,2038,0.96,
16,12,1,1,2029,2.24,
16,12,0,1,2024,0.8,
16,1,1,0,2022,0.96,
16,21,41,0,2031,1.92,
17,10,1,0,2032,1.44,
16,9,31,0,2019,1.92,
16,4,3,0,2017,1.12,
16,16,0,0,2048,0.64,
16,4,1,0,2020,0.32,
16,9,0,0,2048,1.44,
16,6,0,0,2048,0.8,
16,17,13,0,2027,0.96,
17,11,4,0,2018,0.48,
16,6,17,0,2031,1.12,
16,28,16,0,2033,1.28,
16,20,5,0,2015,1.28,
16,16,11,0,2025,1.12,
16,24,26,0,2040,0.8,
16,25,16,0,2030,1.6,
16,15,18,0,2030,1.12,
17,34,32,0,2046,1.12,
16,23,0,0,2048,1.12,
16,20,27,0,2023,1.28,
16,21,5,0,2031,1.28,
16,20,0,0,2048,1.44,
16,23,33,0,2029,1.6,
16,22,10,1,2007,1.44,
16,5,0,0,2048,0.96,
17,30,38,0,2035,1.6,
16,9,1,0,2032,1.12,
16,14,24,0,2010,0.32,
16,8,19,0,2038,1.28,
16,3,28,0,2015,0.48,
16,14,48,0,2030,0.48,
16,3,0,0,2033,1.28,
17,9,0,0,2048,0.32,
16,0,0,0,2048,0.64,
16,18,0,1,2028,0.8,
16,4,0,0,2048,1.28,
16,17,0,0,2048,0.64,
16,5,0,1,2020,0.8,
16,20,0,1,2017,0.8,
16,0,3,0,2015,0.64,
17,35,17,0,2031,0.96,
16,19,11,0,2023,1.44,
16,11,1,1,2019,0.96,
16,31,0,0,2048,2.08,
16,25,17,0,2023,0.8,
16,24,21,0,2021,1.44,
16,26,0,0,2048,1.76,
16,22,27,0,2025,1.44,
17,23,29,0,2026,0.96,
16,19,0,0,2048,1.28,
16,20,33,0,2029,0.64,
16,19,36,0,2032,0.48,
16,16,0,0,2048,1.6,
16,24,39,0,2035,0.48,
16,18,41,0,2038,0.8,
16,12,0,0,2048,1.12,
17,5,45,0,2025,0.64,
16,12,0,1,2037,0.48,
16,15,0,0,2048,1.28,
16,6,0,1,2031,1.44,
16,12,0,0,2048,0.8,
16,9,0,0,2048,0.48,
16,10,0,0,2048,0.96,
17,5,1,0,2016,0.96,
16,19,0,0,2048,1.28,
16,3,0,0,2048,1.76,
16,32,0,0,2048,1.44,
16,20,8,0,2022,2.24,
16,24,11,0,2019,0.8,
16,20,0,0,2048,1.6,
16,6,16,0,2028,2.08,
17,33,17,0,2025,1.92,
16,20,0,0,2048,0.8,
16,19,22,0,2028,0.64,
16,20,23,0,2032,1.76,
16,1,0,0,2048,0.96,
16,44,28,0,2034,1.28,
16,19,30,0,2038,0.32,
16,3,0,0,2048,0.96,
17,41,35,0,2033,0.64,
16,21,22,0,2022,1.76,
16,17,23,0,2007,0.96,
16,16,40,0,2039,1.76,
16,6,0,0,2048,0.96,
16,11,0,1,2033,1.12,
16,16,1,0,2033,1.12,
16,5,0,0,2048,1.92,
17,18,1,0,2032,1.92,
16,5,9,0,2023,1.76,
16,8,40,0,2024,1.44,
16,10,13,0,2027,1.12,
16,6,1,0,2015,1.12,
16,7,4,0,2016,1.44,
16,27,7,0,2021,1.12,
17,13,0,1,2015,0.48,
16,16,11,0,2025,0.96,
16,17,0,0,2048,0.96,
16,9,14,0,2026,1.76,
16,30,9,0,2023,0.48,
16,23,0,0,2048,0.48,
16,0,21,0,2033,1.6,
16,42,16,0,2028,1.28,
17,23,0,0,2048,1.6,
16,23,17,1,2011,1.6,
16,23,28,0,2044,1.76,
16,20,0,0,2048,1.76,
16,27,30,0,1992,0.96,
16,18,4,1,2047,3.36,
16,8,0,0,2048,0.96,
16,23,35,0,2043,0.96,
17,17,38,0,2026,1.28,
16,5,0,1,2034,0.96,
16,18,42,0,2004,0.64,
16,4,0,1,2023,0.96,
16,6,0,0,2048,0.64,
16,8,1,0,2032,0.96,
16,4,17,0,2034,1.12,
16,10,8,0,2022,0.96,
17,10,0,1,2024,0,
16,12,8,0,2022,0.16,
16,10,12,0,2026,0.8,
16,8,12,0,2026,0.32,
16,16,2,0,2016,0.8,
16,12,4,0,2018,0.96,
16,5,2,0,2014,1.12,
17,35,5,0,2015,1.28,
16,23,11,0,2025,0.96,
16,27,14,0,2016,1.76,
16,24,19,0,2013,0.96,
16,24,22,0,2026,1.12,
16,26,25,0,2017,0.8,
16,0,28,0,2018,1.44,
16,40,29,0,2031,0.96,
17,9,0,0,2048,1.12,
16,25,34,0,2024,1.12,
16,8,36,0,2026,1.12,
16,29,0,0,2048,1.12,
16,18,8,0,2020,1.6,
16,20,0,0,2048,0.48,
16,18,44,0,2028,1.12,
16,13,46,0,2030,0.8,
17,6,16,0,2022,1.76,
16,11,34,0,2032,0.64,
16,6,0,1,2018,0.32,
16,16,0,0,2048,0.96,
16,9,24,0,2030,1.28,
16,11,5,0,2019,0.64,
16,10,0,0,2048,0.32,
16,23,0,0,2048,1.28,
17,8,1,0,2015,0.8,
16,29,0,0,2048,1.12,
16,22,8,0,2013,1.44,
16,20,10,0,2024,1.44,
16,19,0,0,2048,1.12,
16,17,16,0,2018,1.12,
16,18,11,0,2009,1.76,
17,19,0,0,2048,0.48,
16,22,0,0,2048,0.48,
16,18,0,0,2048,1.12,
16,23,7,0,2014,1.44,
16,22,27,0,2047,0.8,
16,20,0,0,2048,1.28,
16,12,14,0,2020,0.96,
16,29,8,1,2019,1.76,
17,21,0,0,2048,1.28,
16,11,38,0,2040,0.96,
16,12,33,0,2031,0.8,
16,19,2,0,2041,1.12,
16,6,37,0,2035,0.96,
16,20,0,0,2048,0.48,
16,9,0,0,2048,1.12,
16,14,19,0,2039,0.96,
17,10,0,1,2025,0.8,
16,18,27,0,2023,1.12,
16,5,29,0,2025,0.8,
16,18,0,0,2048,0.8,
16,2,33,0,2030,1.12,
16,28,0,0,2048,1.28,
16,2,0,1,2032,1.28,
16,32,0,0,2048,1.76,
17,13,14,0,2029,0.96,
16,19,0,0,2048,0.96,
16,19,9,0,2021,1.28,
16,20,21,0,2035,0.64,
16,19,5,1,2012,1.44,
16,19,21,0,2035,0.8,
16,10,23,0,2037,0.64,
17,38,17,0,2023,1.28,
16,22,14,0,2012,1.44,
16,11,0,0,2048,1.12,
16,31,23,0,2030,2.08,
16,19,25,0,2015,1.92,
16,16,0,0,2048,0.8,
16,5,0,0,2048,0.48,
16,23,0,0,2048,1.44,
17,14,0,0,2048,0.96,
16,16,0,1,2032,1.28,
16,11,37,0,2042,0.32,
16,7,0,0,2048,0.64,
16,9,41,0,2031,1.44,
16,16,0,1,2039,1.12,
16,8,12,0,2026,1.12,
16,5,0,0,2048,0.8,
17,22,0,1,2030,1.28,
16,6,0,1,2027,0.96,
16,9,0,1,2024,1.28,
16,20,0,1,2024,2.4,
16,12,11,0,2025,1.28,
16,11,13,0,2027,0.96,
16,21,3,0,2017,0.64,
16,20,5,0,2019,1.12,
17,20,0,0,2048,1.28,
16,24,11,0,2019,1.6,
16,19,0,0,2048,0.8,
16,17,16,0,2022,1.44,
16,27,18,0,2020,1.28,
16,21,0,0,2048,0.8,
16,21,22,0,2028,1.28,
17,20,29,0,2043,0.64,
16,19,0,0,2048,0.48,
16,18,0,0,2048,1.12,
16,20,0,0,2048,1.44,
16,0,32,0,2038,1.44,
16,39,0,0,2048,1.44,
16,18,28,0,2044,2.08,
16,14,14,0,2044,1.28,
17,1,2,0,2043,1.12,
16,26,0,1,2033,0.48,
16,12,0,1,2030,0.96,
16,9,0,1,2033,1.44,
16,16,37,0,2037,0.8,
16,11,1,0,2024,0.96,
16,1,1,0,2020,0.96,
16,16,0,0,2048,2.08,
17,3,28,0,2031,0.96,
16,18,0,0,2048,0.96,
16,14,32,0,2029,0.64,
16,15,0,0,2048,1.12,
16,16,0,0,2048,1.44,
16,8,0,0,2048,0.64,
16,27,12,0,2026,1.44,
16,19,0,0,2048,1.6,
17,10,0,0,2048,1.6,
16,22,0,1,2036,0.64,
16,19,0,0,2048,0.8,
16,21,22,0,2036,1.6,
16,23,24,0,2039,1.44,
16,19,26,0,2041,2.4,
16,28,0,0,2048,1.76,
17,25,32,0,2046,1.76,
16,23,28,0,2012,1.44,
16,19,30,0,2032,1.12,
16,17,3,0,2032,0.32,
16,13,0,1,2027,0.64,
16,11,0,0,2048,0.96,
16,11,0,1,2020,1.12,
16,7,1,0,2037,0.8,
17,6,42,0,2024,0.8,
16,16,0,1,2018,0.64,
16,8,0,0,2048,1.44,
16,10,48,0,2023,1.44,
16,8,51,0,2025,0.64,
16,8,52,0,2027,0.64,
16,7,0,0,2048,1.44,
16,4,0,1,2016,1.44,
17,15,0,0,2048,1.12,
16,3,0,1,2025,1.92,
16,19,6,0,2020,1.28,
16,7,19,0,2033,1.6,
16,27,10,0,2024,1.6,
16,23,0,0,2048,1.44,
16,27,15,0,2029,1.92,
16,24,16,0,2030,1.44,
17,3,0,0,2048,1.6,
16,44,20,0,2019,0.96,
16,21,24,0,2015,0.96,
16,6,0,0,2048,0.96,
16,31,27,0,2025,1.28,
16,17,31,0,2021,1.6,
16,23,33,0,2043,0.8,
17,22,0,0,2048,0.8,
16,20,35,0,2033,1.12,
16,19,39,0,2029,1.28,
16,18,0,0,2048,1.76,
16,13,37,0,2039,1.6,
16,10,0,0,2048,1.6,
16,5,0,0,2048,0.96,
16,14,4,0,2018,0.64,
17,2,6,0,2020,0.64,
16,19,1,0,2033,0.8,
16,12,34,0,2026,1.44,
16,1,36,0,2028,1.12,
16,23,0,0,2048,0.96,
16,5,0,1,2021,1.6,
16,20,18,0,2032,0.48,
16,5,42,0,2036,0.8,
17,32,22,0,2036,0.96,
16,18,0,0,2048,1.44,
16,17,0,0,2048,0.96,
16,21,29,0,2041,1.44,
16,21,15,0,2023,1.28,
16,0,17,0,2023,1.12,
16,46,0,0,2048,0.64,
16,20,21,0,2029,2.08,
17,20,21,0,2009,1.28,
16,19,0,0,2048,0.64,
16,21,25,0,2015,0.8,
16,23,27,0,2015,1.44,
16,23,0,0,2048,0.96,
16,20,31,0,2021,0.8,
16,19,34,0,2022,0.32,
17,14,4,0,2034,1.12,
16,12,0,0,2048,0.8,
16,10,25,0,2020,0.64,
16,16,41,0,2032,0.64,
16,10,0,1,2035,1.12,
16,9,32,0,2026,1.12,
16,3,32,0,2028,0.96,
16,11,0,0,2048,0.48,
17,4,37,0,2033,0.96,
16,19,40,0,2034,1.12,
16,5,41,0,2037,1.44,
16,10,36,0,2038,1.44,
16,13,0,1,2017,0.96,
16,11,1,0,2017,0.64,
16,13,1,0,2015,0.96,
16,20,3,0,2017,0.48,
17,22,7,0,2021,1.28,
16,19,21,0,2035,0.48,
16,23,9,0,2024,0.96,
16,2,14,0,2028,1.28,
16,47,27,0,2042,1.6,
16,12,21,0,2025,0.8,
16,33,23,0,2031,0.8,
16,21,23,0,2047,2.4,
17,21,27,0,2019,2.72,
16,22,0,0,2048,1.6,
16,20,32,0,2022,0.96,
16,15,33,0,2026,1.28,
16,25,0,0,2048,1.12,
16,18,38,0,2028,0.64,
16,13,40,0,2032,0.64,
17,2,1,1,2036,0.64,
16,21,44,0,2034,1.28,
16,4,0,1,2030,1.44,
16,11,0,1,2027,1.6,
16,8,1,0,2032,0.32,
16,4,0,0,2033,1.12,
16,9,1,0,2031,1.12,
16,3,0,0,2029,2.56,
17,15,36,0,2028,0.96,
16,15,0,0,2048,1.28,
16,3,40,0,2032,1.28,
16,23,0,0,2048,0.96,
16,2,13,0,2028,1.28,
16,32,0,0,2048,1.28,
16,22,33,0,2043,1.28,
16,21,20,0,2034,0.96,
17,20,0,0,2048,1.92,
16,21,15,0,2025,2.08,
16,23,16,0,2028,2.08,
16,22,0,0,2048,1.76,
16,25,22,0,2032,0.8,
16,22,25,0,2033,1.12,
16,26,0,0,2048,1.6,
16,20,30,0,2036,1.44,
17,20,20,0,2047,0.48,
16,12,35,0,2015,0.96,
16,23,37,0,2037,0.96,
16,17,16,0,2043,0.64,
16,15,3,0,2017,0.64,
16,4,43,0,2023,1.44,
16,18,44,0,2014,1.28,
17,11,0,1,2030,1.6,
16,8,0,1,2024,2.08,
16,11,50,0,2021,1.44,
16,7,53,0,2023,1.28,
16,7,21,0,2031,0.96,
16,5,1,0,2016,0.48,
16,12,1,0,2027,0.64,
16,4,2,0,2017,1.28,
17,17,0,0,2048,1.76,
16,12,0,0,2048,1.6,
16,27,12,0,2026,1.28,
16,27,29,0,2041,0.8,
16,23,14,0,2010,1.92,
16,3,18,0,2032,1.44,
16,36,15,0,2046,0.32,
16,3,20,0,2030,0.64,
17,34,1,0,2015,0.8,
16,20,24,0,2021,0.64,
16,23,28,0,2042,1.6,
16,19,11,0,2005,1.6,
16,29,31,0,2027,1.12,
16,13,20,0,2039,0.8,
16,23,25,0,2004,0.8,
16,28,37,0,2033,1.92,
17,16,16,0,2044,0.64,
16,7,0,0,2048,1.12,
16,15,36,0,2038,1.44,
16,4,0,0,2048,0.64,
16,14,2,0,2016,1.28,
16,10,0,0,2048,1.28,
16,10,0,0,2033,1.28,
17,11,8,0,2022,0.64,
16,11,0,1,2028,1.44,
16,3,0,0,2048,2.08,
16,16,15,0,2029,1.12,
16,5,17,0,2031,0.8,
16,17,0,0,2048,0.64,
16,17,9,0,2023,0.48,
16,18,15,0,2030,0.64,
17,1,0,0,2048,0.64,
16,44,20,0,2034,1.76,
16,23,29,0,2043,1.44,
16,19,0,0,2048,1.44,
16,4,26,0,2040,1.6,
16,41,8,2,2041,1.6,
16,11,0,0,2048,1.6,
16,9,32,0,2046,1.76,
17,43,26,0,2020,1.76,
16,20,28,0,2034,0.96,
16,21,22,0,2009,1.44,
16,24,32,0,2026,0.96,
16,4,34,0,2040,0.96,
16,32,29,0,2015,1.12,
16,3,38,0,2032,0.8,
16,25,41,0,2039,1.12,
17,12,31,0,2039,1.12,
16,3,32,0,2018,1.76,
16,13,0,1,2037,1.12,
16,0,25,0,2019,0.96,
16,16,27,0,2021,0.64,
16,2,40,0,2026,1.44,
16,18,0,0,2048,0.64,
17,0,24,0,2028,0.64,
16,17,0,0,2048,0.64,
16,16,0,1,2022,0.48,
16,12,0,0,2048,0.32,
16,3,41,0,2035,1.28,
16,30,1,0,2018,1.6,
16,22,6,0,2018,2.24,
16,19,9,0,2019,1.44,
17,19,13,0,2042,1.6,
16,18,0,0,2048,2.08,
16,24,28,0,2042,2.4,
16,3,5,2,2011,1.76,
16,46,0,0,2048,1.6,
16,5,20,1,2043,2.08,
16,40,25,0,2001,1.28,
16,22,0,0,2048,1.92,
17,19,32,0,2046,0.8,
16,22,31,0,2039,1.12,
16,18,0,0,2048,1.76,
16,14,0,0,2048,1.44,
16,5,0,0,2048,0.64,
16,22,39,0,2016,1.12,
16,10,41,0,2018,1.28,
16,3,0,0,2048,0.16,
17,20,33,0,2011,0.64,
16,8,0,0,2048,0.48,
16,10,0,1,2032,1.6,
16,12,51,0,2028,1.28,
16,4,10,0,2031,0.64,
16,13,32,0,2028,1.6,
16,3,0,0,2048,0.96,
17,7,14,0,2029,0.96,
16,10,16,0,2031,1.92,
16,25,19,0,2033,1.12,
16,0,2,0,2014,0.8,
16,40,0,0,2048,1.6,
16,22,0,0,2048,0.96,
16,20,27,0,2041,1.6,
16,22,17,0,2027,0.8,
17,19,0,0,2048,1.44,
16,22,20,0,2023,1.12,
16,18,23,0,2021,0.16,
16,24,0,0,2048,1.12,
16,3,27,0,2029,1.12,
16,40,29,0,2027,0.64,
16,23,0,0,2048,1.28,
16,25,33,0,2035,1.12,
17,22,36,0,2038,1.44,
16,19,37,0,2041,0.64,
16,16,5,0,2039,0.8,
16,5,25,0,2041,0.8,
16,13,36,0,2034,1.6,
16,11,0,0,2038,0.96,
16,0,0,1,2034,0.96,
16,18,42,0,2012,1.12,
17,4,13,0,2039,0.96,
16,17,0,1,2028,0.8,
16,1,0,0,2048,1.12,
16,19,6,0,2018,1.6,
16,7,8,0,2020,0.96,
16,9,0,0,2048,1.6,
16,12,1,0,2016,1.28,
17,2,0,0,2048,0.48,
16,27,20,0,2034,0.64,
16,21,7,0,2021,1.44,
16,23,9,0,2023,0.48,
16,0,0,0,2048,1.76,
16,48,16,0,2028,1.44,
16,23,19,0,2025,1.44,
16,22,0,0,2048,1.6,
17,4,31,0,2043,0.96,
16,36,26,0,2030,0.64,
16,19,28,0,2032,1.44,
16,19,5,0,2039,1.28,
16,21,32,0,2036,0.8,
16,23,34,0,2038,1.44,
16,1,11,0,2005,1.6,
16,45,36,0,2042,1.12,
17,13,41,0,2037,0.96,
16,11,3,0,2037,1.92,
16,9,44,0,2032,0.64,
16,11,29,0,2007,1.28,
16,9,32,0,2034,0.32,
16,0,1,0,2025,0.48,
16,17,0,0,2048,0.8,
16,0,0,0,2048,0.8,
17,15,0,0,2048,0.8,
16,9,0,0,2048,0.32,
16,4,0,0,2048,1.12,
16,16,3,0,2017,0.8,
16,14,5,0,2019,0.96,
16,0,7,0,2021,0.8,
16,36,0,0,2048,0.64,
17,8,38,0,2029,0.96,
16,28,12,0,2024,1.92,
16,21,15,0,2029,1.28,
16,22,11,1,2007,1.6,
16,23,18,0,2030,1.28,
16,23,21,0,2035,1.12,
16,23,23,0,2003,0.8,
16,25,25,0,2035,0.64,
17,24,26,0,2035,1.6,
16,23,30,0,2044,0.96,
16,1,0,0,2048,1.76,
16,44,37,0,2037,0.96,
16,18,11,0,2033,0.8,
16,16,0,0,2048,0.64,
16,6,2,0,2024,0.64,
16,9,0,0,2048,0.64,
17,4,0,1,2038,0.64,
16,12,49,0,2023,0.96,
16,6,0,0,2048,0.64,
16,14,28,0,2032,1.28,
16,4,0,0,2048,0.96,
16,11,0,1,2030,0.96,
16,8,0,0,2020,0.64,
16,10,0,0,2048,1.28,
17,7,0,0,2048,0.32,
16,10,0,1,2021,0.48,
16,10,46,0,2016,0.8,
16,16,37,0,2016,0.48,
16,26,22,0,2036,1.44,
16,25,0,0,2048,1.44,
16,25,33,0,2020,1.6,
17,25,21,0,2023,0.48,
16,22,30,0,2044,1.12,
16,25,28,0,2014,0.64,
16,20,30,0,2026,0.64,
16,17,5,1,2037,1.28,
16,3,34,0,2020,0.64,
16,37,1,0,2025,0.8,
16,20,4,0,2016,0.96,
17,22,7,0,2009,2.08,
16,24,0,0,2048,0.64,
16,20,56,0,2043,1.6,
16,17,25,0,2003,0.48,
16,12,0,0,2048,1.6,
16,4,46,0,2048,0.8,
16,6,13,0,2033,1.12,
16,10,2,0,2016,0.48,
17,11,4,0,2018,1.6,
16,10,38,0,2018,0.8,
16,11,0,1,2041,0.32,
16,12,10,0,2024,0.96,
16,13,0,0,2048,0.16,
16,13,14,0,2029,0.8,
16,0,1,1,2027,0.96,
16,38,50,0,2028,1.28,
17,20,36,0,2030,1.76,
16,1,13,0,2018,2.24,
16,36,25,0,2039,0.96,
16,19,4,1,2017,1.44,
16,20,20,0,2024,1.6,
16,22,31,0,2045,1.12,
16,24,20,0,2004,1.44,
17,22,24,0,2010,0.96,
16,21,0,0,2048,1.28,
16,20,4,1,2026,1.28,
16,20,30,0,2016,0.64,
16,1,0,0,2048,1.28,
16,40,8,0,2012,1.6,
16,19,37,0,2023,0.64,
16,15,0,0,2048,0.64,
17,8,1,0,2039,0.16,
16,20,0,0,2048,0.8,
16,12,17,0,2038,0.32,
16,0,48,0,2026,0.8,
16,22,24,0,2026,1.28,
16,9,43,0,2029,0.48,
16,6,28,0,2030,0.8,
16,6,0,0,2017,0.48,
17,5,31,0,2035,0.64,
16,19,0,1,2025,1.6,
16,4,5,0,2019,0.64,
16,27,2,0,2014,1.44,
16,7,0,0,2048,0.96,
16,31,6,1,2040,0.8,
16,21,11,0,2015,1.12,
16,11,0,0,2048,0.96,
17,27,15,0,2017,1.6,
16,19,0,0,2048,1.44,
16,2,10,0,2012,0.96,
16,44,22,0,2024,1.28,
16,25,0,0,2048,0.48,
16,25,26,0,2010,0.96,
16,24,30,0,2028,1.12,
17,22,0,0,2048,0.96,
16,17,16,0,2038,1.92,
16,21,15,0,2045,1.92,
16,5,0,0,2048,0.48,
16,23,40,0,2038,1.28,
16,3,0,0,2048,0.8,
16,6,13,0,2039,0.8,
16,16,46,0,2026,0.8,
17,9,0,0,2048,0.64,
16,12,46,0,2030,0.48,
16,7,42,0,2029,1.28,
16,9,5,0,2019,0.32,
16,10,7,0,2021,0.64,
16,5,1,0,2022,0.8,
16,7,11,0,2025,0.96,
16,13,1,0,2017,0.48,
17,19,0,0,2048,0.48,
16,18,4,0,2016,2.4,
16,22,7,0,2019,0.64,
16,24,0,0,2048,1.6,
16,24,15,0,2019,0.64,
16,23,19,0,2019,1.44,
16,23,0,0,2048,0.32,
16,21,23,0,2023,1.12,
17,21,24,0,2018,1.6,
16,5,26,0,2028,1.12,
16,36,6,2,2038,1.12,
16,20,31,0,2025,0.32,
16,21,32,0,2034,1.44,
16,21,2,1,2015,1.12,
16,21,37,0,2031,1.12,
17,20,39,0,2035,0.64,
16,15,32,0,2039,2.4,
16,14,0,0,2048,0.32,
16,4,0,1,2035,0.32,
16,12,28,0,2022,0.48,
16,7,0,0,2048,1.76,
16,10,24,0,2022,1.28,
16,14,27,0,2017,1.28,
17,12,0,0,2020,1.28,
16,2,30,0,2029,1.28,
16,12,33,0,2023,1.12,
16,12,42,0,2036,1.6,
16,18,3,0,2017,1.44,
16,16,0,0,2048,0.64,
16,19,5,0,2015,0.96,
16,11,7,0,2017,1.44,
17,26,9,0,2021,0.96,
16,22,12,0,2024,0.48,
16,21,0,0,2048,1.12,
16,21,15,0,2027,0.64,
16,20,18,0,2031,1.12,
16,0,0,0,2048,1.12,
16,44,21,0,2033,1.28,
16,24,24,0,2036,1.92,
17,23,0,0,2048,0.96,
16,25,29,0,2023,0.48,
16,24,32,0,2006,1.12,
16,19,0,0,2048,1.92,
16,17,36,0,2028,0.48,
16,2,0,0,2048,1.12,
16,20,40,0,2014,0.64,
17,5,1,0,2022,0.96,
16,11,45,0,2025,1.28,
16,3,46,0,2021,1.28,
16,9,0,0,2022,0.48,
16,10,0,0,2048,0.64,
16,7,0,0,2048,1.12,
16,10,0,1,2025,1.12,
16,4,0,0,2048,0.96,
17,12,0,1,2020,0.48,
16,0,0,0,2048,1.6,
16,12,0,0,2048,0.32,
16,4,1,0,2015,1.12,
16,20,5,0,2019,0.64,
16,20,6,0,2019,1.28,
16,6,23,0,2037,0.96,
16,41,11,0,2015,1.12,
17,23,0,0,2048,1.28,
16,2,20,0,2020,1.6,
16,49,25,0,2023,1.44,
16,23,0,0,2048,1.44,
16,20,28,0,2024,0.8,
16,1,31,0,2029,1.12,
16,38,0,0,2048,0.48,
16,17,35,0,2031,1.12,
17,23,36,0,2024,1.28,
16,2,0,0,2048,1.6,
16,44,40,0,2034,0.64,
16,17,42,0,2030,0.96,
16,14,0,0,2048,0.64,
16,4,20,0,2037,0.64,
16,13,35,0,2034,1.76,
17,5,29,0,2007,0.48,
16,5,0,0,2048,0.96,
16,12,0,0,2048,0.96,
16,1,0,0,2048,0.32,
16,13,0,0,2048,0.8,
16,14,0,1,2016,0.48,
16,10,42,0,2020,0.8,
16,12,44,0,2022,0.64,
17,5,46,0,2024,0.32,
16,29,0,0,2048,1.12,
16,11,12,0,2034,0.8,
16,29,45,0,2029,1.44,
16,14,0,0,2048,0.96,
16,19,7,0,2011,1.44,
16,28,5,1,2021,2.08,
16,22,0,0,2048,0.8,
17,23,22,0,2026,0.8,
16,25,28,0,2042,1.28,
16,22,28,0,2008,1.6,
16,23,31,0,2030,1.92,
16,10,20,0,2047,2.24,
16,35,34,0,2014,1.6,
16,1,38,0,2036,1.6,
16,35,12,0,2014,1.44,
17,13,5,0,2027,2.08,
16,7,22,0,2008,0.8,
16,10,8,0,2014,0.64,
16,8,4,0,2016,1.44,
16,18,12,0,2018,0.8,
16,9,1,0,2032,1.6,
16,12,16,0,2023,0.96,
17,11,52,0,2025,1.6,
16,5,43,0,2025,1.44,
16,14,0,0,2048,0.96,
16,7,0,0,2023,1.44,
16,8,0,0,2048,1.44,
16,27,0,0,2048,1.12,
16,22,0,0,2048,1.28,
16,23,27,0,2039,1.12,
17,22,15,0,2019,1.6,
16,22,0,0,2048,1.12,
16,21,19,0,2029,0.8,
16,20,21,0,2025,1.6,
16,19,0,0,2048,0.64,
16,20,25,0,2035,0.8,
16,21,27,0,2031,1.12,
16,20,0,0,2048,1.12,
17,23,32,0,2028,1.12,
16,26,33,0,2030,0.8,
16,5,0,0,2048,0.8,
16,37,38,0,2035,0.96,
16,16,40,0,2036,0.96,
16,12,0,0,2048,1.12,
16,9,31,0,2038,1.28,
16,9,13,0,2038,0.48,
17,10,0,1,2035,0.48,
16,11,0,0,2034,0.96,
16,0,0,1,2031,0.96,
16,20,0,1,2021,0.64,
16,7,40,0,2028,1.6,
16,11,42,0,2036,1.12,
16,12,16,0,2030,1.6,
17,14,19,0,2037,0.8,
16,3,0,0,2048,0.96,
16,28,9,0,2023,1.44,
16,19,0,0,2048,1.12,
16,19,0,0,2048,0.8,
16,4,28,0,2043,0.48,
16,38,16,0,2030,1.12,
16,22,0,0,2048,1.44,
17,23,17,0,2029,1.44,
16,23,20,0,2028,1.44,
16,22,0,0,2048,2.08,
16,22,23,0,2035,1.12,
16,20,27,0,2035,1.28,
16,22,0,0,2048,0.64,
16,21,29,0,2041,1.12,
16,21,33,0,2041,1.28,
17,4,35,0,2041,0.96,
16,30,7,0,2022,1.6,
16,14,39,0,2035,0.64,
16,4,0,0,2048,1.44,
16,15,0,1,2039,0.96,
16,2,20,0,2038,0.48,
16,19,7,0,2021,0.8,
16,1,0,0,2035,1.28,
17,18,47,0,2019,0.16,
16,7,0,0,2048,0.8,
16,5,51,0,2023,1.12,
16,9,0,1,2025,0.48,
16,12,0,0,2048,0.8,
16,8,0,1,2020,0.48,
16,19,0,0,2048,1.44,
17,8,4,0,2018,0.64,
16,29,4,0,2014,0.8,
16,21,25,0,2039,1.28,
16,22,0,0,2048,1.28,
16,20,14,0,2012,1.76,
16,22,31,0,2045,1.6,
16,22,0,0,2048,0.64,
16,20,21,0,2017,0.96,
17,22,23,0,2035,2.56,
16,22,0,0,2048,0.8,
16,6,26,0,2040,1.44,
16,41,29,0,2041,3.52,
16,23,0,0,2048,1.28,
16,22,32,0,2046,1.92,
16,21,19,1,2044,0.96,
16,15,0,0,2048,1.44,
17,0,34,0,2012,0.48,
16,22,0,0,2042,0.48,
16,0,0,0,2039,0.48,
16,16,0,1,2031,1.92,
16,3,1,0,2029,1.6,
16,13,0,0,2034,1.28,
16,5,0,0,2048,1.28,
16,13,0,1,2027,2.4,
17,7,0,0,2048,0.64,
16,5,0,1,2021,0.96,
16,12,0,0,2048,1.44,
16,8,46,0,2025,0.16,
16,18,2,0,2018,1.12,
16,1,5,0,2019,2.24,
16,35,19,0,2033,1.6,
17,0,9,0,2023,1.6,
16,43,11,0,2013,0.48,
16,23,16,0,2024,0.96,
16,25,16,0,2028,0.8,
16,22,19,0,2017,0.96,
16,22,22,0,2030,0.96,
16,21,25,0,2032,1.76,
16,20,27,0,2021,0.8,
17,20,0,0,2048,1.76,
16,24,32,0,2030,1.28,
16,20,33,0,2035,1.12,
16,23,0,0,2048,2.24,
16,21,38,0,2036,2.56,
16,18,35,0,2041,1.28,
16,14,0,0,2048,0.96,
16,7,0,1,2040,0.64,
17,6,0,0,2048,0.8,
16,9,29,0,2035,0.64,
16,6,10,0,2035,0.96,
16,3,39,0,2015,1.44,
16,9,0,1,2030,1.6,
16,3,0,0,2048,0.96,
16,13,5,0,2019,0.8,
16,4,1,0,2024,1.28,
17,9,0,0,2048,0.8,
16,20,52,0,2024,1.44,
16,4,52,0,2026,0.96,
16,19,43,0,2026,0.64,
16,23,0,0,2048,0.64,
16,19,1,0,2025,0.64,
16,21,2,0,2021,2.4,
17,22,23,0,2037,0.96,
16,1,17,0,2022,1.44,
16,49,22,0,2034,0.96,
16,24,29,0,2043,1.76,
16,24,29,0,2023,1.92,
16,24,31,0,2037,1.28,
16,20,9,2,2038,1.92,
16,2,36,0,2028,1.76,
17,41,0,0,2048,0.96,
16,6,41,0,2033,0.96,
16,29,42,0,2032,1.28,
16,20,0,0,2048,1.28,
16,5,24,0,2036,2.24,
16,13,22,0,2035,0.96,
16,1,0,0,2048,1.76,
16,13,21,0,2019,0.64,
17,19,0,1,2023,0.96,
16,1,13,0,2019,1.44,
16,13,15,0,2021,0.64,
16,9,1,0,2015,0.96,
16,12,1,0,2023,0.64,
16,11,33,0,2031,0.48,
16,18,4,0,2018,0.64,
16,19,0,0,2048,0.8,
17,2,9,0,2021,0.32,
16,48,30,0,2036,1.44,
16,5,31,0,2039,1.44,
16,37,21,0,2023,1.28,
16,20,36,0,2042,1.76,
16,1,3,1,2018,0.48,
16,34,27,0,2029,1.44,
17,20,0,0,2048,0.96,
16,21,0,0,2048,1.28,
16,21,1,1,2015,0.96,
16,4,15,0,2017,1.44,
16,42,37,0,2039,1.12,
16,25,20,0,2006,0.64,
16,13,23,0,2022,0.8,
16,20,9,1,2032,0.96,
17,10,0,0,2048,2.08,
16,3,29,0,2015,0.64,
16,17,31,0,2032,0.96,
16,3,33,0,2019,0.8,
16,16,3,0,2015,0.96,
16,9,38,0,2036,0.8,
16,20,39,0,2025,1.28,
16,7,25,0,2040,0.48,
17,13,0,1,2039,1.28,
16,3,0,0,2048,1.12,
16,31,0,0,2048,1.28,
16,15,0,0,2048,1.28,
16,9,6,0,2020,0.8,
16,25,8,0,2022,0.64,
16,22,0,0,2048,0.64,
16,22,2,0,2014,0.96,
17,22,0,0,2048,1.44,
16,23,17,0,2020,0.8,
16,22,19,0,2025,0.48,
16,22,0,0,2048,0.8,
16,1,24,0,2026,1.28,
16,41,26,0,2031,1.28,
16,21,0,0,2048,0.96,
17,18,33,0,2045,1.12,
16,21,32,0,2043,0.48,
16,6,0,0,2048,1.12,
16,27,0,0,2048,1.12,
16,8,38,0,2026,0.48,
16,22,40,0,2028,1.12,
16,3,10,0,2041,0.16,
16,11,23,0,2038,0.96,
17,8,0,0,2048,0.32,
16,9,0,0,2048,0.16,
16,12,28,0,2026,1.12,
16,15,1,0,2027,0.8,
16,3,8,0,2022,0.96,
16,22,0,0,2048,0.48,
16,10,0,0,2048,1.28,
16,17,0,0,2048,0.32,
17,7,0,0,2048,0.96,
16,27,5,0,2019,0.96,
16,19,0,0,2048,1.28,
16,20,11,0,2025,1.12,
16,20,11,0,2025,0.64,
16,23,0,0,2048,0.48,
16,13,17,0,2031,1.12,
16,34,17,0,2031,0.8,
17,24,0,0,2048,1.44,
16,19,10,0,2047,0.8,
16,23,28,0,2042,1.44,
16,3,0,0,2048,1.28,
16,38,2,0,2020,1.28,
16,18,32,0,2036,0.96,
16,19,35,0,2037,1.12,
17,17,0,0,2048,1.12,
16,15,1,1,2039,0.48,
16,0,20,0,2041,1.12,
16,24,14,0,2022,1.28,
16,0,45,0,2029,1.12,
16,21,0,0,2048,1.12,
16,4,20,0,2029,0.96,
16,17,0,0,2048,0.8,
17,1,0,0,2048,0.48,
16,10,17,0,2029,0.48,
16,19,0,1,2025,0.48,
16,5,11,0,2027,0.48,
16,19,13,0,2029,1.6,
16,15,0,0,2048,1.12,
16,9,28,0,2044,1.12,
16,29,19,0,2035,0.48,
17,20,9,0,2021,1.12,
16,21,1,0,2026,1.28,
16,17,13,0,2025,1.28,
16,22,15,0,2027,1.12,
16,24,16,0,2026,1.6,
16,22,19,0,2031,1.44,
16,21,21,0,2033,1.12,
16,20,22,0,2032,1.12,
17,23,0,0,2048,0.64,
16,20,26,0,2036,0.96,
16,12,25,0,2007,0.64,
16,29,0,0,2048,0.8,
16,22,32,0,2043,1.28,
16,18,31,0,2013,0.96,
16,10,4,0,2014,1.92,
17,13,0,0,2048,0.64,
16,13,22,0,2020,0.64,
16,0,39,0,2021,0.64,
16,24,0,0,2048,0.64,
16,0,28,0,2026,1.92,
16,16,30,0,2028,0.8,
16,7,1,0,2020,0.64,
16,8,1,0,2018,0.48,
17,4,0,0,2048,1.44,
16,11,0,1,2023,0.8,
16,1,1,0,2021,0.8,
16,22,0,0,2048,0,
16,10,41,0,2037,1.6,
16,17,11,0,2023,0.48,
16,15,1,0,2015,0.96,
16,20,15,0,2027,0.96,
17,18,1,1,2015,1.92,
16,21,8,0,2022,1.76,
16,23,5,0,2017,2.08,
16,22,0,0,2048,1.76,
16,17,14,0,2028,2.08,
16,31,18,0,2017,2.24,
16,23,0,0,2048,1.44,
16,25,27,0,2027,1.6,
17,5,33,0,2046,1.76,
16,41,15,2,2040,1.44,
16,18,35,0,2041,0.96,
16,19,3,0,2029,1.28,
16,8,39,0,2010,1.12,
16,17,41,0,2027,1.28,
16,3,0,0,2048,1.44,
17,9,45,0,2031,1.76,
16,11,48,0,2018,1.76,
16,15,33,0,2033,1.92,
16,3,0,1,2026,1.12,
16,14,0,1,2024,1.12,
16,2,0,1,2018,0.8,
16,10,1,0,2016,0.64,
16,5,18,0,2030,1.12,
17,13,20,0,2033,0.48,
16,1,22,0,2035,1.12,
16,23,0,0,2048,0.96,
16,5,1,0,2015,1.6,
16,39,0,0,2048,1.12,
16,24,11,0,2017,2.4,
16,6,16,0,2012,1.12,
16,40,0,0,2048,1.12,
17,21,22,0,2034,1.6,
16,15,2,0,2032,0.96,
16,24,3,1,2021,0.96,
16,16,27,0,2021,0.64,
16,24,4,0,2014,0.64,
16,22,8,0,2016,0.64,
16,23,32,0,2046,1.76,
16,22,16,0,2014,1.44,
17,8,33,0,2042,1.6,
16,13,40,0,2036,2.24,
16,35,0,0,2048,2.24,
16,3,0,0,2048,1.44,
16,11,29,0,2023,1.12,
16,13,0,1,2036,1.6,
16,5,0,0,2048,1.44,
17,18,10,0,2023,1.28,
16,4,1,0,2028,1.76,
16,15,37,0,2035,1.12,
16,13,41,0,2035,0.64,
16,13,1,0,2015,1.28,
16,14,30,0,2037,0.64,
16,13,1,0,2015,0.32,
16,20,1,0,2031,2.4,
17,0,1,1,2024,0.48,
16,37,1,0,2017,0.96,
16,21,10,0,2010,0.8,
16,23,33,0,2045,1.92,
16,13,15,0,2011,0.64,
16,31,17,0,2015,0.64,
16,20,10,0,2024,1.76,
16,20,21,0,2017,2.56,
17,20,4,1,2045,0.96,
16,19,25,0,2038,1.44,
16,23,0,0,2048,1.28,
16,23,9,1,2010,1.28,
16,10,32,0,2044,0.96,
16,34,0,0,2048,1.44,
16,14,22,0,2004,1.12,
16,3,7,0,2019,1.76,
17,14,1,1,2031,1.76,
16,22,0,1,2028,1.44,
16,4,4,0,2018,1.12,
16,16,0,0,2021,1.44,
16,4,1,0,2027,1.12,
16,13,0,0,2048,0.64,
16,5,37,0,2036,0.16,
17,16,1,0,2029,0.8,
16,5,6,0,2020,0.96,
16,10,1,0,2015,0.8,
16,12,3,0,2017,1.28,
16,10,0,0,2048,1.12,
16,14,7,0,2021,0.8,
16,13,27,0,2041,1.12,
16,24,4,0,2019,0.32,
17,20,1,0,2024,1.76,
16,22,15,0,2029,1.76,
16,24,0,0,2048,0.96,
16,22,14,0,2008,1.92,
16,22,22,0,2036,1.28,
16,21,0,0,2048,1.28,
16,3,22,0,2012,1.92,
16,44,28,0,2042,1.92,
17,23,0,0,2048,0.8,
16,22,25,1,2004,1.76,
16,19,31,0,2045,1.76,
16,13,0,0,2048,1.28,
16,24,16,0,2004,1.12,
16,15,1,0,2039,1.12,
16,5,20,0,2009,1.44,
16,20,0,0,2048,0.48,
17,5,43,0,2015,1.92,
16,16,14,0,2039,1.6,
16,1,47,0,2019,0.8,
16,12,9,0,2023,1.28,
16,13,0,0,2024,0.8,
16,2,0,1,2031,1.12,
16,16,15,0,2029,1.28,
17,4,0,0,2048,0.32,
16,13,0,0,2048,0.32,
16,10,0,0,2048,0.8,
16,14,6,0,2020,0.64,
16,13,0,1,2017,0.8,
16,28,27,0,2041,1.6,
16,3,0,0,2048,1.6,
16,40,12,0,2014,0.48,
17,18,25,0,2039,1.44,
16,4,15,1,2004,0.8,
16,39,29,0,2043,0.8,
16,20,1,1,2029,0.32,
16,22,0,0,2048,0.96,
16,21,25,0,2025,0.64,
16,8,10,1,2009,0.8,
16,33,0,0,2048,1.76,
17,15,30,0,2018,1.76,
16,32,24,0,1994,1.28,
16,18,0,0,2048,1.92,
16,17,36,0,2025,0.64,
16,19,30,0,2000,1.44,
16,5,32,0,2002,0.32,
16,13,35,0,2019,0.8,
16,4,5,0,2019,0.8,
17,15,0,1,2024,0.48,
16,2,40,0,2010,0.16,
16,10,0,1,2019,0.48,
16,13,45,0,2029,0.96,
16,9,15,0,2029,0.96,
16,7,3,0,2019,1.44,
16,11,0,0,2048,0.8,
17,13,0,0,2048,1.76,
16,8,9,0,2025,1.12,
16,17,2,0,2016,0.8,
16,23,6,0,2020,0.96,
16,21,14,0,2028,0.48,
16,22,17,0,2033,0.32,
16,22,12,0,2027,0.96,
16,23,20,0,2034,0.32,
17,22,19,0,2023,0.96,
16,21,21,0,2017,0.8,
16,15,0,0,2048,0.96,
16,30,26,0,2028,1.44,
16,24,28,0,2022,1.44,
16,0,0,0,2048,2.4,
16,40,32,0,2034,0.96,
16,19,34,0,2028,1.76,
17,17,0,0,2048,1.12,
16,13,3,0,2013,0.64,
16,6,40,0,2034,0.16,
16,27,12,0,2041,0.16,
16,4,0,1,2038,0.8,
16,10,0,0,2048,1.12,
16,16,48,0,2016,1.6,
16,4,19,0,2021,0.8,
17,4,0,1,2029,0.8,
16,16,0,0,2020,0.96,
16,4,17,0,2029,0.96,
16,14,0,0,2048,1.76,
16,0,30,0,2032,0.96,
16,24,0,0,2048,1.12,
16,2,4,0,2019,1.76,
17,35,5,0,2018,1.28,
16,23,10,0,2014,1.28,
16,1,0,0,2048,1.28,
16,41,15,0,2021,0.8,
16,19,16,0,2020,1.6,
16,19,18,0,2022,1.44,
16,17,0,0,2048,0.96,
16,26,23,0,2029,0.8,
17,1,26,0,2026,0.8,
16,46,0,0,2048,1.12,
16,23,29,0,2043,1.28,
16,23,32,0,2032,1.28,
16,21,0,0,2048,1.28,
16,18,9,0,2045,1.76,
16,16,38,0,2038,0.96,
16,1,1,0,2030,1.28,
17,24,39,0,2017,1.76,
16,3,0,0,2048,0.64,
16,11,43,0,2021,0.8,
16,8,45,0,2023,1.28,
16,10,4,0,2018,0.96,
16,10,4,0,2018,1.12,
16,10,6,0,2020,0.96,
16,11,0,0,2048,0.8,
17,9,0,0,2048,0.64,
16,11,46,0,2024,0.32,
16,6,14,0,2029,1.76,
16,10,0,0,2048,1.28,
16,24,5,0,2017,0.64,
16,21,4,0,2014,1.44,
16,23,24,0,2039,1.6,
17,23,0,0,2048,1.44,
16,23,16,0,2022,1.44,
16,3,18,0,2024,0.96,
16,42,0,0,2048,1.28,
16,19,23,0,2029,1.44,
16,11,25,0,2030,0.8,
16,29,0,0,2048,1.92,
16,25,29,0,2035,1.92,
17,20,32,0,2036,1.92,
16,13,0,0,2048,1.92,
16,31,13,0,2009,0.96,
16,23,37,0,2042,0.96,
16,2,0,0,2048,1.6,
16,23,22,0,2012,1.12,
16,12,40,0,2037,1.28,
16,1,26,0,2016,1.12,
17,8,10,0,2037,1.28,
16,14,0,0,2048,0.64,
16,9,32,0,2022,0.16,
16,1,34,0,2024,0.16,
16,14,36,0,2026,1.6,
16,6,0,1,2018,1.44,
16,10,0,1,2024,1.44,
16,11,0,0,2048,1.76,
17,8,0,0,2018,0.96,
16,13,0,0,2048,0.96,
16,15,0,0,2048,1.12,
16,19,3,0,2032,1.12,
16,19,0,0,2048,1.28,
16,22,10,0,2022,1.92,
16,5,0,0,2048,0.64,
17,40,14,0,2011,1.28,
16,22,18,0,2026,1.44,
16,25,20,0,2026,1.44,
16,24,24,0,2014,1.28,
16,23,28,0,2028,1.12,
16,25,32,0,2028,1.6,
16,5,33,0,2017,1.12,
16,39,36,0,2032,1.12,
17,20,17,0,2013,1.6,
16,18,13,0,2026,0.8,
16,16,0,0,2048,1.76,
16,4,13,0,2008,1.44,
16,16,12,0,2038,0.64,
16,6,47,0,2031,0.96,
16,9,39,0,2032,1.12,
16,8,26,0,2032,0.48,
17,14,11,0,2023,1.28,
16,4,4,0,2018,1.28,
16,14,0,0,2048,1.12,
16,5,30,0,2024,1.12,
16,5,0,0,2048,0.8,
16,16,12,0,2027,1.6,
16,15,4,0,2018,1.28,
16,21,25,0,2037,0.96,
17,24,0,0,2048,1.6,
16,25,14,0,2012,0.64,
16,24,23,0,2037,1.28,
16,25,0,0,2048,0.96,
16,20,22,0,2016,0.64,
16,0,29,0,2043,0.8,
16,38,0,0,2048,1.6,
17,20,28,0,2020,0.48,
16,18,30,0,2032,1.12,
16,21,0,0,2048,0.48,
16,22,0,0,2048,0.64,
16,22,21,0,2015,0.8,
16,22,12,0,2020,1.12,
16,20,0,0,2048,1.44,
16,18,27,0,2021,0.8,
17,7,24,0,2004,0.64,
16,10,0,0,2024,0.64,
16,7,1,0,2021,0.64,
16,2,0,0,2019,0.8,
16,18,0,0,2017,1.12,
16,0,4,0,2018,1.12,
16,23,3,0,2017,1.44,
16,4,38,0,2018,0.96,
17,15,40,0,2020,1.28,
16,11,42,0,2022,1.12,
16,14,0,0,2048,0.64,
16,17,0,0,2048,2.24,
16,20,6,0,2017,1.28,
16,15,1,0,2015,1.28,
16,20,3,0,2013,0.64,
16,21,0,0,2048,1.6,
17,22,15,0,2025,0.8,
16,23,10,2,2005,1.6,
16,22,0,0,2048,1.44,
16,27,23,0,2029,1.76,
16,21,25,0,2001,1.44,
16,22,0,0,2048,0.64,
16,21,29,0,2035,0.8,
17,21,9,1,2023,1.28,
16,1,0,0,2048,1.6,
16,38,35,0,2041,1.12,
16,19,14,0,2006,0.96,
16,9,0,0,2048,0.8,
16,8,42,0,2018,0.8,
16,20,44,0,2034,1.28,
16,5,46,0,2022,1.28,
17,6,25,0,2020,1.76,
16,18,50,0,2026,1.12,
16,5,0,0,2048,1.12,
16,8,1,0,2031,0.8,
16,3,0,0,2029,0.32,
16,11,0,0,2027,0.64,
16,0,0,0,2048,0.96,
16,25,19,0,2033,0.96,
17,15,0,0,2048,1.6,
16,2,36,0,2037,1.44,
16,34,11,0,2025,1.76,
16,21,27,0,2041,0.8,
16,22,6,0,2020,0.96,
16,20,17,0,2031,1.12,
16,2,24,0,2047,0.8,
16,42,13,0,2009,0.96,
17,22,20,0,2025,1.28,
16,24,0,0,2048,0.96,
16,3,26,0,2026,1.76,
16,44,28,0,2030,0.32,
16,20,0,0,2048,0.16,
16,25,34,0,2030,0.96,
16,19,37,0,2033,2.24,
17,16,0,0,2048,1.76,
16,4,41,0,1997,1.12,
16,20,43,0,2017,1.6,
16,1,23,0,2038,0.96,
16,12,3,0,2038,1.44,
16,5,48,0,2028,1.44,
16,14,0,0,2048,1.76,
16,4,0,0,2048,1.76,
17,12,25,0,2030,1.6,
16,10,0,0,2048,1.28,
16,11,0,0,2048,0.64,
16,7,0,0,2048,0.64,
16,10,0,0,2048,0.48,
16,6,42,0,2018,0.8,
16,19,0,0,2048,1.44,
16,20,0,0,2048,0.8,
17,22,9,0,2023,1.76,
16,26,13,0,2017,0.96,
16,24,0,0,2048,1.12,
16,26,20,0,2024,0.96,
16,24,25,0,2017,1.44,
16,9,0,0,2048,1.12,
16,29,29,0,2027,1.28,
16,7,32,0,2020,1.28,
17,31,33,0,2032,2.24,
16,16,36,0,2024,2.4,
16,21,38,0,2030,2.4,
16,22,40,0,2028,1.44,
16,21,0,0,2048,1.76,
16,20,3,2,2035,0.96,
16,12,44,0,2034,1.12,
17,8,35,0,2034,1.76,
16,1,0,0,2021,0.96,
16,14,5,0,2015,0.64,
16,1,17,0,2032,1.12,
16,17,0,0,2048,0,
16,12,0,0,2048,1.92,
16,3,0,0,2048,0.48,
16,17,8,0,2023,1.12,
17,1,0,0,2017,1.44,
16,23,1,0,2015,0.32,
16,0,5,0,2016,1.12,
16,45,0,0,2048,1.6,
16,16,12,0,2021,1.12,
16,19,17,0,2017,1.44,
16,20,0,0,2048,0.96,
16,18,23,0,2015,2.08,
17,19,0,0,2048,1.28,
16,6,25,0,2025,0.8,
16,35,0,0,2048,1.44,
16,22,24,0,2047,1.44,
16,5,31,0,2031,1.6,
16,37,0,0,2048,1.28,
16,15,10,0,2018,1.44,
16,30,37,0,2037,0.96,
17,22,0,0,2048,1.28,
16,18,25,0,2007,0.96,
16,5,33,0,2036,1.6,
16,11,0,0,2048,2.24,
16,19,31,0,2033,1.28,
16,1,33,0,2005,1.44,
16,22,35,0,2007,1.44,
17,8,37,0,2009,0.64,
16,16,0,1,2026,0.8,
16,9,17,0,2041,0.64,
16,8,4,0,2018,1.28,
16,17,15,0,2029,0.16,
16,18,8,0,2022,0.96,
16,18,19,0,2033,0.96,
16,16,8,0,2022,1.76,
17,16,0,0,2048,1.76,
16,0,25,0,2039,1.44,
16,39,18,0,2032,1.44,
16,10,0,0,2048,1.6,
16,34,31,0,2045,1.6,
16,13,24,0,2039,1.44,
16,32,0,0,2048,1.44,
16,22,15,1,2022,1.6,
17,24,30,0,2044,1.6,
16,23,0,0,2048,1.76,
16,1,30,0,2006,2.08,
16,39,7,0,2035,0.96,
16,15,0,0,2048,0.96,
16,13,37,0,2031,1.28,
16,5,38,0,2015,1.12,
16,19,0,1,2041,1.12,
17,6,0,1,2038,0.48,
16,7,0,0,2048,0.96,
16,9,2,0,2016,1.44,
16,15,5,0,2021,0.64,
16,2,6,0,2020,1.44,
16,10,9,0,2025,0.64,
16,3,0,0,2048,1.28,
17,8,13,0,2029,0.48,
16,21,15,0,2031,0.96,
16,2,58,0,2021,1.44,
16,23,48,0,2021,1.76,
16,16,0,0,2048,0.32,
16,0,5,0,2019,0.32,
16,42,18,0,2030,1.76,
16,23,0,0,2048,0.8,
17,24,16,0,2018,1.44,
16,24,22,0,2020,0.96,
16,25,23,0,2031,1.44,
16,20,26,0,2020,1.28,
16,1,28,0,2026,1.76,
16,41,30,0,2037,1.76,
16,13,32,0,2026,0.8,
16,25,35,0,2033,0.8,
17,1,37,0,2035,1.12,
16,39,0,0,2048,1.12,
16,18,0,0,2048,1.44,
16,15,23,0,2009,0.64,
16,13,19,0,2039,0.8,
16,11,0,0,2048,0.8,
16,5,0,0,2048,0.96,
16,10,32,0,2018,1.12,
17,11,33,0,2029,1.12,
16,7,0,0,2048,0.32,
16,15,15,0,2027,0.64,
16,6,40,0,2030,1.44,
16,15,0,0,2023,0.96,
16,15,1,0,2020,1.12,
16,7,0,0,2048,0.32,
17,29,0,0,2048,1.28,
16,21,10,0,2014,0.32,
16,0,4,0,2024,0.96,
16,42,14,0,2024,1.6,
16,19,34,0,2046,1.28,
16,2,0,0,2048,1.92,
16,42,21,0,2031,0.8,
16,0,9,0,2024,0.64,
17,41,26,0,2040,0.8,
16,18,0,2,2045,0.8,
16,0,29,0,2033,0.96,
16,41,32,0,2046,1.12,
16,21,8,2,2011,0.32,
16,19,35,0,2039,0.64,
16,23,10,0,2024,0.64,
16,18,17,0,2008,0.64,
17,0,39,0,2025,0.64,
16,21,22,0,2012,0.96,
16,14,0,0,2048,0.96,
16,5,28,0,2029,1.44,
16,14,38,0,2034,0.64,
16,9,33,0,2033,1.28,
16,17,35,0,2035,0.48,
16,5,1,0,2024,0.96,
17,10,0,0,2048,0.64,
16,14,1,0,2017,0.96,
16,0,14,0,2028,1.28,
16,26,16,0,2030,0.96,
16,16,1,0,2015,0.96,
16,21,0,0,2048,1.12,
16,17,12,0,2024,1.12,
17,20,0,0,2048,1.28,
16,22,26,0,2040,1.76,
16,21,11,0,2015,0.96,
16,7,0,0,2048,1.12,
16,37,33,0,2047,1.12,
16,0,19,0,2019,0.96,
16,42,0,0,2048,0.96,
16,23,11,1,2020,1.76,
17,22,22,0,2004,0.96,
16,23,28,0,2016,0.8,
16,24,28,2,2043,0.8,
16,1,33,0,2005,1.6,
16,32,35,0,2021,0.8,
16,13,0,0,2048,1.12,
16,7,1,0,2041,0.96,
16,4,0,0,2040,1.6,
17,18,0,1,2039,1.44,
16,1,0,0,2048,0.32,
16,5,1,0,2015,0.8,
16,10,0,1,2033,0.32,
16,2,0,1,2033,1.92,
16,17,0,0,2048,1.28,
16,1,9,0,2024,0.96,
16,15,29,0,2026,0.64,
17,4,7,0,2022,0.8,
16,13,0,0,2020,0.8,
16,3,0,0,2048,0.8,
16,12,1,0,2015,0.96,
16,17,0,0,2048,0.96,
16,27,17,0,2031,0.8,
16,0,10,0,2020,2.24,
17,48,0,0,2048,0.96,
16,27,19,0,2009,0.8,
16,0,22,0,2016,0.8,
16,46,0,0,2048,1.44,
16,22,27,0,2013,2.4,
16,17,31,0,2021,0.96,
16,22,0,0,2048,1.44,
16,19,33,0,2019,0.48,
17,17,36,0,2024,0.96,
16,24,38,0,2028,0.96,
16,10,13,0,2015,2.4,
16,33,42,0,2031,1.28,
16,18,44,0,2034,1.28,
16,5,19,0,2021,0.8,
16,14,31,0,2034,0.8,
16,3,21,0,2015,1.44,
17,9,22,0,2033,0.8,
16,11,0,1,2030,1.6,
16,7,27,0,2021,0.8,
16,14,31,0,2033,0.8,
16,12,0,1,2023,0.96,
16,9,0,1,2020,0.96,
16,18,0,1,2017,1.6,
16,14,1,0,2015,1.28,
17,0,6,0,2014,1.28,
16,43,9,0,2016,0.96,
16,20,10,1,2016,0.96,
16,17,14,0,2018,1.28,
16,20,16,0,2022,0.64,
16,21,11,0,2011,1.12,
16,22,20,0,2025,1.92,
17,3,30,0,2044,1.92,
16,41,23,0,2029,2.56,
16,22,0,0,2048,1.12,
16,4,8,1,2035,0.64,
16,39,29,0,2035,1.44,
16,21,0,0,2048,1.92,
16,20,8,0,2008,0.8,
16,21,35,0,2042,1.6,
17,10,0,0,2048,0.8,
16,15,35,0,2019,1.44,
16,14,1,1,2038,0.64,
16,11,39,0,2023,0.64,
16,12,0,0,2048,0.8,
16,12,0,1,2030,0.96,
16,0,5,0,2038,1.12,
16,19,31,0,2021,0.48,
17,8,33,0,2023,0.48,
16,0,0,1,2019,0.8,
16,15,2,0,2016,0.8,
16,7,2,0,2016,1.28,
16,21,36,0,2028,1.12,
16,17,0,0,2048,2.08,
16,14,16,0,2031,1.28,
16,2,42,0,2034,1.12,
17,38,0,0,2048,1.12,
16,21,0,0,2048,1.92,
16,21,14,0,2016,1.76,
16,5,4,0,2026,1.92,
16,37,0,0,2048,0.8,
16,23,21,0,2023,0.64,
16,25,23,0,1997,1.12,
17,0,0,0,2048,1.28,
16,46,29,0,2041,1.28,
16,22,14,2,2015,1.44,
16,21,0,0,2048,1.44,
16,17,21,0,2046,1.28,
16,1,15,0,2005,0.96,
16,28,39,0,2037,1.12,
16,3,1,0,2015,1.12,
17,21,27,0,2039,0.96,
16,7,0,1,2024,1.12,
16,9,7,0,2021,0.96,
16,6,0,0,2035,0.96,
16,11,0,0,2033,1.6,
16,2,1,0,2031,0.8,
16,13,0,0,2048,1.44,
16,8,37,0,2025,1.12,
17,6,0,0,2048,1.12,
16,15,0,0,2025,1.12,
16,5,0,0,2048,0.8,
16,31,0,0,2048,0.8,
16,20,6,0,2018,1.6,
16,21,11,0,2011,1.6,
16,22,0,0,2048,1.6,
16,23,17,0,2021,1.92,
17,17,10,0,2006,1.44,
16,26,0,0,2048,2.4,
16,12,27,0,2041,0.32,
16,33,20,0,2008,0.48,
16,25,0,0,2048,0.64,
16,23,26,1,2044,0.96,
16,20,33,0,2007,1.92,
17,20,35,0,1995,0.64,
16,15,37,0,2035,2.08,
16,2,40,0,2038,1.12,
16,29,41,0,2015,0.8,
16,13,0,0,2048,0.8,
16,5,0,1,2023,0.48,
16,12,27,0,2035,1.12,
16,1,0,0,2019,0.32,
17,17,0,1,2033,1.28,
16,4,0,0,2048,0.48,
16,17,0,0,2048,1.44,
16,10,0,1,2024,1.28,
16,11,0,1,2023,1.76,
16,9,24,0,2034,1.12,
16,11,26,0,2036,1.12,
16,0,14,0,2028,1.12,
17,38,7,0,2013,0.16,
16,22,31,0,2043,2.08,
16,25,0,0,2048,1.44,
16,21,17,0,2015,0.96,
16,21,4,1,2040,1.12,
16,21,0,0,2048,1.44,
16,16,24,0,2020,1.76,
16,24,25,0,2029,0.64,
17,22,29,0,2021,0.64,
16,22,0,0,2048,1.6,
16,22,13,0,2013,0.8,
16,20,36,0,2028,0.32,
16,22,0,0,2048,0.16,
16,22,20,0,2020,0.8,
16,19,42,0,2034,0.48,
17,7,43,0,2031,1.44,
16,16,3,1,2036,0.8,
16,9,1,0,2038,1.44,
16,5,0,0,2035,1.44,
16,12,0,1,2033,1.44,
16,0,0,1,2031,0.32,
16,21,0,0,2022,0.96,
16,9,0,0,2048,0.8,
17,1,0,0,2048,0.32,
16,22,0,0,2048,1.76,
16,7,0,1,2015,0.64,
16,13,0,0,2048,1.44,
16,11,10,0,2024,1.28,
16,22,12,0,2026,0.96,
16,30,11,0,2023,1.28,
16,19,0,0,2048,2.08,
17,20,12,0,2012,0.8,
16,21,15,0,2029,0.16,
16,21,0,0,2048,0.8,
16,25,18,0,2018,0.8,
16,23,21,0,2035,1.12,
16,24,0,0,2048,1.44,
16,18,25,0,2023,1.12,
16,26,28,0,2040,1.6,
17,13,30,0,2038,1.12,
16,28,15,0,2046,1.28,
16,19,35,0,2013,1.28,
16,4,32,0,2044,0.64,
16,20,12,0,2044,0.64,
16,12,0,0,2048,1.28,
16,0,0,0,2048,1.28,
17,20,0,1,2032,0.64,
16,4,0,1,2037,0.96,
16,12,0,1,2027,0.48,
16,10,0,0,2048,0.48,
16,7,16,0,2030,1.44,
16,0,0,0,2048,1.44,
16,10,1,0,2022,0.64,
16,9,1,0,2020,0.32,
17,15,0,0,2048,0.32,
16,10,0,1,2023,0.48,
16,16,14,0,2028,0.8,
16,8,0,0,2048,0.96,
16,35,32,0,2046,1.44,
16,2,20,0,2034,1.12,
16,42,0,0,2048,1.6,
16,22,12,0,2021,0.96,
17,23,19,0,2033,0.96,
16,20,0,0,2048,1.12,
16,24,23,0,2027,1.44,
16,9,25,0,2039,2.08,
16,35,0,0,2048,1.92,
16,20,29,0,2033,1.28,
16,28,32,0,2046,1.76,
16,0,0,0,2048,1.76,
17,38,27,0,2001,1.92,
16,18,38,0,2038,1.28,
16,0,20,0,2042,1.44,
16,22,0,0,2048,1.12,
16,0,3,0,2015,1.28,
16,18,0,0,2048,0.64,
16,7,48,0,2022,0.48,
17,10,0,1,2033,0.48,
16,11,0,1,2030,1.44,
16,8,0,0,2048,1.44,
16,2,0,1,2025,1.28,
16,13,0,1,2023,0.32,
16,11,0,0,2048,1.44,
16,6,1,0,2015,1.76,
16,3,1,0,2016,1.28,
17,23,0,0,2048,1.6,
16,21,7,0,2021,1.12,
16,20,8,0,2018,1.12,
16,22,0,0,2048,0.96,
16,1,15,0,2025,1.76,
16,43,17,0,2021,1.44,
16,22,0,0,2048,1.44,
16,23,21,0,2032,1.12,
17,22,21,0,2007,1.28,
16,21,0,0,2048,1.28,
16,23,28,0,2028,0.48,
16,21,30,0,2010,0.8,
16,19,0,0,2048,0.32,
16,28,34,0,2034,0.8,
16,24,37,0,2015,0.8,
16,18,0,0,2048,0.48,
17,6,12,0,2041,0.8,
16,13,43,0,2007,0.96,
16,5,0,0,2048,0.64,
16,5,0,0,2016,0.32,
16,7,0,0,2048,1.12,
16,8,47,0,2029,0.8,
16,13,0,0,2048,0.64,
17,11,0,1,2029,0.64,
16,7,1,0,2023,0.64,
16,9,0,1,2024,0.96,
16,4,0,1,2022,1.12,
16,17,9,0,2023,0.96,
16,5,2,0,2016,0.96,
16,18,1,0,2015,1.44,
16,3,0,0,2048,1.28,
17,40,17,0,2031,0.96,
16,25,14,0,2010,1.6,
16,24,0,0,2048,1.76,
16,24,23,0,2037,1.6,
16,26,26,0,2010,2.08,
16,22,0,0,2048,1.12,
16,22,30,0,2042,0.96,
16,21,32,0,2016,0.32,
17,19,10,1,2009,1.12,
16,21,36,0,2028,0.32,
16,20,38,0,2026,2.08,
16,21,16,0,2010,1.12,
16,20,42,0,2034,0.64,
16,4,45,0,2033,1.6,
16,29,24,0,2014,1.44,
16,5,17,0,2036,1.76,
17,13,0,0,2048,2.08,
16,4,0,0,2034,1.28,
16,13,0,0,2029,1.28,
16,10,1,0,2026,1.76,
16,10,0,0,2026,0.96,
16,9,36,0,2014,1.12,
16,11,0,0,2021,0.48,
17,16,0,0,2018,0.8,
16,19,7,0,2021,0.96,
16,21,5,0,2015,1.44,
16,16,19,0,2035,1.6,
16,3,13,0,2027,0.8,
16,41,15,0,2017,1.76,
16,13,7,0,2009,1.28,
16,26,19,0,2033,0.8,
17,22,0,0,2048,1.12,
16,1,21,0,2003,1.6,
16,42,31,0,2047,1.28,
16,19,0,0,2048,1.44,
16,20,27,0,2009,1.6,
16,22,1,1,2028,1.28,
16,21,0,0,2048,1.92,
16,21,33,0,2015,0.48,
17,21,34,0,2043,2.4,
16,15,37,0,2019,1.6,
16,12,3,0,2014,1.12,
16,2,22,0,2012,0,
16,22,1,0,2037,1.44,
16,12,0,0,2034,1.28,
16,14,28,0,2018,1.12,
16,0,12,0,2022,1.28,
17,18,14,0,2025,0.8,
16,10,0,0,2048,0.96,
16,3,0,1,2021,0.96,
16,17,38,0,2028,1.44,
16,1,23,0,2033,1.12,
16,21,0,0,2048,1.12,
16,21,1,0,2015,0.64,
17,1,5,0,2013,1.6,
16,37,25,0,2035,0.48,
16,4,0,0,2048,0.8,
16,37,1,1,2024,1.12,
16,14,0,0,2048,0.96,
16,29,18,0,2020,1.6,
16,22,12,0,2011,0.48,
16,14,0,0,2048,0.96,
17,32,21,0,2015,1.12,
16,23,28,0,2038,2.08,
16,23,0,0,2048,1.44,
16,22,30,0,2018,0.96,
16,9,34,0,2044,1.12,
16,28,0,0,2048,1.28,
16,12,36,0,2024,0.96,
16,5,39,0,2039,1.44,
17,21,41,0,2009,0.96,
16,13,43,0,2011,0.96,
16,2,45,0,2013,0.96,
16,17,0,1,2027,1.6,
16,2,0,0,2048,0.64,
16,10,0,0,2048,1.12,
16,4,1,0,2029,0.48,
16,6,0,1,2019,0.64,
17,20,0,0,2048,1.28,
16,2,1,0,2024,0.8,
16,13,0,0,2020,0.48,
16,6,1,0,2018,1.28,
16,27,1,0,2016,0.32,
16,20,5,0,2015,1.44,
16,22,9,0,2013,0.64,
17,22,0,0,2048,1.28,
16,21,16,0,2018,0.48,
16,1,24,0,2038,0.96,
16,41,0,0,2048,1.44,
16,7,22,0,2024,1.6,
16,41,31,0,2045,1.44,
16,13,0,0,2048,0.8,
16,34,29,0,2029,1.28,
17,20,31,0,2043,1.76,
16,21,0,0,2048,1.28,
16,4,36,0,2038,1.44,
16,33,4,0,2039,1.12,
16,18,0,0,2048,1.44,
16,6,17,0,2041,0.8,
16,16,1,0,2015,1.28,
16,5,0,1,2037,0.32,
17,8,0,0,2048,1.28,
16,9,1,0,2032,0.64,
16,21,0,0,2028,0.96,
16,10,1,0,2031,0.96,
16,5,0,0,2048,0.64,
16,15,0,0,2048,0.8,
16,8,0,0,2019,1.44,
16,0,30,0,2034,1.44,
17,22,33,0,2037,0.8,
16,19,0,0,2048,1.12,
16,0,8,0,2020,0.8,
16,48,30,0,2042,1.44,
16,20,0,0,2048,1.28,
16,21,16,0,2025,1.44,
16,22,4,1,2020,1.92,
17,2,0,0,2048,1.44,
16,35,5,0,2014,1.76,
16,13,0,0,2048,1.92,
16,31,27,0,2035,1.44,
16,1,13,0,2019,1.28,
16,43,0,0,2048,1.28,
16,21,33,0,2041,1.28,
16,25,23,0,2021,0.96,
17,18,0,0,2048,1.44,
16,19,16,0,2026,1.44,
16,5,31,0,2011,0.64,
16,16,0,0,2048,0.32,
16,2,1,0,2038,0.64,
16,14,37,0,2029,1.76,
16,2,0,0,2048,0.64,
16,16,0,0,2032,1.6,
17,10,43,0,2035,1.12,
16,8,0,0,2048,0.8,
16,8,20,0,2036,0.96,
16,9,0,1,2022,1.28,
16,7,13,0,2027,0,
16,12,2,0,2016,0.96,
16,5,4,0,2018,1.12,
16,25,7,0,2021,1.6,
17,14,9,0,2023,1.12,
16,21,5,0,2013,1.12,
16,23,16,0,2030,1.76,
16,23,15,0,2029,0.32,
16,22,16,0,2014,1.12,
16,29,22,0,2036,1.44,
16,25,24,0,2033,0.96,
17,21,0,0,2048,1.44,
16,24,29,0,2029,1.76,
16,22,31,0,2037,0.96,
16,20,0,0,2048,1.76,
16,19,35,0,2035,1.92,
16,20,36,0,2043,1.12,
16,16,0,0,2048,1.6,
16,15,11,0,2009,1.44,
17,7,1,0,2035,0.96,
16,19,0,1,2037,1.6,
16,2,0,1,2033,1.6,
16,15,12,0,2035,1.12,
16,3,21,0,2019,1.76,
16,11,0,0,2017,0.48,
16,13,0,0,2030,1.12,
16,0,8,0,2022,1.76,
17,17,1,0,2024,0.8,
16,8,0,0,2048,1.6,
16,17,1,0,2020,0.8,
16,1,1,0,2015,1.76,
16,35,0,0,2048,1.12,
16,6,40,0,2038,1.6,
16,37,13,0,2017,1.12,
16,20,0,0,2048,2.56,
17,21,9,0,2008,2.08,
16,7,19,0,2021,0.8,
16,34,0,0,2048,1.12,
16,22,17,0,2013,1.44,
16,21,25,0,2027,1.6,
16,23,0,0,2048,0.96,
16,17,23,0,2019,1.6,
17,5,32,0,2032,2.4,
16,41,23,0,2009,1.44,
16,23,13,1,2006,1.44,
16,1,38,0,2038,2.08,
16,33,29,0,2015,1.92,
16,4,24,0,2010,1.12,
16,16,6,0,2040,1.28,
16,10,39,0,2035,0.64,
17,1,0,0,2030,0.64,
16,18,32,0,2018,0.96,
16,4,1,0,2029,0.64,
16,13,43,0,2029,1.12,
16,12,45,0,2032,0.96,
16,8,0,1,2024,0.8,
16,4,1,0,2021,1.12,
16,18,1,0,2017,1.12,
17,14,0,1,2031,1.12,
16,15,0,1,2026,1.6,
16,18,0,0,2048,1.12,
16,12,0,0,2048,1.44,
16,28,8,0,2014,1.44,
16,16,15,0,2031,1.6,
16,25,0,0,2048,1.28,
16,25,16,0,2018,1.12,
17,21,19,0,2031,1.6,
16,24,0,0,2048,1.44,
16,25,27,0,2023,1.28,
16,23,29,0,2033,1.12,
16,21,0,0,2048,1.76,
16,21,33,0,2029,0.8,
16,5,36,0,2040,1.28,
17,30,38,0,2028,1.28,
16,19,40,0,2020,1.12,
16,8,0,0,2048,0.8,
16,18,32,0,2038,1.44,
16,10,1,0,2036,0.48,
16,6,0,1,2032,0.8,
16,14,47,0,2030,1.44,
16,0,0,0,2048,0.64,
17,18,0,0,2048,1.76,
16,6,42,0,2026,1.92,
16,8,0,1,2025,0.96,
16,8,16,0,2026,0.96,
16,15,0,1,2020,1.44,
16,12,0,1,2017,1.44,
16,2,2,0,2016,0.8,
16,39,5,0,2013,0.96,
17,22,0,0,2048,1.12,
16,18,8,1,2040,1.12,
16,23,16,0,2014,1.12,
16,21,0,0,2048,1.12,
16,18,20,0,2020,1.6,
16,22,24,0,2024,1.12,
16,19,24,0,2026,0.8,
16,27,26,0,2026,1.6,
17,20,0,0,2048,1.44,
16,23,20,0,2016,1.92,
16,22,32,0,2031,1.28,
16,19,0,0,2048,1.12,
16,22,26,0,2022,0.8,
16,18,39,0,2037,0.64,
16,7,0,0,2048,0.64,
17,16,2,0,2039,1.12,
16,9,0,0,2048,1.12,
16,8,0,0,2033,1.12,
16,16,0,1,2032,1.28,
16,9,0,0,2048,2.08,
16,14,0,1,2030,1.12,
16,9,25,0,2038,0.64,
16,0,0,0,2048,0.64,
17,15,1,0,2019,0.96,
16,1,0,1,2021,0.96,
16,13,3,0,2017,0.48,
16,21,0,0,2048,0.96,
16,18,0,1,2028,0.96,
16,16,0,0,2048,1.28,
16,2,11,0,2026,0.8,
16,41,9,0,2009,1.28,
17,21,0,0,2048,0.8,
16,23,18,0,2032,0.64,
16,22,11,2,2022,1.12,
16,20,0,0,2048,1.92,
16,22,24,0,2038,0.16,
16,11,10,0,2008,0.8,
16,33,0,0,2048,0.96,
16,24,30,0,2044,0.8,
17,24,32,0,2044,0.8,
16,22,34,0,2044,0.64,
16,17,33,0,2044,1.44,
16,1,27,0,2043,0.8,
16,26,40,0,2036,2.08,
16,4,1,0,2036,0.8,
16,12,1,0,2033,1.28,
17,7,10,0,2038,0.48,
16,5,1,0,2015,0.64,
16,6,0,1,2034,0.96,
16,13,0,0,2048,0.96,
16,3,0,0,2027,0.8,
16,15,0,1,2022,0.32,
16,3,1,0,2020,0.8,
16,6,0,0,2048,0.32,
17,4,16,0,2030,0.32,
16,11,2,0,2016,0.32,
16,4,0,0,2048,0.64,
16,28,3,0,2013,0.96,
16,22,0,0,2048,0.8,
16,25,26,0,2040,1.44,
16,24,14,0,2014,0.96,
16,25,0,0,2048,2.24,
17,24,22,0,2024,1.28,
16,23,25,0,2027,1.12,
16,21,27,0,2033,1.6,
16,22,29,0,2029,1.28,
16,19,31,0,2033,0.8,
16,23,34,0,2040,0.32,
16,1,35,0,2036,0.96,
16,46,37,0,2039,0.96,
17,22,40,0,2032,1.6,
16,18,41,0,2038,1.28,
16,14,0,0,2048,0.8,
16,8,31,0,2036,0.96,
16,2,5,0,2031,0.64,
16,7,0,1,2035,0.8,
16,11,0,0,2019,0.64,
17,7,0,1,2028,1.44,
16,4,7,0,2021,1.76,
16,16,0,0,2048,0.48,
16,9,47,0,2021,0.8,
16,11,0,1,2022,0.48,
16,12,0,0,2048,1.12,
16,1,1,0,2017,1.12,
16,27,40,0,2027,0.16,
17,23,21,0,2035,1.28,
16,21,32,0,2034,0.8,
16,22,19,0,2033,1.28,
16,22,27,0,2042,0.8,
16,24,38,0,2041,1.12,
16,24,25,0,2039,1.12,
16,21,24,0,2047,1.28,
16,21,11,0,2020,0.48,
17,13,29,0,2039,0.48,
16,26,0,0,2048,0.16,
16,20,33,0,2033,0.48,
16,23,32,0,2045,1.44,
16,20,0,0,2048,1.44,
16,8,39,0,2039,0.8,
16,29,8,0,2024,1.28,
16,11,0,0,2048,0.48,
17,3,46,0,2026,0.48,
16,21,0,0,2048,2.08,
16,11,26,0,2020,1.28,
16,7,0,0,2048,1.12,
16,6,33,0,2029,0.48,
16,12,0,0,2048,1.12,
16,5,29,0,2021,0.64,
17,19,0,0,2048,0.48,
16,3,41,0,2037,0.64,
16,23,41,0,2035,0.96,
16,19,10,0,2024,0.64,
16,20,0,0,2048,1.12,
16,20,9,0,2015,0.96,
16,21,16,0,2030,0.48,
16,17,0,0,2048,0.64,
17,23,16,0,2020,0.96,
16,22,18,0,2026,0.96,
16,18,0,0,2048,0.8,
16,23,22,0,2026,1.28,
16,21,24,0,2032,0.96,
16,25,0,0,2048,0.48,
16,25,28,0,2033,0.96,
16,22,31,0,2037,0.96,
17,20,32,0,2024,0.16,
16,19,35,0,2007,0.96,
16,2,38,0,2020,1.44,
16,22,14,0,2043,1.44,
16,6,0,0,2048,0.8,
16,8,0,0,2048,0.8,
16,24,42,0,2036,0.96,
16,0,47,0,2019,0.48,
17,20,49,0,2021,1.12,
16,4,0,1,2023,0.48,
16,16,0,1,2021,0.96,
16,3,0,0,2048,1.28,
16,14,0,1,2027,1.12,
16,0,0,0,2026,0.8,
16,19,14,0,2028,1.28,
17,5,0,0,2048,1.28,
16,21,6,0,2021,1.92,
16,22,31,0,2041,1.44,
16,8,0,0,2048,0.8,
16,39,14,0,2026,1.12,
16,24,6,0,2045,1.92,
16,5,0,0,2048,0.8,
16,35,21,0,2031,1.76,
17,20,0,0,2048,0.64,
16,19,10,0,2047,1.28,
16,23,28,0,2018,0.8,
16,20,0,0,2048,0.48,
16,24,10,0,2012,1.12,
16,22,34,0,2024,1.44,
16,24,0,0,2048,0.64,
16,20,25,0,1999,1.12,
17,17,28,0,2018,0.64,
16,14,0,0,2048,1.12,
16,6,17,0,2039,0.96,
16,9,4,0,2016,1.12,
16,10,6,0,2018,0.64,
16,10,0,0,2032,1.28,
16,12,0,1,2030,0.64,
16,13,0,0,2048,1.44,
17,13,0,1,2024,0.64,
16,10,0,1,2020,1.12,
16,7,14,0,2029,0.96,
16,7,50,0,2024,0.96,
16,16,23,0,2035,1.6,
16,18,2,0,2016,1.28,
16,16,7,0,2021,1.44,
17,23,7,0,2019,0.64,
16,23,0,0,2048,1.44,
16,23,9,2,2005,1.28,
16,24,17,0,2023,0.48,
16,22,0,0,2048,1.44,
16,20,21,0,2006,0.96,
16,20,23,0,2029,0.96,
16,19,0,0,2048,0.8,
17,3,4,1,2015,1.44,
16,39,29,0,2025,0.64,
16,22,0,0,2048,1.44,
16,7,15,0,2010,1.44,
16,39,35,0,2031,1.92,
16,15,0,0,2048,1.28,
16,2,28,0,2010,1.44,
16,23,30,0,2012,1.76,
17,10,44,0,2029,0.64,
16,0,0,1,2037,0.64,
16,14,36,0,2018,0.8,
16,4,0,1,2032,0.16,
16,9,0,1,2030,1.12,
16,1,0,0,2025,1.12,
16,14,0,1,2028,1.12,
16,4,0,1,2026,0.48,
17,14,48,0,2030,0.96,
16,7,4,0,2019,0.8,
16,7,0,1,2018,0.64,
16,18,0,0,2016,0.96,
16,0,6,0,2016,0.64,
16,35,7,0,2017,1.28,
16,19,14,0,2029,0.48,
17,7,11,0,2023,0.64,
16,36,0,0,2048,1.28,
16,20,17,0,2023,1.44,
16,31,21,0,2025,2.08,
16,24,0,0,2048,1.76,
16,25,28,0,2024,0.64,
16,20,32,0,2026,0.96,
16,20,0,0,2048,1.44,
17,29,35,0,2019,1.6,
16,18,38,0,2030,1.6,
16,20,0,0,2048,0.96,
16,1,41,0,2025,0.8,
16,24,40,0,2036,0.8,
16,6,0,0,2048,0.96,
16,20,48,0,2032,1.28,
16,0,39,0,2032,1.28,
17,11,0,0,2048,0.16,
16,16,10,0,2032,0.8,
16,4,0,1,2024,0.48,
16,13,8,0,2022,1.12,
16,5,0,0,2021,0.96,
16,9,0,0,2048,0.96,
16,12,1,0,2016,1.44,
16,3,7,0,2021,1.44,
17,32,9,0,2023,1.12,
16,2,0,0,2048,1.76,
16,49,13,0,2014,1.12,
16,21,16,0,2019,0.32,
16,24,0,0,2048,0.8,
16,20,22,0,2018,0.8,
16,3,24,0,2024,1.76,
17,35,0,0,2048,0.48,
16,18,12,0,2047,0.64,
16,3,0,0,2048,1.44,
16,36,32,0,2028,0.64,
16,21,34,0,2034,0.64,
16,23,0,0,2048,1.44,
16,21,38,0,2034,1.28,
16,9,37,0,2040,0.48,
17,30,0,0,2048,1.44,
16,10,21,0,2009,0.96,
16,0,36,0,2024,1.28,
16,20,0,0,2048,1.28,
16,8,17,0,2009,1.12,
16,10,0,0,2048,0.64,
16,12,21,0,2013,0.64,
16,5,0,1,2025,0.64,
17,17,0,0,2048,0.32,
16,6,1,0,2019,0.8,
16,22,1,0,2018,0.48,
16,2,0,0,2048,0.96,
16,29,0,0,2048,0.96,
16,19,7,0,2019,1.6,
16,18,7,0,2015,1.6,
16,19,1,0,2020,1.44,
17,21,0,0,2048,0.96,
16,5,7,0,2015,2.24,
16,37,17,0,2028,2.24,
16,22,0,0,2048,1.92,
16,22,20,0,2004,1.44,
16,22,24,0,2034,0.8,
16,24,0,0,2048,0.96,
17,22,23,0,1998,1.12,
16,23,28,0,2034,1.12,
16,10,31,0,2023,1.12,
16,31,31,0,2003,1.12,
16,15,35,0,2041,0.96,
16,5,2,0,2018,0.96,
16,17,39,0,2023,0.96,
16,2,0,0,2040,1.12,
17,23,5,0,2019,0.8,
16,0,43,0,2015,0.64,
16,15,0,1,2025,1.28,
16,4,0,0,2031,0.96,
16,10,1,0,2029,0.64,
16,8,0,0,2048,0.8,
16,8,1,0,2029,1.6,
16,10,7,0,2021,1.6,
17,6,35,0,2026,1.76,
16,16,11,0,2025,1.44,
16,6,1,1,2016,1.28,
16,27,1,1,2018,0.8,
16,20,7,0,2019,1.12,
16,22,11,0,2015,1.12,
16,15,13,0,2013,1.28,
16,28,16,0,2022,1.28,
17,22,16,0,2004,1.6,
16,24,27,0,2041,1.44,
16,0,0,0,2048,2.08,
16,46,25,0,2007,1.44,
16,23,25,0,2047,1.6,
16,22,0,0,2048,1.44,
16,21,33,0,2011,0.96,
17,20,35,0,1999,0.96,
16,19,0,0,2048,0.96,
16,18,5,0,2026,1.12,
16,15,21,0,2041,1.12,
16,6,43,0,2007,0.96,
16,5,1,0,2037,0.96,
16,16,19,0,2035,0.96,
16,9,0,0,2048,1.76,
17,11,20,0,2022,0.8,
16,6,36,0,2029,0.48,
16,11,24,0,2026,1.28,
16,9,0,1,2020,0.8,
16,12,0,0,2026,1.44,
16,13,0,1,2023,0.8,
16,11,3,0,2017,0.96,
16,16,1,0,2015,1.44,
17,23,4,0,2012,1.12,
16,27,0,0,2048,1.28,
16,14,32,0,2042,1.6,
16,30,17,0,2011,1.44,
16,21,0,0,2048,2.24,
16,19,10,0,2033,1.44,
16,19,23,0,2017,1.44,
16,0,0,0,2048,1.12,
17,41,27,0,2033,1.12,
16,22,29,0,2043,0.96,
16,22,0,0,2048,0.96,
16,24,33,0,2039,1.92,
16,3,10,0,2040,1.28,
16,37,0,0,2048,0.64,
16,15,20,0,2043,0.32,
17,8,28,0,2026,1.12,
16,12,0,0,2048,1.44,
16,11,0,1,2023,0.64,
16,14,0,0,2048,1.12,
16,4,0,1,2020,0.8,
16,17,0,0,2048,0.96,
16,4,1,0,2015,1.12,
16,19,3,0,2017,0.8,
17,13,0,0,2048,0.96,
16,3,7,0,2021,1.28,
16,17,28,0,2036,1.12,
16,5,4,0,2018,0.8,
16,31,6,0,2021,1.28,
16,16,0,0,2048,1.28,
16,11,10,0,2020,0.48,
16,30,6,0,2014,0.48,
17,22,0,0,2048,1.92,
16,10,14,0,2014,1.44,
16,31,16,0,2028,1.44,
16,21,0,0,2048,1.12,
16,0,21,0,2019,0.96,
16,42,23,0,2035,1.76,
16,25,0,0,2048,1.28,
16,22,27,0,2025,1.44,
17,0,28,0,2000,0.64,
16,40,0,0,2048,1.76,
16,19,4,1,2016,0.8,
16,11,34,0,2006,0.64,
16,14,10,0,2014,0.64,
16,9,0,0,2048,0.64,
16,22,0,1,2037,1.28,
17,2,0,1,2033,0.48,
16,16,0,0,2039,0.8,
16,3,0,0,2048,1.12,
16,14,0,0,2048,0.8,
16,9,0,0,2048,0.64,
16,2,0,1,2027,1.28,
16,18,0,0,2048,0.48,
16,4,0,1,2019,1.28,
17,15,29,0,2037,1.12,
16,13,16,0,2030,1.44,
16,3,1,0,2015,1.44,
16,31,20,0,2034,1.92,
16,23,12,0,2042,1.92,
16,20,10,0,2024,1.6,
16,21,26,0,2040,1.12,
16,5,1,0,2021,1.28,
17,35,21,0,2035,0.32,
16,25,19,0,2027,0.16,
16,22,0,0,2048,1.44,
16,4,27,0,2041,1.76,
16,42,25,0,2033,1.76,
16,19,0,0,2048,0.96,
16,21,30,0,2047,1.44,
16,1,31,0,2039,0.48,
17,42,0,0,2048,0.48,
16,4,33,0,2044,0.8,
16,27,0,0,2048,0.8,
16,13,0,0,2048,0.8,
16,2,0,0,2048,0.8,
16,18,1,0,2027,0.8,
16,10,0,0,2048,1.28,
17,10,38,0,2014,1.44,
16,3,40,0,2016,1.12,
16,7,0,0,2048,1.12,
16,7,0,0,2048,0.48,
16,5,46,0,2022,0.8,
16,17,3,0,2017,0.8,
16,1,0,0,2023,0.96,
16,23,7,0,2021,1.6,
17,7,38,0,2028,0.96,
16,20,10,0,2022,1.92,
16,21,2,2,2023,1.44,
16,17,10,0,2014,1.44,
16,23,16,0,2028,1.28,
16,20,14,0,2008,1.76,
16,0,16,0,2020,0.8,
16,43,22,0,2034,1.28,
17,24,20,0,2032,1.12,
16,24,0,0,2048,1.28,
16,24,26,0,1996,1.44,
16,14,29,0,2036,1.44,
16,34,0,0,2048,0.64,
16,19,33,0,2001,1.28,
16,14,36,0,2042,0.96,
16,24,0,0,2048,0.32,
17,15,8,0,2043,0.96,
16,8,38,0,2039,0.64,
16,16,7,0,2019,0.96,
16,6,45,0,2034,0.96,
16,14,11,0,2023,1.28,
16,12,13,0,2025,0.48,
16,9,13,0,2025,1.28,
17,10,54,0,2022,1.28,
16,8,0,0,2021,1.6,
16,8,6,0,2020,1.12,
16,12,1,0,2016,0.64,
16,0,2,0,2016,0.64,
16,23,0,1,2016,0.8,
16,0,3,0,2015,0.8,
16,39,0,0,2048,0.8,
17,24,33,0,2046,0.8,
16,1,33,0,2046,1.12,
16,39,0,0,2048,0.96,
16,26,10,2,2019,1.44,
16,7,2,1,2028,0.8,
16,29,0,0,2048,1.12,
16,21,24,0,2020,0.8,
16,3,0,0,2048,0.32,
17,39,29,0,2031,0.64,
16,24,31,0,2041,0.32,
16,22,0,0,2048,1.28,
16,22,35,0,2037,1.28,
16,6,15,2,2039,1.12,
16,28,0,0,2048,1.44,
16,16,22,0,2041,1.12,
16,0,28,0,2022,1.12,
17,15,27,0,2005,0.8,
16,6,34,0,2020,1.44,
16,14,1,0,2035,1.12,
16,1,0,0,2031,2.08,
16,16,35,0,2013,1.12,
16,17,0,1,2027,1.28,
16,0,1,0,2023,0.8,
17,21,0,1,2020,1.6,
16,0,0,1,2017,1.6,
16,18,0,0,2048,1.12,
16,4,1,0,2032,1.76,
16,30,0,0,2048,0.64,
16,17,8,0,2022,0.32,
16,17,4,0,2016,0.96,
16,26,9,0,2011,0.8,
17,1,0,0,2048,0.8,
16,45,17,0,2029,0.96,
16,22,24,0,2047,1.76,
16,22,0,0,2048,1.12,
16,20,23,0,2035,0.8,
16,19,10,1,2017,0.48,
16,22,0,0,2048,1.6,
16,9,29,0,2041,0.96,
17,32,32,0,2042,1.6,
16,23,34,0,2024,1.76,
16,20,22,0,2045,2.08,
16,12,2,0,2045,2.08,
16,14,0,0,2048,1.44,
16,13,1,0,2039,1.28,
16,12,44,0,2024,0.8,
16,3,0,1,2030,0.8,
17,15,0,1,2027,1.44,
16,5,0,0,2048,0.48,
16,9,0,0,2048,0.32,
16,2,0,0,2048,0.8,
16,13,0,1,2022,0.8,
16,8,0,1,2025,0.64,
16,5,2,0,2016,1.28,
17,10,0,0,2048,0.64,
16,6,12,0,2026,1.28,
16,28,1,0,2015,0.8,
16,19,4,0,2016,0.64,
16,20,0,0,2048,1.12,
16,22,12,0,2024,0.96,
16,20,11,0,2021,1.44,
16,24,0,0,2048,1.12,
17,15,17,0,2027,1.12,
16,30,20,0,2026,1.28,
16,24,0,0,2048,1.12,
16,24,27,0,2029,0.96,
16,25,31,0,2027,0.48,
16,0,0,0,2048,0.48,
16,43,35,0,2033,0.8,
16,19,37,0,2033,1.6,
17,17,0,0,2048,1.76,
16,15,15,0,2005,0.48,
16,13,43,0,2029,1.12,
16,9,17,0,2038,0.64,
16,10,21,0,2011,0.32,
16,3,0,0,2048,0.96,
16,14,3,0,2017,0.48,
16,3,0,0,2048,0.48,
17,10,29,0,2019,0.64,
16,6,0,1,2025,1.44,
16,11,1,0,2022,0.48,
16,9,0,0,2048,0.64,
16,17,0,0,2048,1.44,
16,13,4,0,2018,1.12,
16,0,4,0,2014,1.28,
17,44,22,0,2036,2.08,
16,0,11,0,2017,2.08,
16,45,30,0,2045,1.44,
16,22,28,0,2042,0.8,
16,20,22,0,2020,1.44,
16,21,8,1,2032,1.44,
16,1,19,0,2047,0.64,
16,41,28,0,2026,0.48,
17,20,29,0,2027,1.6,
16,14,0,0,2048,1.12,
16,30,14,1,2046,0.48,
16,9,35,0,2033,0.8,
16,31,0,0,2048,1.28,
16,18,1,0,2023,1.12,
16,11,23,0,2008,0.96,
16,16,27,0,2017,0.8,
17,7,0,0,2048,2.08,
16,10,37,0,2027,1.12,
16,9,0,1,2032,1.28,
16,12,0,0,2048,0.96,
16,16,38,0,2028,1.28,
16,12,1,0,2022,0.96,
16,5,0,0,2020,1.92,
16,12,8,0,2022,0.96,
17,13,0,1,2016,0.32,
16,15,4,0,2018,1.44,
16,18,0,0,2048,2.08,
16,19,0,0,2048,1.12,
16,22,18,0,2032,0.48,
16,21,11,0,2025,1.44,
16,25,0,0,2048,2.08,
17,20,15,0,2017,0.96,
16,20,18,0,2030,1.12,
16,0,0,0,2048,1.12,
16,30,21,0,2023,0.48,
16,31,24,0,2036,1.28,
16,23,0,0,2048,0.64,
16,1,27,0,2029,1.6,
16,44,30,0,2042,2.24,
17,23,30,0,2047,1.92,
16,19,35,0,2029,2.24,
16,12,34,0,2024,1.28,
16,16,0,0,2048,1.28,
16,12,29,0,2001,0.64,
16,5,0,1,2034,0.64,
16,11,32,0,2005,1.28,
16,9,4,0,2037,0.8,
17,4,0,1,2027,0.8,
16,13,3,0,2017,0.8,
16,7,45,0,2031,0.8,
16,7,44,0,2033,0.96,
16,9,45,0,2017,1.12,
16,3,5,0,2019,1.44,
16,13,7,0,2021,0.64,
16,10,1,0,2031,0.32,
17,13,0,0,2029,0.48,
16,17,19,0,2033,0.48,
16,19,37,0,2026,0.96,
16,21,17,0,2031,1.12,
16,22,0,0,2048,1.92,
16,10,12,0,2004,1.44,
16,38,23,0,2037,1.76,
17,25,0,0,2048,1.28,
16,24,26,0,2022,1.6,
16,1,27,0,2037,0.96,
16,44,0,0,2048,0.48,
16,20,32,0,2028,0.48,
16,8,33,0,2043,0.96,
16,33,0,0,2048,1.92,
16,17,38,0,2034,1.28,
17,16,40,0,2034,0.8,
16,5,27,0,2003,1.12,
16,24,29,0,2005,1.28,
16,1,10,0,2039,0.48,
16,23,33,0,2010,1.6,
16,0,13,0,2021,1.6,
16,19,7,0,2019,1.92,
16,1,0,0,2048,0.48,
17,8,11,0,2023,1.44,
16,15,44,0,2020,1.12,
16,4,1,0,2027,0.64,
16,6,25,0,2034,1.12,
16,20,1,0,2016,0.64,
16,21,2,0,2016,2.72,
16,20,41,0,2028,0.96,
16,22,10,0,2024,0.96,
17,6,0,0,2048,1.44,
16,37,17,0,2015,2.08,
16,7,29,0,2042,1.28,
16,34,0,0,2048,1.28,
16,5,23,0,2021,1.28,
16,18,25,0,2031,1.6,
16,35,0,1,2016,1.44,
17,6,30,0,2038,1.28,
16,41,31,0,2033,1.28,
16,23,26,0,2020,0.96,
16,24,35,0,2044,1.6,
16,21,37,0,2039,1.28,
16,4,32,0,2026,1.92,
16,27,4,1,2028,2.72,
16,2,36,0,2030,1.12,
17,14,1,1,2038,1.44,
16,4,0,1,2036,1.28,
16,8,42,0,2036,1.12,
16,17,0,0,2032,1.12,
16,6,46,0,2022,1.12,
16,5,48,0,2024,1.44,
16,21,0,0,2048,0.48,
16,5,1,0,2021,0.96,
17,14,0,0,2048,1.28,
16,1,30,0,2028,0.32,
16,24,15,0,2028,0.64,
16,10,13,0,2027,0.96,
16,10,7,0,2026,0.8,
16,36,17,0,2031,0.8,
16,23,4,0,2012,2.08,
16,24,0,0,2048,1.92,
17,25,30,0,2044,1.92,
16,3,22,0,2026,2.08,
16,42,25,0,2019,2.08,
16,20,27,0,2029,1.28,
16,15,28,0,2018,0.8,
16,26,0,0,2048,2.72,
16,21,33,0,2035,1.6,
17,1,34,0,2028,0.8,
16,44,0,0,2048,1.28,
16,18,20,0,2043,1.12,
16,0,41,0,2035,0.8,
16,27,0,0,2048,1.28,
16,10,0,0,2048,0.8,
16,0,18,0,2037,1.12,
16,12,1,0,2026,1.12,
17,9,0,0,2048,0.96,
16,2,0,1,2018,0.48,
16,8,1,0,2021,1.12,
16,15,0,0,2048,0.48,
16,3,0,0,2048,1.12,
16,19,38,0,2021,1.12,
16,1,0,0,2048,1.44,
16,22,0,0,2048,0.8,
17,12,33,0,2036,0.8,
16,23,0,0,2048,1.6,
16,22,8,0,2017,0.8,
16,22,10,0,2020,1.28,
16,0,0,0,2048,0.8,
16,43,15,0,2023,2.08,
16,22,18,0,2024,1.44,
16,23,0,0,2048,1.12,
17,25,30,0,2044,1.44,
16,24,29,0,2025,1.76,
16,1,0,0,2048,0.8,
16,42,10,0,2035,1.12,
16,20,35,0,2031,1.12,
16,16,0,0,2048,0.8,
16,1,39,0,2037,0.8,
17,35,35,0,2039,1.6,
16,1,43,0,2023,1.92,
16,23,0,0,2048,0.48,
16,1,0,1,2037,0.8,
16,19,0,0,2048,0.8,
16,2,0,0,2048,1.44,
16,18,0,0,2048,0.96,
16,7,0,0,2048,0.48,
17,14,1,0,2029,1.28,
16,2,0,0,2048,1.28,
16,9,28,0,2024,1.12,
16,20,30,0,2034,0.8,
16,0,2,0,2016,0.8,
16,35,0,0,2048,1.44,
16,26,8,0,2012,0.96,
16,23,13,0,2021,1.76,
17,10,16,0,2027,1.92,
16,24,19,0,2015,0.8,
16,27,32,0,2044,1.76,
16,21,23,0,2033,1.28,
16,19,0,0,2048,1.44,
16,21,0,0,2048,0.96,
16,19,30,0,2030,0.48,
16,22,4,1,2017,1.12,
17,1,33,0,2035,0.48,
16,43,36,0,2036,0.8,
16,22,0,0,2048,0.96,
16,21,37,0,2041,0.96,
16,1,28,0,2040,0.48,
16,21,0,0,2048,0.16,
16,3,20,0,2038,0.96,
17,18,0,0,2048,0.32,
16,0,0,1,2028,1.44,
16,16,1,0,2032,0.48,
16,5,10,0,2023,1.6,
16,21,1,0,2027,0.64,
16,4,0,1,2018,1.12,
16,6,1,0,2015,1.12,
16,17,0,0,2019,0.96,
17,5,0,1,2016,0.8,
16,7,3,0,2015,1.6,
16,32,33,0,2029,1.44,
16,16,17,0,2031,1.44,
16,1,11,0,2025,0.8,
16,36,0,0,2048,1.28,
16,4,17,0,2031,1.6,
16,42,17,0,2031,0.96,
17,24,0,0,2048,0.64,
16,23,19,0,2021,0.8,
16,22,23,0,2033,0.96,
16,22,0,0,2048,0.32,
16,22,27,0,2025,1.12,
16,20,29,0,2039,1.6,
16,25,0,0,2048,0.96,
16,4,33,0,2031,1.12,
17,34,15,0,2003,1.44,
16,9,0,0,2048,1.76,
16,16,39,0,2037,1.76,
16,3,37,0,2039,1.12,
16,20,0,0,2037,0.32,
16,9,6,0,2020,1.44,
16,11,27,0,2015,0.32,
17,6,0,1,2023,0.96,
16,8,12,0,2026,0.64,
16,4,8,0,2022,0.64,
16,13,56,0,2022,1.12,
16,12,51,0,2023,1.12,
16,0,14,0,2028,1.12,
16,20,6,0,2020,0.64,
16,1,18,0,2032,1.12,
17,31,0,0,2048,0.96,
16,12,0,0,2048,0.64,
16,31,11,0,2025,0.64,
16,22,10,0,2022,1.12,
16,4,0,0,2048,0.48,
16,35,17,0,2031,1.12,
16,24,13,0,2007,1.28,
16,21,0,0,2048,1.92,
17,20,24,0,2032,1.76,
16,21,27,0,2025,1.6,
16,26,28,0,2026,2.24,
16,0,30,0,2038,2.24,
16,44,33,0,2031,1.28,
16,20,34,0,2032,1.44,
16,20,31,0,2044,1.12,
16,5,39,0,2037,1.12,
17,22,1,0,2029,1.12,
16,3,0,0,2048,2.08,
16,13,4,0,2039,1.12,
16,6,0,0,2048,0.96,
16,13,46,0,2020,1.44,
16,6,0,1,2032,1.12,
16,15,50,0,2024,1.28,
17,8,0,0,2048,1.44,
16,12,47,0,2027,1.76,
16,6,56,0,2018,0.64,
16,9,0,0,2048,0.48,
16,8,0,1,2017,0.8,
16,21,27,0,2039,0.8,
16,18,33,0,2021,0.8,
16,1,0,0,2048,1.44,
17,42,11,0,2023,1.12,
16,25,20,0,2046,1.28,
16,0,0,0,2048,1.28,
16,44,18,0,2028,1.44,
16,21,20,0,2006,0.96,
16,20,0,0,2048,1.6,
16,1,24,0,2034,0.96,
16,39,20,0,2002,1.28,
17,20,0,0,2048,1.28,
16,20,8,1,2011,0.96,
16,27,34,0,2032,1.28,
16,15,0,0,2048,1.12,
16,27,24,0,2002,2.08,
16,13,40,0,2038,2.08,
16,9,35,0,2017,1.12,
16,3,0,0,2048,0.8,
17,20,5,0,2017,1.6,
16,0,0,0,2048,1.28,
16,15,0,0,2048,0.8,
16,10,0,0,2048,0.96,
16,1,0,0,2025,1.76,
16,19,0,0,2048,0.64,
16,0,0,0,2020,0.16,
17,16,10,0,2024,0.48,
16,2,0,0,2048,1.28,
16,21,0,0,2048,0.64,
16,6,42,0,2029,1.12,
16,28,6,0,2018,1.12,
16,16,0,0,2048,1.12,
16,23,3,1,2019,1.28,
16,11,12,0,2024,1.6,
17,41,16,0,2024,1.28,
16,0,11,1,2030,0.48,
16,45,21,0,2031,1.6,
16,23,23,0,2029,1.6,
16,20,16,0,2000,1.28,
16,22,28,0,2036,1.44,
16,3,31,0,2035,1.28,
16,43,28,0,2000,0.8,
17,22,0,0,2048,0.8,
16,6,36,0,2038,0.64,
16,29,36,0,2042,1.6,
16,11,22,0,2042,0.64,
16,5,0,0,2036,0.96,
16,11,0,0,2048,1.12,
16,11,44,0,2013,0.96,
16,9,0,0,2048,0.96,
17,0,0,1,2028,0.96,
16,12,0,0,2048,2.08,
16,5,0,0,2028,1.12,
16,15,1,0,2026,0.96,
16,4,0,1,2019,0.96,
16,8,0,1,2016,1.28,
16,1,1,0,2018,2.08,
17,19,0,0,2048,1.44,
16,12,0,1,2015,1.28,
16,0,5,0,2015,1.28,
16,40,7,0,2015,1.28,
16,23,0,0,2048,0.96,
16,26,17,0,2015,1.12,
16,6,21,0,2013,1.12,
16,41,0,0,2048,1.28,
17,14,40,0,2024,1.92,
16,27,27,0,2023,0.96,
16,1,0,0,2048,0.96,
16,40,47,0,2031,0.8,
16,25,33,0,2030,1.12,
16,4,0,0,2048,1.28,
16,44,53,0,2037,0.96,
16,20,40,0,2036,1.44,
17,2,0,0,2048,1.44,
16,33,35,0,2037,1.12,
16,4,8,1,2015,1.28,
16,9,0,0,2048,0.48,
16,2,3,2,2027,0.48,
16,17,17,0,2048,0.96,
16,7,0,0,2048,1.6,
16,2,0,0,2048,1.6,
17,12,0,0,2048,0.16,
16,14,18,0,2022,0.96,
16,10,5,0,2019,1.44,
16,10,0,1,2021,1.44,
16,2,24,0,2028,1.12,
16,22,11,0,2025,1.44,
16,20,5,0,2014,0.96,
17,11,8,0,2022,0.96,
16,24,0,0,2048,1.12,
16,29,13,0,2013,1.44,
16,24,18,0,2024,1.12,
16,1,0,0,2048,2.08,
16,41,24,0,2014,1.44,
16,20,27,0,2023,1.92,
16,1,3,0,2021,0.8,
17,40,31,0,2025,0.64,
16,24,33,0,2029,1.44,
16,22,0,0,2048,0.8,
16,22,37,0,2031,1.28,
16,23,39,0,2036,0.96,
16,17,0,0,2048,0.8,
16,1,39,0,2037,1.28,
16,24,19,0,2038,1.28,
17,1,31,0,2035,1.28,
16,14,31,0,2019,1.12,
16,10,1,0,2031,1.76,
16,7,0,0,2030,1.28,
16,14,0,0,2048,0.48,
16,1,38,0,2031,1.12,
16,20,41,0,2033,0.64,
16,4,0,1,2016,1.28,
17,22,39,0,2036,0.32,
16,5,26,0,2036,1.12,
16,28,45,0,2023,1.28,
16,21,11,0,2025,1.12,
16,8,11,0,2021,1.6,
16,35,0,0,2048,0.64,
16,11,16,0,2022,0.8,
17,34,25,0,2039,1.92,
16,0,0,0,2048,1.6,
16,41,24,0,2032,0.8,
16,19,31,0,2045,1.28,
16,17,0,0,2048,0.96,
16,26,30,0,2038,1.44,
16,2,8,0,2031,0.48,
16,43,0,0,2048,0.48,
17,20,21,0,2006,2.08,
16,12,38,0,2022,0.8,
16,21,0,0,2048,1.76,
16,6,42,0,2026,1.12,
16,6,44,0,2028,1.44,
16,16,0,0,2048,1.12,
16,9,0,0,2048,1.28,
16,20,4,0,2016,1.28,
17,1,19,0,2032,0.48,
16,17,1,0,2031,1.12,
16,7,34,0,2020,0.48,
16,9,0,1,2018,0.64,
16,11,0,1,2023,1.12,
16,8,3,0,2017,1.6,
16,12,5,0,2019,1.12,
16,30,16,0,2032,0.96,
17,21,7,0,2013,0.64,
16,23,7,1,2012,1.28,
16,22,32,0,2043,1.28,
16,22,15,0,2018,1.12,
16,19,17,0,2016,0.96,
16,4,9,0,2032,2.88,
16,39,22,0,2024,1.12,
17,21,24,0,2032,0.8,
16,18,26,0,2039,0.64,
16,17,0,0,2048,0.8,
16,29,30,0,2038,0.8,
16,24,33,0,2045,0.96,
16,11,0,0,2048,2.24,
16,28,33,0,2044,2.24,
16,15,34,0,2042,1.12,
17,12,37,0,1999,0.48,
16,6,0,0,2041,0.64,
16,7,0,0,2048,0.64,
16,9,0,1,2025,0.96,
16,10,1,0,2035,0.8,
16,8,0,0,2048,0.32,
16,4,1,0,2031,0.8,
16,8,0,0,2030,1.28,
17,16,0,1,2025,1.12,
16,0,0,1,2023,0.8,
16,16,7,0,2019,1.28,
16,5,0,1,2020,0.96,
16,9,11,0,2023,1.44,
16,20,2,0,2016,1.28,
16,20,15,0,2027,0.96,
16,22,0,0,2048,1.92,
17,23,12,0,2006,1.44,
16,23,16,0,2014,1.12,
16,27,0,0,2048,1.44,
16,20,22,0,2008,0.96,
16,25,24,0,2018,1.92,
16,20,0,0,2048,1.92,
16,2,28,0,2014,0.8,
17,42,31,0,2031,2.4,
16,14,0,0,2048,0.96,
16,27,34,0,2034,2.24,
16,14,37,0,2037,1.12,
16,29,0,0,2048,0.8,
16,14,35,0,2040,1.28,
16,10,20,0,2040,1.92,
16,16,0,0,2048,0.96,
17,6,0,0,2048,0.8,
16,2,3,0,2016,0.96,
16,11,28,0,2008,0.8,
16,11,0,0,2048,0.32,
16,3,0,0,2048,1.28,
16,16,0,0,2048,0.64,
16,8,1,0,2015,1.12,
16,1,3,0,2017,1.12,
17,20,40,0,2020,1.28,
16,7,7,0,2021,0.96,
16,19,0,0,2048,0.8,
16,7,11,0,2025,1.44,
16,14,12,0,2026,1.44,
16,40,0,0,2048,2.08,
16,19,17,0,2031,2.4,
16,22,18,0,2032,1.12,
17,24,19,0,2021,1.44,
16,19,21,0,2025,0.96,
16,23,23,0,2029,1.44,
16,22,25,0,2027,1.12,
16,23,27,0,2031,0.96,
16,14,29,0,2035,1.92,
16,34,33,0,2031,1.76,
17,21,35,0,2003,1.28,
16,19,0,0,2048,0.96,
16,18,38,0,1996,1.6,
16,13,41,0,2009,0.48,
16,4,0,0,2048,0.48,
16,17,45,0,2013,0.8,
16,4,0,0,2048,0.48,
16,20,0,1,2028,0.48,
17,0,50,0,2009,0.96,
16,9,0,0,2025,0.8,
16,16,55,0,2013,1.28,
16,4,0,0,2024,0.8,
16,10,21,0,2029,0.96,
16,5,59,0,2019,0.64,
16,13,25,0,2033,0.96,
16,14,3,0,2017,0.96,
17,2,0,0,2048,0.8,
16,42,9,0,2020,1.12,
16,23,11,0,2019,0.96,
16,25,0,0,2048,0.8,
16,22,19,0,2023,2.08,
16,21,21,0,2021,1.28,
16,21,0,0,2048,0.16,
16,16,25,0,2029,1.44,
17,8,0,1,2015,1.6,
16,40,0,0,2048,1.76,
16,22,21,0,2003,1.12,
16,23,23,0,2004,1.76,
16,20,0,0,2048,1.12,
16,23,30,0,2007,0.96,
16,11,32,0,2008,0.48,
17,23,26,0,2040,0.48,
16,4,6,0,2027,1.6,
16,6,45,0,2033,0.96,
16,11,0,0,2048,0.96,
16,4,42,0,2018,0.8,
16,12,3,0,2017,0.16,
16,5,1,0,2032,0.96,
16,18,0,0,2048,0.64,
17,11,0,0,2048,1.28,
16,8,0,0,2048,1.44,
16,8,0,0,2048,1.12,
16,5,0,0,2048,0.8,
16,8,9,0,2028,0.64,
16,12,6,0,2016,0.8,
16,39,8,0,2018,1.6,
16,19,23,0,2037,0.48,
17,24,12,0,2008,1.92,
16,0,0,0,2048,1.92,
16,46,20,0,2010,1.44,
16,14,22,0,2010,0.48,
16,33,0,0,2048,0.96,
16,22,27,0,2015,1.28,
16,19,30,0,2016,1.92,
16,19,0,0,2048,1.6,
17,20,2,0,2024,0.48,
16,19,3,0,2015,2.4,
16,22,4,0,2014,1.44,
16,21,9,0,2007,0.48,
16,8,24,0,2040,0.8,
16,22,20,0,2010,0.8,
16,5,21,0,2007,1.12,
17,8,1,0,2024,1.44,
16,17,29,0,2033,0.8,
16,2,10,0,2033,1.28,
16,8,0,1,2031,1.12,
16,9,32,0,2022,1.12,
16,8,0,0,2048,0.64,
16,9,37,0,2027,0.96,
16,14,39,0,2029,1.28,
17,22,10,0,2024,1.44,
16,19,0,0,2048,0.8,
16,13,12,0,2026,0.96,
16,27,11,0,2018,1.12,
16,19,0,0,2048,0.8,
16,7,18,0,2032,1.28,
16,30,18,0,2024,0.48,
16,20,0,0,2048,2.56,
17,2,12,0,2012,0.48,
16,45,28,0,2042,0.8,
16,4,0,0,2048,1.28,
16,46,28,0,2008,1.28,
16,22,21,2,2038,1.92,
16,9,0,0,2048,1.92,
16,23,35,0,2013,0.48,
16,9,4,1,2019,1.12,
17,34,1,0,2030,0.8,
16,7,42,0,2014,1.6,
16,5,43,0,2022,0.96,
16,11,0,1,2037,0.96,
16,11,48,0,2021,1.28,
16,22,10,0,2018,0.96,
16,13,1,0,2028,0.96,
17,6,32,0,2029,1.12,
16,3,19,0,2029,0.8,
16,13,28,0,2026,1.12,
16,4,1,0,2015,0.32,
16,20,3,0,2017,0.8,
16,2,8,0,2022,1.44,
16,33,0,0,2048,1.44,
16,23,28,0,2039,1.28,
17,3,34,0,2044,0.8,
16,45,0,0,2048,1.28,
16,22,18,0,2016,1.44,
16,20,15,1,2021,1.28,
16,18,0,0,2048,1.28,
16,18,24,0,2022,1.6,
16,19,6,0,2012,1.12,
16,19,28,0,2026,1.28,
17,25,31,0,2037,0.8,
16,0,0,0,2048,0.48,
16,48,19,2,2043,1.28,
16,20,26,0,2043,1.12,
16,16,0,0,2048,1.12,
16,17,4,0,2021,1.6,
16,3,39,0,2037,1.6,
16,11,14,0,2039,0.96,
17,9,9,0,2037,0.64,
16,5,38,0,2026,0.8,
16,20,0,0,2033,0.32,
16,4,0,1,2030,0.64,
16,18,0,0,2028,0.64,
16,0,44,0,2034,0.48,
16,22,14,0,2028,0.96,
17,7,23,0,2034,0.8,
16,12,0,0,2048,0.8,
16,10,0,0,2048,1.44,
16,22,1,1,2016,0.96,
16,21,24,0,2038,0.96,
16,20,0,0,2048,1.92,
16,22,12,0,2010,1.12,
16,28,30,0,2044,1.28,
17,10,0,0,2048,1.28,
16,33,20,0,2028,1.28,
16,20,23,0,2019,1.92,
16,21,0,0,2048,1.6,
16,21,26,0,2034,1.28,
16,20,29,0,2025,0.64,
16,24,0,0,2048,1.76,
16,23,32,0,2041,2.08,
17,21,21,0,2000,1.28,
16,7,0,0,2048,1.28,
16,11,26,0,2016,1.44,
16,27,1,0,2041,1.6,
16,3,28,0,2000,1.92,
16,11,13,0,2038,0.64,
16,9,0,0,2048,1.12,
16,4,1,0,2036,1.12,
17,9,38,0,2028,0.8,
16,4,40,0,2030,0.8,
16,6,42,0,2032,1.44,
16,21,44,0,2029,1.76,
16,2,0,0,2048,1.12,
16,15,23,0,2035,0.48,
16,1,33,0,2032,0.32,
17,20,0,0,2048,0.96,
16,16,0,0,2048,0.96,
16,17,11,0,2025,0.96,
16,22,8,0,2020,1.44,
16,21,0,0,2048,0.8,
16,0,17,0,2031,1.12,
16,47,16,0,2024,1.44,
16,25,0,0,2048,1.44,
17,23,23,0,2015,1.12,
16,23,26,0,2002,1.6,
16,16,0,0,2048,2.56,
16,28,29,0,2022,1.76,
16,21,32,0,2008,2.72,
16,0,0,0,2048,1.28,
16,41,36,0,2028,0.48,
16,17,38,0,2014,1.92,
17,1,38,0,2040,1.28,
16,29,2,0,2030,1.12,
16,9,41,0,2036,1.6,
16,12,45,0,2033,0.32,
16,0,17,0,2036,0.32,
16,17,0,0,2048,0.48,
16,2,3,0,2033,0.8,
16,11,1,0,2026,0.96,
17,13,0,0,2029,1.12,
16,10,18,0,2028,1.92,
16,7,0,0,2023,0.96,
16,16,0,0,2048,1.28,
16,4,15,0,2029,1.12,
16,27,0,0,2048,1.44,
16,19,7,0,2017,0.8,
17,25,11,0,2022,1.44,
16,9,0,0,2048,0.64,
16,18,33,0,2045,1.6,
16,38,18,0,2028,1.76,
16,18,0,0,2048,0.48,
16,24,9,0,2021,1.6,
16,23,24,0,2034,0.8,
16,14,0,0,2048,0.96,
17,27,29,0,2029,1.44,
16,1,30,0,2031,1.12,
16,38,0,0,2048,1.44,
16,21,35,0,2035,0.64,
16,20,37,0,2037,1.28,
16,17,0,0,2048,0.48,
16,15,33,0,2040,0.64,
16,13,18,0,2040,1.12,
17,10,0,0,2048,1.44,
16,0,0,1,2036,1.44,
16,18,0,0,2020,1.28,
16,9,0,0,2032,0.96,
16,8,0,0,2048,0.96,
16,6,3,0,2017,0.96,
16,13,1,0,2025,0.96,
16,10,5,0,2019,0.96,
17,5,0,1,2020,1.6,
16,17,0,1,2017,1.76,
16,4,0,0,2048,1.6,
16,29,0,0,2048,1.28,
16,19,3,0,2013,1.76,
16,21,17,0,2031,1.44,
16,19,0,0,2048,1.12,
17,22,14,0,2026,1.28,
16,22,16,0,2026,1.28,
16,25,0,0,2048,0.8,
16,25,22,0,2031,1.28,
16,25,27,0,2027,0.96,
16,23,0,0,2048,0.96,
16,21,32,0,2034,1.44,
16,20,34,0,2032,1.76,
17,18,10,0,2016,0.8,
16,18,37,0,2015,1.28,
16,17,2,0,2029,0.96,
16,15,10,0,2012,1.28,
16,11,43,0,2034,1.28,
16,6,0,0,2048,0.8,
16,18,25,0,2035,1.28,
16,9,13,0,2021,0.96,
17,11,1,0,2033,0.64,
16,6,0,0,2027,0.96,
16,4,25,0,2027,0.8,
16,11,2,0,2029,0.8,
16,11,6,0,2020,1.12,
16,9,20,0,2032,0.96,
16,18,1,0,2016,0.96,
16,18,25,0,2037,0.64,
17,21,9,0,2023,0.64,
16,24,0,0,2048,0.8,
16,24,18,0,2032,0.32,
16,21,18,0,2028,2.08,
16,20,0,0,2048,1.12,
16,20,24,0,2038,0.16,
16,1,24,0,2026,0.48,
17,38,5,0,2017,1.12,
16,23,29,0,2023,0.64,
16,3,13,0,2005,0.64,
16,43,19,0,2015,0.64,
16,19,35,0,2029,1.12,
16,22,23,0,2007,1.6,
16,18,25,0,2021,0.8,
16,16,41,0,2035,1.76,
17,8,33,0,2039,1.76,
16,5,31,0,2037,1.28,
16,20,0,0,2048,1.28,
16,10,14,0,2018,1.28,
16,15,16,0,2020,0.48,
16,14,1,0,2029,1.44,
16,2,20,0,2025,0.48,
16,20,0,0,2048,0.48,
17,6,46,0,2030,0.8,
16,6,0,1,2020,0.64,
16,8,0,0,2048,0.48,
16,20,0,0,2048,1.28,
16,18,32,0,2032,1.12,
16,19,0,0,2048,1.12,
16,9,0,0,2048,0.64,
16,32,30,0,2042,1.12,
17,23,14,0,2010,0.96,
16,20,0,0,2048,1.12,
16,6,17,0,2029,0.8,
16,33,20,0,2016,1.12,
16,19,0,0,2048,0.64,
16,21,23,0,2036,0.64,
16,7,27,0,2023,0.96,
17,41,0,0,2048,0.96,
16,26,23,0,2006,1.6,
16,27,31,0,2047,1.12,
16,0,0,0,2048,1.12,
16,18,36,0,2006,0.64,
16,25,0,1,2032,0.64,
16,9,0,1,2030,1.28,
16,9,34,0,2038,1.28,
17,3,0,0,2026,1.76,
16,6,46,0,2016,0.96,
16,7,48,0,2024,1.6,
16,5,50,0,2020,1.44,
16,9,0,0,2048,0.48,
16,3,0,0,2031,0.64,
16,6,1,0,2026,1.12,
16,8,0,0,2048,0.48,
17,3,0,1,2021,0.8,
16,11,0,1,2021,1.6,
16,6,23,0,2023,0.48,
16,21,0,0,2048,1.76,
16,17,1,0,2018,1.76,
16,20,0,0,2048,1.6,
16,28,10,0,2015,1.44,
16,25,15,0,2011,1.28,
17,25,0,0,2048,0.8,
16,26,25,0,2039,1.12,
16,0,26,0,2021,1.12,
16,48,0,0,2048,1.92,
16,20,32,0,2043,0.96,
16,28,37,0,2023,2.4,
16,22,0,0,2048,1.76,
17,18,40,0,2020,1.44,
16,6,13,0,2024,0.8,
16,28,0,0,2048,0.96,
16,13,47,0,2027,1.28,
16,7,5,0,2013,1.12,
16,7,21,0,2033,0.64,
16,14,11,0,2017,0.8,
16,0,9,0,2031,0.96,
17,14,0,0,2048,0.64,
16,4,1,0,2028,1.44,
16,15,0,0,2023,0.32,
16,0,21,0,2027,1.12,
16,24,0,0,2048,0.8,
16,12,0,1,2016,1.12,
16,22,4,0,2016,0.64,
16,23,8,0,2014,1.92,
17,27,13,0,2011,1.28,
16,25,0,0,2048,0.96,
16,26,21,0,2013,1.76,
16,23,25,0,2011,0.8,
16,21,0,0,2048,1.6,
16,19,31,0,2017,1.44,
16,1,34,0,2014,1.28,
16,35,1,0,2023,1.12,
17,16,38,0,2019,0.96,
16,14,0,1,2015,1.44,
16,15,6,0,2018,0.8,
16,10,0,0,2048,1.12,
16,32,45,0,2029,0.96,
16,16,1,0,2021,1.12,
16,6,0,0,2048,0.48,
17,14,6,0,2014,0.16,
16,14,22,0,2030,0.48,
16,12,0,1,2027,1.44,
16,11,0,0,2048,0.96,
16,15,0,1,2023,0.16,
16,14,0,1,2019,1.92,
16,1,1,0,2015,1.44,
16,33,28,0,2040,1.28,
17,25,9,0,2016,1.44,
16,25,25,0,2031,1.28,
16,22,16,0,2012,1.6,
16,20,19,0,2019,1.28,
16,12,32,0,2038,1.92,
16,25,22,0,2020,0.8,
16,17,24,0,2020,1.12,
16,12,26,0,2023,0.8,
17,24,29,0,2025,1.28,
16,14,31,0,2027,1.28,
16,23,33,0,2045,0.96,
16,7,35,0,2031,0.48,
16,30,1,0,2015,0.64,
16,20,0,0,2048,1.28,
16,16,36,0,2039,1.92,
16,14,0,0,2048,0.96,
17,3,24,0,2036,1.44,
16,28,0,0,2048,0.96,
16,15,0,1,2025,1.28,
16,2,0,0,2048,0.8,
16,28,0,0,2018,0.64,
16,1,1,0,2015,0.96,
16,27,0,0,2048,1.12,
17,2,0,0,2048,0.64,
16,31,29,0,2037,1.12,
16,18,0,1,2033,1.76,
16,18,0,0,2048,1.92,
16,16,1,0,2023,1.12,
16,19,33,0,2033,1.92,
16,18,0,0,2048,0.8,
16,15,5,0,2017,1.28,
17,22,0,0,2048,1.28,
16,17,19,0,2033,0.32,
16,17,22,0,2034,0.32,
16,8,24,0,2036,1.6,
16,30,26,0,2038,0.32,
16,21,32,0,2046,0.8,
16,10,11,0,2017,0.96,
16,33,32,0,2044,1.12,
17,18,25,0,2047,1.6,
16,4,1,0,2023,1.44,
16,25,0,0,2048,1.44,
16,15,0,1,2018,0.8,
16,4,0,1,2023,1.92,
16,21,0,0,2048,0.96,
16,5,1,0,2015,1.76,
16,20,32,0,2034,1.6,
17,3,34,0,2036,1.12,
16,24,11,0,2025,1.44,
16,3,13,0,2027,0.96,
16,19,0,0,2048,1.92,
16,11,9,0,2041,1.12,
16,0,0,0,2048,0.32,
16,28,0,1,2032,1.92,
17,13,8,0,2020,0.96,
16,10,3,0,2035,0.32,
16,17,12,0,2027,0.96,
16,13,17,0,2031,1.12,
16,17,0,0,2048,0.64,
16,11,21,0,2047,1.12,
16,28,8,0,2020,0.8,
16,1,0,0,2048,1.6,
17,41,21,0,2035,1.44,
16,20,13,0,2015,1.6,
16,1,0,0,2048,1.6,
16,45,27,0,2042,0.96,
16,20,19,0,2021,0.8,
16,10,0,0,2048,1.76,
16,29,23,0,2047,0.96,
16,16,0,0,2048,1.92,
17,10,0,0,2048,1.76,
16,10,25,0,2021,1.76,
16,28,0,0,2048,1.76,
16,8,29,0,2025,2.08,
16,13,31,0,2021,1.12,
16,25,0,1,2040,0.64,
16,4,0,1,2024,1.28,
16,21,14,0,2041,0.8,
17,11,1,0,2016,0.96,
16,15,14,0,2029,1.76,
16,13,13,0,2027,0.8,
16,3,19,0,2033,1.6,
16,21,0,1,2025,0.8,
16,0,27,0,2041,0.96,
16,24,19,0,2033,0.96,
17,1,31,0,2045,0.8,
16,26,0,0,2048,0.96,
16,21,4,0,2047,1.12,
16,18,21,0,2035,1.92,
16,22,0,0,2048,2.24,
16,24,1,0,2022,1.28,
16,13,27,0,2041,2.24,
16,24,6,0,2014,1.12,
17,18,0,0,2048,1.28,
16,20,5,0,2015,1.6,
16,11,21,0,2025,0.96,
16,27,22,0,2031,1.76,
16,21,5,0,2013,1.12,
16,20,28,0,2040,1.44,
16,21,0,0,2048,1.12,
16,10,13,0,2017,1.6,
17,33,12,0,2010,1.44,
16,15,0,0,2048,1.6,
16,16,16,0,2015,1.28,
16,12,31,0,2039,0.64,
16,12,23,0,2027,1.6,
16,5,35,0,2043,0.96,
16,19,0,0,2048,0.64,
16,10,30,0,2036,0.96,
17,0,0,1,2024,0.96,
16,20,0,1,2027,1.28,
16,11,0,1,2036,0.32,
16,9,30,0,2043,0.96,
16,3,23,0,2042,0.32,
16,16,0,1,2041,1.28,
16,6,1,0,2015,1.6,
17,22,0,0,2048,0.8,
16,13,38,0,2040,0.96,
16,8,0,0,2048,1.28,
16,16,0,0,2048,1.44,
16,22,11,0,2026,0.8,
16,3,3,0,2017,0.64,
16,36,0,0,2048,1.12,
16,24,7,0,2022,2.24,
17,21,24,0,2038,2.24,
16,12,0,0,2048,0.64,
16,33,16,0,2022,0.64,
16,16,30,0,2044,1.92,
16,29,0,0,2048,0.48,
16,8,24,0,2026,0.8,
16,31,5,1,2038,1.44,
16,15,29,0,2029,1.12,
17,15,0,0,2028,1.12,
16,7,31,0,2047,1.12,
16,20,34,0,2036,1.12,
16,8,0,0,2047,0.32,
16,19,38,0,2040,0.8,
16,1,28,0,2041,1.76,
16,24,10,0,2041,1.76,
16,1,0,0,2048,1.44,
17,13,1,0,2035,1.76,
16,8,0,1,2019,1.12,
16,10,5,0,2034,1.44,
16,11,5,0,2019,1.12,
16,13,7,0,2021,0.96,
16,15,0,0,2048,1.12,
16,2,5,0,2019,1.28,
17,23,0,0,2048,1.44,
16,17,28,0,2038,1.44,
16,20,30,0,2040,0.8,
16,23,0,0,2048,1.28,
16,22,12,0,2024,1.44,
16,23,23,0,2045,1.12,
16,18,0,0,2048,0.64,
16,11,18,0,2020,2.24,
17,28,21,0,2023,0.96,
16,20,22,0,2025,1.6,
16,1,23,0,2047,1.12,
16,45,27,0,2031,1.12,
16,17,29,0,2031,1.76,
16,22,14,2,2011,0.64,
16,18,33,0,2037,1.76,
16,23,35,0,2037,1.6,
17,7,37,0,2039,1.6,
16,26,0,0,2048,1.28,
16,9,10,0,2042,1.28,
16,7,6,0,2016,2.08,
16,18,8,0,2018,0.96,
16,0,1,0,2034,1.28,
16,24,0,0,2048,1.12,
16,4,0,0,2048,1.12,
17,22,0,0,2048,0.96,
16,6,0,1,2022,0.8,
16,8,21,0,2031,0.8,
16,13,2,0,2016,0.8,
16,6,0,1,2036,1.12,
16,22,3,0,2017,0.32,
16,20,8,0,2022,0.96,
17,3,1,1,2020,1.44,
16,33,0,0,2048,0.48,
16,23,10,0,2024,0.96,
16,21,10,0,2045,1.28,
16,18,0,0,2048,2.4,
16,1,16,0,2030,1.28,
16,40,18,0,2018,1.76,
16,21,0,0,2048,0.96,
17,21,4,1,2014,2.72,
16,21,26,0,2040,1.12,
16,4,0,0,2048,1.76,
16,28,14,0,2012,0.64,
16,34,32,0,2046,0.48,
16,19,0,0,2048,1.28,
16,12,23,0,2015,0.64,
16,18,0,1,2042,1.28,
17,14,0,1,2036,0.64,
16,10,0,1,2037,0.96,
16,7,0,1,2030,1.12,
16,7,34,0,2030,0.48,
16,9,0,1,2025,0.96,
16,12,0,0,2026,0.64,
16,5,40,0,2032,0.8,
16,11,1,0,2031,0.64,
17,6,0,1,2019,0.96,
16,10,0,1,2016,1.12,
16,4,15,0,2029,1.76,
16,14,0,1,2035,0.8,
16,19,43,0,2029,0.32,
16,7,0,1,2029,1.76,
16,24,0,0,2048,1.76,
17,17,2,0,2016,0.96,
16,20,15,0,2028,0.48,
16,23,29,0,2043,0.96,
16,24,13,0,2017,0.64,
16,23,22,0,2034,0.48,
16,21,9,2,2035,1.28,
16,2,22,0,2020,1.44,
16,43,28,0,2040,1.76,
17,19,0,0,2048,1.28,
16,23,31,0,2045,0.96,
16,0,31,0,2025,1.12,
16,38,0,0,2048,0.32,
16,20,0,0,2048,0.48,
16,16,37,0,2031,0.48,
16,14,0,0,2048,0.8,
16,2,28,0,2014,1.92,
17,24,43,0,2035,1.92,
16,6,39,0,2036,0.16,
16,10,0,0,2048,0.32,
16,15,0,0,2048,1.12,
16,6,0,0,2028,1.12,
16,7,0,0,2048,1.12,
16,16,0,1,2025,1.44,
16,15,0,0,2027,1.12,
17,12,0,0,2024,1.28,
16,0,1,0,2022,1.28,
16,28,0,0,2048,1.12,
16,14,24,0,2038,1.44,
16,26,6,1,2015,1.44,
16,20,26,0,2040,1.12,
16,23,13,0,2017,0.64,
17,24,0,0,2048,0.64,
16,1,16,0,2023,0.64,
16,37,19,0,2029,0.64,
16,12,0,0,2048,0.32,
16,26,0,0,2048,0.8,
16,13,1,0,2029,1.28,
16,28,28,0,2022,1.28,
16,15,30,0,2038,0.8,
17,29,32,0,2036,2.08,
16,21,0,0,2048,1.76,
16,8,21,0,2007,0.8,
16,25,36,0,2042,0.48,
16,2,0,0,2048,1.44,
16,22,0,1,2041,0.8,
16,4,1,0,2039,1.12,
16,17,0,0,2036,0.96,
17,13,0,0,2035,0.8,
16,10,1,0,2027,1.12,
16,7,0,0,2048,1.28,
16,8,1,0,2024,0.64,
16,15,37,0,2039,1.28,
16,4,0,0,2019,1.6,
16,11,6,0,2039,0.8,
16,8,1,0,2015,0.32,
17,21,6,0,2020,0.64,
16,6,1,1,2025,0.8,
16,29,9,0,2023,0.8,
16,16,1,1,2022,0.32,
16,23,10,0,2024,1.12,
16,1,12,0,2012,0.96,
16,42,0,0,2048,1.12,
17,20,20,0,2035,0.8,
16,20,0,0,2048,0.8,
16,1,22,0,2036,1.28,
16,44,27,0,2041,2.24,
16,23,0,0,2048,0.8,
16,25,28,0,2042,0.8,
16,25,32,0,2047,0.48,
16,21,0,0,2048,0.64,
17,19,35,0,2044,0.48,
16,5,15,0,2044,1.92,
16,17,0,1,2043,1.44,
16,10,1,0,2029,1.12,
16,3,0,1,2038,2.24,
16,8,1,0,2025,0.64,
16,6,0,0,2048,1.28,
16,9,1,0,2022,0.48,
17,2,1,0,2032,1.12,
16,8,0,1,2030,0.48,
16,5,0,0,2026,0.64,
16,7,0,1,2026,1.12,
16,5,0,0,2025,0.8,
16,11,1,0,2021,1.76,
16,5,0,0,2048,0.8,
16,3,0,1,2018,1.12,
17,22,0,0,2048,0.48,
16,23,5,0,2019,1.12,
16,23,17,0,2031,0.48,
16,13,13,0,2015,0.96,
16,37,19,0,2019,1.44,
16,7,23,0,2037,0.96,
16,41,25,0,2015,0.96,
17,3,0,0,2048,1.28,
16,45,30,0,2018,1.12,
16,26,32,0,2026,2.56,
16,19,0,0,2048,0.64,
16,7,36,0,2025,0.64,
16,31,38,0,2032,1.28,
16,3,0,0,2048,1.28,
16,38,43,0,2031,1.12,
17,18,21,0,2011,0.64,
16,12,0,0,2048,1.12,
16,4,25,0,2005,0.48,
16,6,1,0,2028,1.12,
16,9,0,1,2032,0.8,
16,2,0,1,2021,0,
16,12,33,0,2013,0.96,
16,4,1,0,2028,0.32,
17,7,2,0,2016,0.64,
16,19,1,0,2015,0.96,
16,0,3,0,2017,0.96,
16,24,0,1,2018,0.48,
16,18,0,0,2048,0.96,
16,21,0,0,2048,1.44,
16,1,20,0,2034,0.64,
16,43,7,1,2019,1.28,
17,17,0,0,2048,1.6,
16,3,26,0,2040,1.44,
16,38,21,0,2021,1.44,
16,20,0,0,2048,1.92,
16,24,32,0,2046,0.96,
16,20,28,0,2028,0.8,
16,14,0,0,2048,2.08,
17,13,30,0,2031,1.12,
16,43,33,0,2045,0.48,
16,0,33,0,2003,0.48,
16,38,37,0,2037,0.48,
16,20,6,0,2029,1.28,
16,11,39,0,2009,0.96,
16,2,24,0,2040,1.12,
16,22,1,0,2039,1.28,
17,8,0,1,2036,1.12,
16,17,0,0,2048,0.64,
16,3,0,1,2028,0.8,
16,17,1,0,2028,0.48,
16,5,33,0,2024,0.8,
16,8,0,1,2027,0.8,
16,12,1,0,2019,1.28,
16,5,5,0,2017,0.32,
17,19,0,0,2048,0.32,
16,0,0,0,2048,1.92,
16,40,5,0,2017,1.12,
16,24,0,0,2048,1.6,
16,22,13,0,2013,0.96,
16,22,16,0,2018,1.12,
16,21,0,0,2048,1.44,
16,19,20,0,2018,0.48,
17,3,21,0,2031,1.28,
16,38,0,0,2048,1.28,
16,19,23,0,2007,1.6,
16,28,28,0,2038,0.32,
16,24,0,0,2048,1.76,
16,24,33,0,2010,0.8,
16,10,36,0,2042,1.44,
17,30,38,0,2032,0.96,
16,14,23,0,2042,0.32,
16,0,41,0,2001,0.96,
16,18,7,0,2040,0.96,
16,5,45,0,2005,0.64,
16,11,6,0,2020,0.96,
16,6,8,0,2022,0.96,
16,4,0,0,2048,1.12,
17,17,0,0,2048,1.12,
16,2,14,0,2028,0.96,
16,15,1,0,2015,0.8,
16,1,0,1,2025,0.8,
16,14,0,0,2048,0.32,
16,0,41,0,2020,0.8,
16,25,0,0,2048,0.96,
16,19,26,0,2041,1.76,
17,21,8,0,2018,1.28,
16,27,0,0,2048,2.72,
16,10,16,0,2024,0.8,
16,37,19,0,2019,1.92,
16,18,0,0,2048,0.48,
16,28,24,0,2028,0.48,
16,18,25,0,2025,0.64,
16,22,0,0,2048,1.28,
17,23,29,0,2029,1.76,
16,4,32,0,2040,1.28,
16,39,0,0,2048,1.6,
16,21,35,0,2036,1.44,
16,22,17,2,2038,1.44,
16,20,0,0,2048,1.92,
16,2,28,0,2040,0.8,
17,18,44,0,2032,1.12,
16,8,1,1,2034,1.28,
16,1,0,0,2037,1.12,
16,8,0,1,2034,0.8,
16,16,0,1,2032,1.12,
16,6,0,1,2018,1.28,
16,19,0,1,2026,0.96,
16,2,2,0,2016,0.96,
17,22,14,1,2027,0.64,
16,2,17,0,2029,0.48,
16,18,0,0,2048,1.12,
16,1,3,0,2017,0.96,
16,33,6,0,2014,1.44,
16,21,35,0,2037,0.8,
16,22,13,0,2015,1.12,
16,21,16,0,2016,0.8,
17,23,19,0,2017,1.92,
16,0,0,0,2048,0.96,
16,41,23,0,2015,1.12,
16,18,3,0,2018,0.32,
16,20,27,0,2030,0.48,
16,23,1,1,2021,0.96,
16,19,32,0,2034,1.12,
16,16,0,0,2048,1.12,
17,30,10,1,2027,2.72,
16,22,15,0,2013,0.96,
16,0,0,0,2048,1.76,
16,35,22,0,1996,2.24,
16,9,24,0,2016,2.4,
16,3,2,0,2039,0.64,
16,20,28,0,2020,0.8,
17,5,0,1,2032,0.64,
16,7,32,0,2006,0.96,
16,15,34,0,2026,0.96,
16,6,0,1,2026,1.12,
16,18,0,0,2048,0.96,
16,8,0,1,2017,1.28,
16,13,42,0,2034,0.32,
16,17,0,1,2016,0.8,
17,17,5,0,2020,1.6,
16,6,7,0,2019,1.28,
16,30,4,0,2012,0.64,
16,20,12,0,2026,1.12,
16,19,13,0,2025,0.96,
16,21,10,0,2018,2.4,
16,19,18,0,2032,1.28,
16,26,19,0,2031,2.08,
17,22,21,0,2031,2.24,
16,27,0,0,2048,1.76,
16,21,29,0,2031,1.12,
16,5,31,0,2035,0.8,
16,36,0,0,2048,1.6,
16,22,35,0,2037,0.96,
16,19,37,0,2041,1.28,
16,17,0,0,2048,1.12,
17,2,0,0,2048,1.28,
16,24,0,1,2026,1.44,
16,11,0,0,2048,0.8,
16,6,0,0,2048,1.28,
16,9,0,0,2048,1.12,
16,9,1,0,2017,1.12,
16,2,19,0,2032,1.28,
17,10,0,0,2048,0.64,
16,10,0,1,2024,0.96,
16,1,0,0,2048,0.48,
16,19,0,1,2019,0.48,
16,1,0,1,2020,0.32,
16,29,9,0,2023,0.48,
16,19,39,0,2037,1.12,
16,23,0,0,2048,1.28,
17,18,11,0,2013,2.88,
16,2,15,0,2015,0.8,
16,38,5,1,2024,1.44,
16,22,0,0,2048,1.76,
16,24,20,0,2024,1.28,
16,8,17,1,2002,1.28,
16,40,0,0,2048,1.12,
16,16,28,0,2028,1.44,
17,30,31,0,2027,1.12,
16,21,0,0,2048,1.28,
16,2,35,0,2031,1.6,
16,34,37,0,2033,1.28,
16,18,0,0,2048,1.44,
16,0,35,0,2040,0.8,
16,24,19,0,2040,1.44,
16,8,0,0,2040,0.64,
17,5,5,0,2020,0.64,
16,5,8,0,2022,1.28,
16,19,0,0,2030,0.32,
16,9,0,0,2048,1.12,
16,11,0,1,2027,1.28,
16,4,0,1,2025,1.6,
16,6,0,1,2023,0.64,
17,23,7,0,2019,0.48,
16,9,0,1,2016,0.48,
16,13,0,0,2048,2.08,
16,30,9,0,2023,1.44,
16,23,10,0,2012,2.56,
16,6,0,0,2048,1.6,
16,19,23,0,2037,0.8,
16,41,0,0,2048,0.64,
17,2,22,0,2030,0.8,
16,24,11,0,2007,1.28,
16,34,1,1,2023,1.12,
16,20,15,0,2011,1.12,
16,25,7,0,2013,0.16,
16,0,33,0,2045,0.16,
16,37,21,0,2017,0.96,
16,23,13,0,2019,0.8,
17,3,6,0,2010,0.64,
16,33,0,0,2048,1.28,
16,8,12,0,2040,0.96,
16,13,13,0,2015,1.12,
16,2,8,0,2016,0.64,
16,24,0,0,2048,1.6,
16,2,27,0,2033,0.64,
16,22,0,0,2048,0.64,
17,10,0,1,2025,1.76,
16,6,0,1,2023,0.64,
16,19,20,0,2028,0.48,
16,10,30,0,2032,0.96,
16,20,3,0,2017,0.48,
16,19,0,0,2048,1.28,
16,3,8,0,2022,1.76,
17,36,0,0,2048,1.12,
16,18,1,1,2018,0.64,
16,19,34,0,2043,1.28,
16,2,11,0,2019,0.96,
16,41,13,0,2013,0.64,
16,21,25,0,2039,0.96,
16,0,4,0,2012,0.96,
16,38,24,0,2038,1.12,
17,0,21,0,2029,1.76,
16,22,23,0,2023,0.96,
16,45,16,0,2010,1.44,
16,22,27,0,2035,0.96,
16,20,29,0,2029,1.92,
16,16,22,0,2016,1.44,
16,3,1,0,2031,0.96,
16,24,0,1,2026,0.8,
17,4,0,1,2037,0.8,
16,17,1,0,2034,1.28,
16,14,33,0,2027,1.28,
16,5,1,0,2016,1.28,
16,12,1,0,2016,0.64,
16,5,6,0,2020,0.96,
16,19,0,0,2030,1.44,
16,13,6,0,2020,1.12,
17,10,8,0,2023,0.32,
16,12,41,0,2034,1.12,
16,7,32,0,2034,0.8,
16,15,1,0,2016,0.8,
16,2,2,0,2016,0.48,
16,33,1,0,2026,0.96,
16,18,1,0,2019,0.8,
17,19,0,0,2048,0.64,
16,24,28,0,2042,0.64,
16,22,27,0,2041,1.12,
16,25,0,0,2048,2.56,
16,23,14,2,2044,1.92,
16,21,29,0,2047,1.6,
16,2,0,0,2048,0.8,
16,21,9,0,2014,0.64,
17,37,26,0,2038,1.92,
16,18,28,0,2042,0.8,
16,18,30,0,2042,0.48,
16,9,32,0,2044,1.92,
16,25,20,0,2012,1.28,
16,9,0,0,2048,0.64,
16,19,24,0,2016,1.28,
16,14,31,0,2041,1.28,
17,3,28,0,2020,0.48,
16,17,0,1,2039,0.96,
16,8,22,0,2028,1.28,
16,9,1,0,2033,0.96,
16,12,0,0,2048,0.64,
16,6,1,0,2021,1.28,
16,17,0,1,2030,0.48,
16,0,0,0,2022,0.64,
17,23,0,1,2024,0.64,
16,0,3,0,2017,0.64,
16,27,1,0,2016,0.96,
16,0,0,2,2040,1.6,
16,39,7,0,2021,0.8,
16,21,11,0,2025,1.44,
16,21,17,0,2031,0.48,
17,5,13,0,2023,2.24,
16,38,0,0,2048,1.44,
16,17,17,0,2027,0.96,
16,24,19,0,2029,1.6,
16,24,0,0,2048,1.6,
16,2,23,0,2033,0.96,
16,41,25,0,2036,0.8,
16,22,0,0,2048,2.08,
17,3,29,0,2044,0.96,
16,39,23,0,2007,1.44,
16,16,0,0,2048,1.28,
16,3,33,0,2045,0.96,
16,19,1,0,2038,0.48,
16,13,0,0,2048,0.8,
16,5,0,0,2041,0.32,
16,20,0,0,2048,0.8,
17,1,1,0,2036,0.96,
16,16,0,1,2031,0.8,
16,7,0,0,2048,0.8,
16,7,0,0,2048,0.8,
16,7,0,0,2027,0.8,
16,8,6,0,2020,0.96,
16,14,8,0,2022,0.8,
16,12,5,0,2019,1.12,
17,2,7,0,2021,1.12,
16,10,0,1,2015,1.12,
16,28,11,0,2025,0.64,
16,1,18,0,2033,1.28,
16,39,10,0,2046,0.8,
16,18,18,0,2032,1.28,
16,6,25,0,2039,1.28,
17,41,15,0,2029,1.44,
16,23,16,0,2031,1.12,
16,24,0,0,2048,0.96,
16,25,24,0,2032,1.76,
16,22,27,0,2033,1.12,
16,21,0,0,2048,1.12,
16,21,31,0,2037,1.76,
16,2,33,0,2039,1.12,
17,36,0,0,2048,1.76,
16,20,36,0,2040,1.44,
16,11,40,0,2038,0.64,
16,12,0,0,2048,0.64,
16,13,13,0,2021,1.12,
16,14,14,0,2012,1.12,
16,5,17,0,2025,0.96,
16,10,1,0,2033,0.64,
17,5,0,0,2048,0.8,
16,11,45,0,2027,1.12,
16,6,0,1,2028,1.12,
16,6,0,1,2026,0.48,
16,8,0,0,2048,1.12,
16,14,0,1,2020,1.28,
16,12,0,0,2048,1.44,
16,14,1,0,2015,0.96,
17,7,22,0,2044,0.64,
16,34,8,0,2012,1.92,
16,24,40,0,2039,1.6,
16,1,5,0,2021,1.6,
16,35,14,0,2019,1.28,
16,19,17,0,2021,1.28,
16,23,3,1,2022,0.8,
17,23,0,0,2048,0.96,
16,0,28,0,2042,0.96,
16,48,28,0,2042,2.08,
16,24,0,0,2048,1.6,
16,22,21,2,2037,1.12,
16,19,20,0,2047,0.64,
16,24,0,0,2048,1.6,
16,0,6,0,2017,1.6,
17,19,37,0,2040,1.76,
16,22,0,0,2048,0.8,
16,5,44,0,2012,1.12,
16,8,0,0,2035,0.8,
16,18,0,1,2035,0.8,
16,11,1,0,2032,0.96,
16,10,0,0,2027,0.8,
16,6,0,0,2048,1.44,
17,11,0,0,2048,0.96,
16,6,17,0,2030,0.8,
16,8,1,0,2015,0.8,
16,1,0,0,2048,0.64,
16,19,0,0,2048,0.96,
16,17,1,0,2018,1.12,
16,20,4,0,2018,0.64,
16,25,8,0,2012,1.76,
17,22,0,0,2048,1.92,
16,25,10,2,2037,1.28,
16,21,7,0,2043,1.12,
16,13,0,0,2048,0.48,
16,26,5,0,2011,1.6,
16,19,3,0,2018,0.64,
16,22,0,0,2048,0.64,
17,23,28,0,2026,1.28,
16,23,31,0,2035,1.28,
16,24,0,0,2048,0.96,
16,24,34,0,2032,1.12,
16,20,38,0,2042,1.12,
16,16,0,0,2048,0.64,
16,9,40,0,2038,0.8,
16,11,1,0,2034,1.76,
17,8,2,0,2016,1.28,
16,0,0,0,2048,1.28,
16,16,43,0,2025,1.12,
16,2,45,0,2027,1.6,
16,16,47,0,2029,1.28,
16,0,50,0,2024,0.96,
16,15,1,0,2018,1.44,
16,0,44,0,2027,1.44,
17,16,0,0,2048,1.44,
16,6,0,0,2048,1.28,
16,13,6,0,2020,0.96,
16,8,12,0,2027,0.8,
16,32,5,0,2017,1.12,
16,19,7,0,2019,0.32,
16,24,12,0,2022,0.8,
16,27,15,0,2017,1.12,
17,13,0,0,2048,1.44,
16,32,21,0,2015,1.12,
16,17,24,0,2016,1.28,
16,7,0,0,2048,1.12,
16,44,29,0,2020,0.96,
16,24,33,0,2019,1.76,
16,1,0,0,2048,2.24,
17,41,36,0,2038,1.76,
16,20,11,0,2044,0.48,
16,0,0,0,2048,0.8,
16,23,6,2,2024,0.96,
16,13,36,0,2037,1.44,
16,7,0,0,2048,1.28,
16,12,49,0,2005,1.28,
16,8,51,0,2007,2.08,
17,14,0,1,2032,0.8,
16,2,0,0,2048,1.28,
16,11,0,0,2048,0.48,
16,6,3,0,2017,0.48,
16,13,61,0,2017,0.96,
16,10,7,0,2021,0.96,
16,11,2,0,2016,0.48,
16,2,0,0,2048,0.16,
17,34,36,0,2034,1.44,
16,22,2,0,2014,1.28,
16,24,0,0,2048,0.8,
16,24,33,0,2039,0.48,
16,23,20,0,2008,0.96,
16,21,0,0,2048,1.76,
16,15,4,0,2020,0.48,
16,6,27,0,2013,0.96,
17,37,29,0,2029,0.8,
16,21,9,0,2015,0.64,
16,22,33,0,2019,0.64,
16,3,0,0,2048,2.24,
16,41,17,0,2019,1.92,
16,20,39,0,2025,1.6,
16,2,0,0,2048,2.08,
17,21,36,0,2037,1.92,
16,25,5,0,2033,0.48,
16,6,0,1,2036,0.48,
16,8,5,0,2036,1.12,
16,11,14,0,2033,2.08,
16,1,0,1,2031,0.96,
16,13,1,0,2029,0.64,
16,7,0,1,2027,0.64,
17,4,2,0,2016,0.64,
16,18,4,0,2018,1.12,
16,11,2,0,2015,0.32,
16,12,8,0,2022,0.64,
16,3,8,0,2020,1.6,
16,29,4,0,2017,1.6,
16,4,0,0,2048,0.32,
16,35,10,0,2020,0.64,
17,3,0,0,2048,0.8,
16,39,34,0,2027,1.6,
16,3,17,0,2003,1.12,
16,43,0,0,2048,2.24,
16,19,20,0,1996,1.92,
16,27,26,0,2008,1.28,
16,24,0,0,2048,1.76,
16,25,33,0,1995,1.12,
17,23,35,0,2031,1.44,
16,20,0,0,2048,1.12,
16,3,40,0,2026,1.6,
16,16,41,0,2037,1.12,
16,25,0,0,2048,0.8,
16,7,0,0,2048,0.8,
16,7,0,1,2035,0.48,
17,11,10,0,2016,0.16,
16,15,0,0,2048,0.8,
16,6,0,0,2048,0.8,
16,8,16,0,2022,0.48,
16,10,9,0,2023,0.32,
16,7,6,0,2020,0.48,
16,12,13,0,2027,0.64,
16,13,10,0,2024,1.12,
17,2,3,0,2017,0.8,
16,33,19,0,2033,0.96,
16,24,16,0,2030,1.44,
16,2,33,0,2039,1.92,
16,47,25,0,2039,1.12,
16,11,22,0,2036,1.44,
16,36,18,2,2038,1.44,
16,21,31,0,2046,1.12,
17,19,28,0,2022,1.6,
16,19,0,0,2048,0.96,
16,17,32,0,2032,1.6,
16,20,34,0,2020,1.12,
16,21,36,0,2036,0.32,
16,0,7,0,2011,0.32,
16,43,7,1,2017,1.76,
16,20,16,0,2022,1.76,
17,15,11,2,2033,0.48,
16,5,23,0,2037,1.76,
16,15,0,0,2048,1.76,
16,0,6,0,2035,0.48,
16,17,0,0,2048,0.8,
16,3,28,0,2022,0.8,
16,16,1,0,2019,1.12,
17,11,32,0,2038,1.44,
16,3,0,0,2048,1.28,
16,23,3,0,2017,0.64,
16,13,23,0,2043,1.28,
16,18,8,0,2022,1.28,
16,24,0,0,2048,1.76,
16,15,11,0,2025,1.76,
16,20,15,0,2029,1.12,
17,19,2,1,2031,1.6,
16,20,34,0,2032,1.76,
16,22,15,0,2013,0.96,
16,22,14,0,2006,0.8,
16,23,9,2,2008,2.24,
16,22,21,0,2019,0.96,
16,23,25,0,2007,0.96,
16,21,27,0,1999,1.76,
17,24,0,0,2048,0.64,
16,1,20,0,2001,1.6,
16,34,33,0,2046,1.28,
16,19,0,0,2048,1.12,
16,8,14,0,2044,0.96,
16,14,6,0,2043,1.76,
16,9,41,0,2023,1.92,
16,15,38,0,2036,0.8,
17,12,0,0,2048,0.8,
16,8,0,1,2029,1.6,
16,12,0,1,2033,0.8,
16,6,1,0,2021,1.12,
16,7,0,0,2028,0.8,
16,5,0,0,2048,1.6,
16,9,0,0,2048,1.28,
17,14,0,1,2021,1.44,
16,0,6,0,2020,1.28,
16,28,0,0,2048,1.28,
16,15,39,0,2033,1.76,
16,23,12,0,2026,1.6,
16,11,0,0,2048,0.8,
16,35,11,1,2011,1.6,
16,18,18,0,2032,1.6,
17,24,0,0,2048,1.44,
16,19,21,0,2033,1.44,
16,2,22,0,2028,1.76,
16,42,0,0,2048,1.76,
16,22,27,0,2039,1.44,
16,24,28,0,2034,3.04,
16,24,0,0,2048,2.08,
16,21,33,0,2045,1.92,
17,22,35,0,2003,1.28,
16,18,0,0,2048,1.44,
16,3,39,0,2036,1.28,
16,20,0,0,2048,0.64,
16,1,0,0,2040,0.48,
16,15,1,0,2037,1.28,
16,2,0,0,2048,1.12,
16,17,49,0,2009,0.8,
17,6,1,0,2030,0.96,
16,11,53,0,2014,0.96,
16,4,15,0,2029,1.12,
16,11,0,0,2048,0.96,
16,4,59,0,2020,0.96,
16,12,27,0,2024,1.28,
16,3,5,0,2024,1.28,
17,11,4,0,2014,1.12,
16,30,5,0,2017,1.12,
16,20,10,0,2020,1.28,
16,24,0,0,2048,0.64,
16,24,20,0,2034,1.92,
16,23,18,0,2025,1.12,
16,2,0,0,2048,0.96,
16,41,26,0,2040,0.96,
17,19,24,0,2018,0.8,
16,22,0,0,2048,0.64,
16,14,28,0,2018,1.6,
16,9,31,0,2025,1.28,
16,46,0,0,2048,1.6,
16,22,34,0,2024,1.44,
16,21,37,0,2031,1.28,
16,2,0,0,2048,1.6,
17,31,26,0,2041,2.24,
16,3,3,0,2036,0.64,
16,13,0,0,2048,1.6,
16,2,43,0,2015,1.28,
16,11,45,0,2017,1.12,
16,3,1,0,2030,1.28,
16,14,1,0,2028,1.44,
16,8,1,0,2029,1.6,
17,9,0,1,2027,1.6,
16,11,44,0,2026,1.28,
16,6,0,0,2048,0.8,
16,11,0,1,2021,0.48,
16,10,3,0,2017,0.8,
16,17,5,0,2019,1.12,
16,19,10,0,2024,1.12,
17,21,8,0,2016,0.96,
16,23,11,0,2013,1.92,
16,23,0,0,2048,1.92,
16,23,19,0,2017,1.6,
16,27,21,0,2016,1.92,
16,20,0,0,2048,1.92,
16,12,26,0,2022,0.48,
16,33,29,0,2019,1.28,
17,21,0,0,2048,0.48,
16,21,32,0,2002,1.92,
16,21,10,0,2017,0.96,
16,20,0,0,2048,0.96,
16,5,38,0,2008,1.44,
16,36,19,0,2003,0.8,
16,9,0,0,2048,1.12,
16,8,44,0,2015,0.8,
17,13,0,0,2024,0.8,
16,2,0,0,2048,0.8,
16,14,51,0,2021,0.8,
16,1,0,1,2018,0.64,
16,13,0,0,2016,0.96,
16,8,1,0,2025,0.96,
16,3,0,0,2022,0.32,
16,18,16,0,2025,1.12,
17,2,0,0,2048,0.8,
16,24,1,0,2019,1.76,
16,12,3,0,2015,1.44,
16,28,0,0,2048,1.76,
16,18,12,0,2012,0.64,
16,24,14,0,2016,2.24,
16,10,0,0,2048,1.44,
17,34,19,0,2017,0.96,
16,11,19,0,1997,1.92,
16,31,0,0,2048,1.12,
16,23,25,0,2023,1.76,
16,23,27,0,2001,1.28,
16,23,0,0,2048,0.48,
16,23,32,0,2029,0.48,
16,22,35,0,2005,0.96,
17,17,0,0,2048,2.24,
16,19,27,0,2042,1.12,
16,8,28,0,2040,1.44,
16,14,0,0,2048,1.12,
16,11,44,0,2002,0.8,
16,13,5,0,2018,1.12,
16,10,18,0,2014,1.44,
16,3,1,0,2028,0.96,
17,15,0,0,2029,1.12,
16,4,48,0,2025,1.44,
16,11,39,0,2025,1.28,
16,12,0,0,2048,1.6,
16,9,2,0,2025,1.28,
16,10,0,0,2048,1.44,
16,19,0,0,2048,0.32,
16,19,5,0,2017,0.96,
17,20,9,0,2021,0.8,
16,24,0,0,2048,1.6,
16,24,20,0,2034,0.96,
16,24,21,0,2023,2.08,
16,9,0,0,2048,1.28,
16,14,26,0,2040,0.96,
16,38,27,0,2029,0.96,
17,3,6,1,2011,0.96,
16,42,15,1,2006,0.96,
16,1,33,0,2015,1.12,
16,43,26,0,2000,0.96,
16,19,28,0,2007,1.76,
16,22,39,0,2022,2.08,
16,14,32,0,2006,1.92,
16,5,35,0,2013,0.64,
17,23,0,1,2034,0.48,
16,6,3,1,2032,0.96,
16,10,43,0,2031,1.92,
16,10,1,0,2033,1.28,
16,9,0,0,2048,0.96,
16,4,0,0,2030,0.96,
16,14,0,0,2028,0.48,
16,1,0,0,2026,1.44,
17,17,38,0,2029,0.64,
16,1,1,0,2020,1.12,
16,11,8,0,2022,0.8,
16,27,14,0,2027,0.8,
16,20,0,0,2048,1.28,
16,10,39,0,2037,1.28,
16,36,14,0,2026,1.44,
16,18,0,0,2048,1.12,
17,15,19,0,2013,1.28,
16,28,21,0,2021,0.32,
16,20,23,0,2013,1.92,
16,22,25,0,2019,0.64,
16,24,27,0,2027,1.28,
16,22,29,0,2020,1.44,
16,25,32,0,2024,1.92,
17,26,0,0,2048,0.8,
16,10,37,0,2035,0.64,
16,29,16,0,2019,0.96,
16,9,0,0,2048,1.92,
16,12,24,0,2039,1.44,
16,11,46,0,2032,0.48,
16,8,0,0,2037,1.12,
16,6,10,0,2017,1.92,
17,14,0,1,2031,1.28,
16,3,0,0,2048,1.76,
16,19,0,1,2027,1.6,
16,9,0,0,2048,1.92,
16,4,0,1,2019,0.64,
16,5,23,0,2029,1.12,
16,15,29,0,2022,0.64,
16,6,4,0,2017,0.8,
17,25,0,0,2048,0.64,
16,24,9,0,2021,0.48,
16,23,33,0,2039,1.6,
16,3,0,0,2048,1.92,
16,48,19,0,2023,1.12,
16,22,16,1,2037,0.8,
16,13,0,0,2048,1.12,
16,28,27,0,2027,0.8,
17,6,28,0,2026,1.76,
16,32,30,0,2026,1.44,
16,16,33,0,2029,0.96,
16,26,35,0,2029,0.8,
16,19,36,0,2032,1.76,
16,7,39,0,2035,1.12,
16,41,41,0,2035,0.8,
17,16,28,0,2014,1.44,
16,1,0,0,2048,2.24,
16,14,1,1,2025,0.64,
16,9,17,0,2035,0.32,
16,2,0,0,2030,0.48,
16,9,0,1,2028,0.8,
16,14,1,0,2016,1.12,
16,7,1,0,2027,0.64,
17,12,0,1,2023,1.44,
16,7,0,0,2022,1.44,
16,14,0,1,2018,1.44,
16,11,50,0,2024,0.96,
16,12,34,0,2029,0.32,
16,22,3,0,2021,1.76,
16,20,0,0,2048,2.08,
16,3,19,0,2033,0.96,
17,38,15,0,2025,0.64,
16,24,0,0,2048,1.12,
16,24,19,0,2007,0.16,
16,22,22,0,2030,1.6,
16,23,0,0,2048,1.12,
16,22,25,0,2013,1.6,
16,23,28,0,2036,1.44,
16,5,0,0,2048,1.28,
17,38,32,0,2036,1.44,
16,21,34,0,2014,1.44,
16,20,0,0,2048,0.48,
16,6,36,0,2042,0.48,
16,25,40,0,2020,1.12,
16,2,1,0,2039,0.8,
16,20,0,0,2048,0.96,
17,6,25,0,2009,0.64,
16,11,27,0,2011,0.64,
16,9,0,0,2048,0.8,
16,3,6,0,2033,0.8,
16,7,25,0,2030,1.76,
16,14,35,0,2019,0.64,
16,6,37,0,2021,0.8,
16,15,0,1,2025,0.48,
17,11,0,0,2048,0.96,
16,2,6,0,2020,0.8,
16,30,45,0,2029,0.96,
16,23,8,0,2014,0.96,
16,21,0,0,2048,1.12,
16,22,27,0,2032,1.12,
16,12,18,0,2016,0.64,
16,29,0,0,2048,1.12,
17,4,21,0,2023,1.76,
16,42,31,0,2045,1.44,
16,22,0,0,2048,1.28,
16,16,27,0,2030,1.12,
16,28,16,0,2022,1.44,
16,22,0,0,2048,1.44,
16,21,34,0,2036,1.76,
16,2,24,0,1994,1.44,
17,37,0,0,2048,0.8,
16,15,3,1,2026,0.64,
16,3,19,0,2041,1.6,
16,11,0,0,2048,2.08,
16,13,41,0,2025,0.8,
16,6,1,0,2022,0.8,
16,6,45,0,2029,1.44,
17,17,0,1,2031,0.8,
16,7,42,0,2012,0.64,
16,15,4,0,2018,0.96,
16,2,46,0,2016,0.48,
16,19,8,0,2022,0.64,
16,4,10,0,2024,0.48,
16,24,2,0,2016,0.48,
16,3,20,0,2034,1.76,
17,34,28,0,2041,1.6,
16,24,13,0,2027,0.96,
16,23,20,0,2034,1.28,
16,21,25,0,2046,0.96,
16,21,20,0,2032,0.8,
16,23,26,0,2040,1.44,
16,4,12,0,2015,1.28,
16,29,26,0,2038,1.12,
17,11,28,0,2032,1.44,
16,37,0,0,2048,0.8,
16,24,33,0,2027,1.44,
16,1,34,0,2038,1.6,
16,40,0,0,2048,0.64,
16,19,39,0,2033,0.48,
16,16,24,0,2042,0.48,
16,1,0,0,2048,0.8,
17,22,0,1,2034,0.48,
16,10,45,0,2025,0.8,
16,11,1,0,2027,0.8,
16,6,0,0,2048,0.96,
16,19,0,1,2020,0.8,
16,3,34,0,2030,0.8,
16,16,11,0,2026,0.96,
17,14,42,0,2026,1.12,
16,9,32,0,2036,0.48,
16,1,0,0,2048,2.08,
16,30,1,0,2015,0.96,
16,20,34,0,2032,2.24,
16,21,14,0,2028,1.28,
16,1,0,0,2048,1.28,
16,40,10,0,2008,0.96,
17,0,14,0,2012,0.96,
16,45,8,0,2046,1.44,
16,0,6,1,2010,1.44,
16,35,20,0,2018,1.28,
16,19,1,0,2021,1.44,
16,2,13,0,2013,0.64,
16,44,26,0,2024,0.8,
16,21,17,0,2007,0.96,
17,24,31,0,2037,0.8,
16,21,0,0,2048,1.28,
16,1,35,0,2041,1.28,
16,33,32,0,2043,2.08,
16,6,20,0,2043,1.28,
16,19,10,0,2014,1.28,
16,1,42,0,2034,0.64,
16,18,0,0,2048,0.64,
17,10,16,0,2020,1.28,
16,1,15,0,2036,0.96,
16,22,40,0,2024,1.76,
16,11,44,0,2030,0.96,
16,7,46,0,2032,0.96,
16,9,46,0,2031,0.8,
16,13,31,0,2033,1.28,
17,0,14,0,2033,1.12,
16,24,0,0,2048,0.96,
16,15,0,0,2048,1.12,
16,18,8,0,2022,1.6,
16,3,10,0,2024,0.96,
16,40,11,0,2025,0.8,
16,22,0,0,2048,1.76,
16,22,16,0,2030,0.48,
17,23,17,0,2029,0.96,
16,21,0,0,2048,2.24,
16,21,22,0,2016,1.12,
16,20,25,0,2033,1.44,
16,24,0,0,2048,0.8,
16,0,29,0,2023,1.76,
16,42,31,0,2039,1.76,
16,22,0,0,2048,1.12,
17,19,35,0,2041,1.44,
16,15,31,0,2019,0.32,
16,13,39,0,2033,0.8,
16,4,41,0,2035,1.12,
16,20,0,0,2028,1.12,
16,9,32,0,2037,0.64,
16,2,1,0,2021,0.48,
16,10,0,0,2032,1.44,
17,7,0,0,2029,1.76,
16,14,1,0,2027,1.6,
16,1,0,0,2048,0.64,
16,18,3,0,2017,0.96,
16,0,0,0,2022,2.72,
16,20,0,1,2019,0.32,
16,3,0,0,2048,0.96,
17,24,5,0,2019,1.76,
16,19,5,0,2017,0.32,
16,3,10,0,2010,1.44,
16,39,0,0,2048,1.12,
16,0,14,0,2026,1.6,
16,43,16,0,2022,1.28,
16,25,17,0,2025,0.96,
16,22,20,0,2033,0.96,
17,23,30,0,2044,1.6,
16,25,30,0,2044,1.12,
16,6,0,0,2048,1.92,
16,37,18,1,2023,1.44,
16,18,12,0,2033,1.12,
16,3,0,0,2048,1.92,
16,36,8,0,2008,0.8,
16,15,4,0,2012,0.96,
17,7,0,0,2048,1.12,
16,19,0,0,2048,0.48,
16,10,0,1,2039,1.28,
16,0,0,0,2038,0.48,
16,19,0,0,2032,0.96,
16,5,0,0,2048,0.96,
16,10,0,1,2030,0.64,
16,13,1,0,2027,1.44,
17,4,0,1,2023,1.12,
16,7,0,1,2022,1.28,
16,6,0,1,2019,1.12,
16,19,10,0,2024,0.8,
16,15,0,0,2048,1.12,
16,14,14,0,2028,1.12,
16,29,9,0,2017,0.8,
17,21,33,0,2044,1.12,
16,19,0,0,2048,0.96,
16,2,6,0,2020,1.92,
16,37,1,0,2028,0.96,
16,21,2,0,2046,0.96,
16,23,23,0,2037,1.44,
16,22,6,1,2022,1.28,
16,23,0,0,2048,0.8,
17,22,31,0,2033,1.6,
16,24,31,0,2035,1.6,
16,21,0,0,2048,1.28,
16,20,37,0,2039,1.12,
16,21,37,0,2041,1.92,
16,5,0,0,2048,2.4,
16,21,5,0,2041,1.76,
16,2,0,1,2036,1.76,
17,12,0,1,2029,1.12,
16,14,1,0,2030,1.12,
16,6,1,0,2024,2.08,
16,11,39,0,2023,0.64,
16,10,33,0,2016,1.12,
16,5,1,0,2021,2.08,
16,9,38,0,2020,1.12,
16,13,0,0,2017,0.16,
17,0,38,0,2032,1.28,
16,23,0,0,2048,0.8,
16,8,0,0,2048,1.28,
16,19,11,0,2025,0.96,
16,24,0,0,2048,1.12,
16,19,13,0,2025,1.44,
16,20,11,0,2031,1.44,
17,24,13,0,2013,1.6,
16,20,16,0,2020,0.48,
16,0,0,0,2048,1.6,
16,46,19,0,2019,1.6,
16,21,22,0,2026,1.76,
16,23,0,0,2048,3.04,
16,28,31,0,2021,1.6,
16,24,33,0,2027,1.12,
17,21,0,0,2048,1.28,
16,1,37,0,2000,1.6,
16,30,3,0,2025,0.8,
16,13,0,1,2019,0.8,
16,2,0,1,2032,0.64,
16,11,0,1,2028,0.96,
16,15,0,1,2025,0.64,
16,5,50,0,2022,0.96,
17,7,0,1,2019,1.44,
16,8,0,1,2031,1.6,
16,8,56,0,2018,0.8,
16,16,0,0,2048,0.64,
16,2,16,0,2030,0.64,
16,11,0,0,2048,1.12,
16,15,33,0,2021,0.8,
16,13,0,0,2018,1.76,
17,21,3,0,2017,1.12,
16,26,0,0,2048,1.12,
16,6,13,0,2009,2.24,
16,43,16,0,2017,2.24,
16,24,0,0,2048,0.96,
16,21,23,0,2011,1.28,
16,19,25,0,2020,0.64,
17,22,0,0,2048,1.76,
16,20,5,0,2018,1.28,
16,22,32,0,2046,1.44,
16,21,0,0,2048,0.32,
16,20,17,0,2007,1.12,
16,20,3,0,2030,0.8,
16,19,40,0,2036,1.44,
16,0,0,0,2048,1.6,
17,33,44,0,2032,0.8,
16,10,24,0,2037,0.8,
16,4,35,0,2034,1.76,
16,6,0,1,2032,0.96,
16,16,1,0,2033,1.28,
16,1,35,0,2025,0.96,
16,18,0,1,2028,1.44,
16,15,39,0,2029,0.96,
17,12,1,0,2021,1.92,
16,0,44,0,2034,1.28,
16,22,40,0,2035,0.32,
16,1,21,0,2035,1.6,
16,35,33,0,2037,1.76,
16,21,9,0,2017,1.44,
16,20,1,0,2015,1.28,
16,23,30,0,2042,1.28,
17,17,0,0,2048,1.44,
16,26,18,0,2022,1.6,
16,4,20,0,2026,1.12,
16,37,0,0,2048,1.28,
16,22,24,0,2029,0.48,
16,4,27,0,2033,0.64,
16,24,0,0,2048,0.64,
17,36,30,0,2038,1.92,
16,20,34,0,2040,1.12,
16,23,0,0,2048,0.64,
16,1,33,0,2044,1.44,
16,31,12,0,2043,1.44,
16,5,0,1,2041,0.8,
16,8,0,0,2034,1.28,
16,23,0,0,2048,0.96,
17,2,0,0,2048,0.8,
16,13,0,1,2028,1.12,
16,5,0,0,2048,1.12,
16,6,0,0,2048,0.8,
16,13,0,0,2048,0.8,
16,3,0,0,2048,1.12,
16,4,0,0,2048,1.76,
16,14,0,0,2048,1.12,
17,0,6,0,2020,0.8,
16,24,0,1,2025,1.12,
16,12,3,0,2015,1.12,
16,21,5,0,2017,0.96,
16,12,8,0,2022,1.12,
16,9,0,0,2048,1.76,
16,21,12,0,2014,1.28,
16,42,0,0,2048,1.6,
17,24,17,0,2019,1.6,
16,4,21,0,2033,1.6,
16,45,24,0,2025,1.6,
16,20,28,0,2020,1.44,
16,28,31,0,2035,1.76,
16,27,36,0,2026,1.28,
16,0,38,0,2022,1.44,
17,40,0,0,2048,0.8,
16,16,42,0,2034,1.28,
16,15,24,0,2038,0.64,
16,8,19,0,2037,0.32,
16,11,0,1,2036,1.6,
16,1,13,0,2011,1.44,
16,15,0,1,2028,0.64,
16,4,0,0,2048,0.96,
17,11,0,1,2029,0.96,
16,3,0,0,2048,0.64,
16,11,23,0,2021,0.96,
16,6,10,0,2024,1.12,
16,5,1,0,2017,0.64,
16,18,14,0,2028,0.8,
16,15,16,0,2030,0.16,
16,22,6,0,2020,0.48,
17,24,15,0,2029,1.6,
16,25,13,0,2020,1.44,
16,20,17,0,2015,2.24,
16,6,22,0,2034,1.44,
16,44,26,0,2020,0.64,
16,20,27,0,2017,1.6,
16,4,29,0,2039,1.6,
16,37,32,0,2026,1.6,
17,19,34,0,2034,0.96,
16,0,0,0,2048,0.96,
16,43,38,0,2028,1.12,
16,20,38,0,2040,1.12,
16,10,0,0,2048,1.12,
16,28,44,0,2035,1.12,
16,13,8,0,2024,1.76,
17,5,0,0,2048,1.76,
16,14,0,0,2048,1.12,
16,1,0,1,2031,0.16,
16,19,0,0,2028,1.12,
16,1,0,0,2048,0.96,
16,20,0,0,2027,1.12,
16,3,30,0,2026,0.48,
16,21,0,1,2022,0.8,
17,5,0,0,2018,0.8,
16,27,31,0,2027,1.92,
16,15,10,0,2022,2.24,
16,28,12,0,2025,2.24,
16,14,11,0,2017,0.96,
16,24,39,0,2035,0.64,
16,23,19,0,2031,0.48,
16,21,17,0,2023,0.64,
17,7,0,0,2048,1.76,
16,35,22,0,2031,1.28,
16,16,19,0,2018,0.48,
16,25,22,0,2004,1.28,
16,0,0,0,2048,1.44,
16,44,26,0,2024,0.96,
16,3,28,0,2010,0.96,
16,36,0,0,2048,0.8,
17,14,5,1,2020,0.8,
16,6,30,0,2042,1.28,
16,23,0,0,2048,0.8,
16,14,38,0,2021,0.96,
16,14,0,1,2036,1.12,
16,1,43,0,2025,1.12,
16,23,0,1,2030,1.28,
17,1,0,1,2022,0.64,
16,20,0,0,2048,0.96,
16,0,0,1,2022,0.96,
16,17,0,1,2015,0.96,
16,10,0,1,2030,0.96,
16,2,0,0,2048,0.48,
16,23,0,0,2048,1.28,
16,8,33,0,2035,0.64,
17,24,0,0,2048,0.8,
16,21,4,0,2014,1.28,
16,22,7,0,2015,1.12,
16,17,0,0,2048,0.96,
16,23,12,0,2024,1.28,
16,21,14,0,2020,1.44,
16,2,4,0,2022,1.12,
16,39,23,0,2035,1.12,
17,22,0,0,2048,0.96,
16,26,25,0,2039,2.08,
16,25,27,0,2017,1.12,
16,1,0,0,2048,1.92,
16,44,33,0,2043,1.28,
16,18,35,0,2033,0.96,
16,9,0,0,2048,0.8,
16,19,0,0,2048,0.96,
17,12,0,0,2048,0.96,
16,5,0,1,2035,1.12,
16,7,0,1,2032,0.96,
16,11,8,0,2022,1.28,
16,7,0,0,2035,1.6,
16,7,0,0,2033,1.12,
16,5,0,0,2048,1.6,
17,10,0,0,2022,0,
16,0,38,0,2026,0,
16,11,27,0,2026,1.76,
16,12,0,0,2048,1.76,
16,5,0,1,2025,1.28,
16,18,0,1,2021,0.32,
16,0,0,0,2048,1.12,
16,40,5,0,2013,2.08,
17,24,11,0,2015,1.12,
16,22,14,0,2010,0.96,
16,22,21,0,2035,1.6,
16,24,19,0,2019,0.64,
16,23,21,0,2016,0.96,
16,23,27,0,2041,1.28,
16,25,28,0,2022,0.32,
16,22,31,0,2019,0.64,
17,22,31,0,2028,1.44,
16,2,0,0,2048,0.96,
16,37,37,0,2041,1.76,
16,19,38,0,2034,0.48,
16,18,0,0,2048,0.48,
16,3,0,0,2048,0.8,
16,23,20,0,2039,0.48,
16,7,30,0,2036,0.48,
17,6,0,1,2033,0.48,
16,10,0,0,2048,0.32,
16,2,0,0,2048,1.44,
16,8,0,0,2048,0.96,
16,8,1,0,2020,0.8,
16,11,0,0,2025,0.48,
16,11,0,0,2048,0.64,
17,5,1,0,2024,0.64,
16,17,5,0,2019,1.28,
16,20,7,0,2021,1.6,
16,8,0,0,2048,1.12,
16,36,11,0,2025,1.12,
16,22,14,0,2018,0.96,
16,20,0,0,2048,0.48,
16,16,18,0,2030,1.28,
17,19,20,0,2018,1.44,
16,25,3,0,2019,1.44,
16,6,25,0,2024,2.24,
16,38,26,0,2025,0.96,
16,17,16,0,2008,0.64,
16,32,32,0,2030,1.76,
16,22,33,0,2031,0.96,
16,23,30,0,2006,1.44,
17,5,0,0,2048,1.6,
16,27,12,0,2011,1.6,
16,4,41,0,2038,1.28,
16,22,23,0,2039,1.12,
16,1,0,1,2038,0.32,
16,18,43,0,2019,0.8,
16,13,5,0,2019,0.64,
16,12,0,0,2031,0.96,
17,2,0,0,2048,0.96,
16,16,1,0,2024,0.64,
16,9,0,0,2022,0.96,
16,11,16,0,2030,0.96,
16,3,18,0,2032,0.48,
16,9,20,0,2034,1.44,
16,29,5,0,2017,1.76,
17,18,7,0,2021,1.12,
16,24,9,0,2021,1.6,
16,24,0,0,2048,1.12,
16,23,17,0,2025,1.12,
16,23,19,0,2023,1.44,
16,23,0,0,2048,1.28,
16,11,24,0,2030,1.44,
16,28,25,0,2030,1.44,
17,18,27,0,2022,1.12,
16,21,30,0,2034,0.96,
16,15,32,0,2034,1.12,
16,32,34,0,2028,0.96,
16,23,36,0,2040,0.8,
16,14,38,0,2040,1.44,
16,16,40,0,2034,0.96,
16,9,3,0,2038,1.28,
17,14,0,0,2048,0.8,
16,8,0,0,2023,0.8,
16,9,0,0,2048,1.6,
16,1,0,0,2048,0.96,
16,8,1,0,2018,1.12,
16,4,0,0,2030,0.96,
16,16,0,0,2022,0.96,
16,3,47,0,2025,0.96,
17,15,6,0,2020,0.48,
16,2,22,0,2033,0.64,
16,20,2,0,2016,0.96,
16,2,4,0,2018,0.48,
16,30,1,0,2020,0.16,
16,0,0,0,2048,0.16,
16,39,11,0,2025,2.56,
17,23,11,0,2022,0.32,
16,18,15,0,2023,0.64,
16,6,20,0,2032,1.28,
16,49,23,0,2023,2.4,
16,23,26,0,2024,1.6,
16,13,30,0,2034,1.44,
16,34,31,0,2027,1.92,
16,20,33,0,2029,1.12,
17,20,0,0,2048,1.44,
16,20,37,0,2023,1.44,
16,17,22,0,2041,1.6,
16,20,0,0,2048,0.96,
16,14,43,0,2029,1.76,
16,2,46,0,2028,1.28,
16,13,48,0,2030,0.64,
16,7,22,0,2012,0.8,
17,8,29,0,2031,0.8,
16,4,0,1,2032,0.64,
16,11,0,1,2015,0.48,
16,6,3,0,2017,0.64,
16,7,5,0,2019,0.8,
16,21,0,0,2048,0.96,
16,10,0,1,2020,0.16,
16,7,0,0,2048,1.12,
17,26,1,1,2014,0.8,
16,25,42,0,2032,1.12,
16,22,0,0,2048,1.76,
16,21,16,0,2012,0.8,
16,21,21,0,2035,0.32,
16,20,0,0,2048,0.8,
16,21,22,0,2018,0.96,
17,0,28,0,2042,1.12,
16,45,0,0,2048,2.72,
16,21,26,0,2004,1.28,
16,16,19,0,2047,1.12,
16,22,0,0,2048,0.96,
16,18,32,0,2010,1.76,
16,21,1,1,2015,0.96,
16,21,0,0,2048,0.96,
17,18,40,0,2037,1.12,
16,13,39,0,2013,1.28,
16,2,16,0,2009,1.6,
16,20,19,0,2023,1.44,
16,4,0,0,2048,1.6,
16,6,0,0,2033,1.44,
16,20,25,0,2029,0.96,
16,1,52,0,2026,1.44,
17,19,29,0,2021,0.96,
16,2,31,0,2035,0.96,
16,12,0,0,2020,0.32,
16,20,35,0,2039,0.64,
16,6,1,0,2015,1.12,
16,33,2,0,2014,1.76,
16,22,0,0,2048,1.28,
16,2,15,0,2025,1.76,
17,38,36,0,2036,1.92,
16,19,0,0,2048,2.08,
16,19,18,0,2018,1.12,
16,21,1,1,2026,1.12,
16,24,0,0,2048,0.64,
16,24,24,0,2024,0.64,
16,25,22,0,2000,0.8,
17,21,29,0,2033,1.76,
16,20,7,0,2031,0.64,
16,9,31,0,2017,0.64,
16,29,36,0,2040,1.76,
16,11,5,0,2013,0.96,
16,21,37,0,2023,1.28,
16,2,0,0,2048,1.76,
16,22,0,0,2048,1.44,
17,11,0,0,2048,1.12,
16,10,45,0,2031,0.64,
16,15,47,0,2021,0.96,
16,2,0,1,2026,0.96,
16,17,0,0,2048,0.8,
16,6,0,0,2048,0.8,
16,13,0,0,2048,1.28,
16,3,0,1,2026,1.28,
17,18,0,1,2025,1.28,
16,16,3,0,2015,1.12,
16,20,33,0,2041,1.76,
16,23,6,0,2014,1.6,
16,23,11,0,2026,2.4,
16,20,7,0,2035,0.8,
16,4,15,0,2018,1.44,
16,34,18,0,2028,1.44,
17,1,20,0,2030,1.44,
16,40,22,0,2020,2.08,
16,21,0,0,2048,0.96,
16,26,27,0,2037,1.44,
16,23,29,0,2027,2.4,
16,0,0,0,2048,2.4,
16,43,33,0,2043,1.28,
17,2,36,0,2038,1.12,
16,35,0,0,2048,0.8,
16,13,30,0,2022,0.8,
16,16,0,0,2048,0.64,
16,8,0,1,2021,0.64,
16,9,0,0,2048,0.48,
16,0,0,0,2048,0.8,
16,13,40,0,2032,0.96,
17,6,0,1,2027,1.28,
16,18,1,0,2029,0.96,
16,1,0,1,2027,1.76,
16,13,49,0,2027,0.48,
16,4,3,0,2017,0.64,
16,7,0,0,2022,1.6,
16,18,5,0,2019,0.96,
16,10,9,0,2023,1.76,
17,23,0,0,2048,1.28,
16,4,11,0,2025,1.76,
16,36,7,0,2019,0.64,
16,21,0,0,2048,0.8,
16,2,17,0,2031,1.44,
16,47,17,0,2021,1.12,
16,0,0,0,2048,1.12,
16,44,23,0,2038,2.08,
17,21,23,0,2033,1.28,
16,25,24,1,2001,1.44,
16,19,28,0,2026,0.96,
16,5,31,0,2037,0.96,
16,37,31,0,1991,1.12,
16,19,34,0,2032,1.44,
16,7,35,0,1995,2.08,
17,14,37,0,1998,0.8,
16,22,0,1,2040,0.48,
16,11,0,1,2035,0.8,
16,8,44,0,2004,1.92,
16,3,0,1,2038,1.12,
16,14,11,0,2023,2.08,
16,10,0,0,2033,2.08,
16,9,0,0,2021,2.56,
17,6,0,1,2028,0.96,
16,14,19,0,2031,0.48,
16,0,1,1,2019,1.44,
16,20,0,1,2020,1.28,
16,2,25,0,2037,0.96,
16,16,2,0,2015,0.8,
16,27,11,0,2024,1.92,
16,25,0,0,2048,1.76,
17,11,25,0,2039,0.96,
16,34,16,0,2014,0.32,
16,2,0,0,2048,1.6,
16,31,32,0,2046,0.48,
16,27,0,0,2048,0.64,
16,17,24,0,2014,0.64,
16,24,26,0,2028,1.28,
16,22,28,0,2040,1.6,
17,20,15,0,2011,2.24,
16,26,33,0,2033,1.6,
16,19,0,0,2048,1.6,
16,20,28,0,2010,0.96,
16,23,40,0,2040,0.48,
16,10,0,0,2048,1.6,
16,13,3,0,2015,0.64,
17,3,0,0,2048,1.28,
16,18,0,1,2036,1.44,
16,7,0,0,2048,2.08,
16,9,11,0,2023,0.8,
16,16,45,0,2027,1.12,
16,0,47,0,2029,1.12,
16,23,0,0,2048,1.6,
16,0,19,0,2031,1.6,
17,15,0,0,2018,0.48,
16,0,0,0,2048,0.48,
16,23,0,0,2048,1.12,
16,18,25,0,2037,1.28,
16,1,2,1,2016,1.12,
16,40,10,0,2022,1.12,
16,22,0,0,2048,1.12,
16,19,16,0,2010,1.6,
17,24,10,2,2030,1.44,
16,22,0,0,2048,1.12,
16,8,29,0,2044,1.28,
16,32,6,1,2009,0.96,
16,23,0,0,2048,1.76,
16,23,10,0,2036,1.92,
16,22,17,0,2011,0.8,
16,22,0,0,2048,1.6,
17,20,35,0,2022,1.6,
16,8,36,0,2042,0.96,
16,31,0,0,2048,1.92,
16,2,12,0,2043,1.76,
16,22,0,0,2048,1.28,
16,7,0,0,2048,1.44,
16,9,38,0,2024,1.6,
17,0,0,1,2035,1.6,
16,6,0,0,2034,1.28,
16,15,0,1,2032,1.44,
16,1,0,1,2030,0.64,
16,19,0,0,2048,1.28,
16,0,0,0,2048,0.96,
16,17,0,0,2026,0.96,
16,0,1,0,2023,0.96,
17,20,8,0,2023,0.48,
16,3,11,0,2025,1.12,
16,29,0,1,2020,1.12,
16,9,38,0,2021,1.12,
16,28,10,0,2010,0.48,
16,4,0,0,2048,1.28,
16,44,16,0,2002,1.12,
16,24,20,0,2012,1.92,
17,24,0,0,2048,1.92,
16,6,25,0,2031,1.12,
16,39,28,0,2028,0.48,
16,1,0,0,2048,0.96,
16,43,31,0,2038,1.12,
16,20,34,0,2034,0.8,
16,19,0,0,2048,0.8,
16,13,27,0,2043,1.44,
17,7,0,0,2048,0.48,
16,32,22,0,2040,0.96,
16,12,9,0,2040,0.64,
16,8,28,0,2036,0.96,
16,10,0,0,2048,0.64,
16,13,12,0,2034,1.6,
16,10,0,1,2032,1.12,
17,1,17,0,2025,0.48,
16,15,9,0,2021,1.28,
16,15,24,0,2030,0.64,
16,10,13,0,2025,0.96,
16,15,0,0,2048,1.92,
16,0,27,0,2035,0.64,
16,31,4,0,2014,1.76,
16,22,8,0,2016,1.28,
17,22,33,0,2042,0.8,
16,2,0,0,2048,1.12,
16,20,18,0,2018,1.12,
16,39,2,1,2039,0.8,
16,10,22,0,2033,1.44,
16,30,33,0,2046,1.28,
16,2,26,0,2026,1.12,
16,37,4,0,2014,0.8,
17,6,29,0,2029,0.96,
16,37,31,0,2032,1.6,
16,21,36,0,2032,1.6,
16,1,0,0,2048,0.8,
16,44,37,0,2037,0.8,
16,0,40,0,2038,1.28,
16,30,0,0,2048,1.44,
16,3,12,0,2040,1.12,
17,19,26,0,2030,0.8,
16,0,0,1,2034,0.48,
16,22,0,1,2031,0.96,
16,5,0,0,2048,0.8,
16,11,0,0,2048,0.64,
16,16,36,0,2040,1.6,
16,2,0,0,2048,0.48,
17,13,0,1,2018,1.12,
16,5,2,0,2016,0.8,
16,26,4,0,2019,0.8,
16,17,7,0,2021,0.8,
16,3,0,2,2021,0.64,
16,29,11,0,2025,1.28,
16,18,13,0,2027,0.48,
16,0,46,0,2032,0.64,
17,39,17,0,2031,1.28,
16,21,19,0,2033,1.12,
16,10,0,0,2048,0.8,
16,33,23,0,2037,0.96,
16,3,25,0,2039,0.96,
16,45,0,0,2048,1.12,
16,24,29,0,2043,1.44,
16,26,32,0,2044,0.96,
17,22,0,0,2048,1.76,
16,17,37,0,2015,1.76,
16,12,38,0,2002,1.28,
16,0,1,0,2039,1.28,
16,22,43,0,2029,1.28,
16,5,45,0,2023,0.64,
16,11,47,0,2025,0.8,
16,10,31,0,2033,0.64,
17,10,48,0,2029,1.12,
16,1,0,0,2026,0.96,
16,14,3,0,2017,1.12,
16,0,7,0,2021,1.12,
16,17,7,0,2021,0.64,
16,5,45,0,2022,0.64,
16,5,35,0,2022,0.64,
17,22,21,0,2022,1.28,
16,19,15,0,2029,1.76,
16,1,0,0,2048,0.64,
16,46,21,0,2036,0.96,
16,26,21,0,2035,1.28,
16,22,0,0,2048,1.28,
16,22,28,0,2042,1.44,
16,23,27,0,2041,0.64,
17,22,0,0,2048,0.8,
16,22,27,0,2021,0.32,
16,21,30,0,2018,0.96,
16,0,31,0,2025,0.64,
16,41,34,0,2022,0.8,
16,19,0,0,2048,1.12,
16,8,37,0,2031,2.24,
16,29,41,0,2029,1.6,
17,5,39,0,2007,0.64,
16,21,26,0,2039,1.12,
16,2,19,0,2011,0.64,
16,15,23,0,2015,0.16,
16,0,0,0,2048,0.64,
16,16,28,0,2020,0.48,
16,0,1,0,2028,0.32,
16,19,53,0,2021,0.48,
17,10,0,1,2020,1.28,
16,0,0,0,2024,0.32,
16,14,2,0,2016,0.64,
16,16,0,1,2018,0.32,
16,16,0,0,2048,0.8,
16,24,0,0,2048,0.8,
16,1,10,0,2014,1.44,
17,42,14,0,2022,0.96,
16,21,15,0,2011,1.44,
16,23,17,0,2029,0.16,
16,14,20,0,2028,1.6,
16,23,22,0,2018,1.6,
16,6,24,0,2036,1.12,
16,41,26,0,2034,0.32,
16,20,28,0,2024,0.64,
17,4,30,0,2034,1.12,
16,40,0,0,2048,0.96,
16,18,19,1,2000,0.96,
16,14,36,0,2040,1.12,
16,31,0,0,2048,0.8,
16,5,29,0,1997,0.64,
16,19,0,1,2040,1.12,
16,4,0,0,2039,1.6,
17,5,1,0,2036,0.64,
16,19,0,1,2035,1.28,
16,0,43,0,2036,0.96,
16,19,0,0,2048,1.28,
16,1,0,0,2048,1.12,
16,12,12,0,2026,1.6,
16,8,0,1,2020,0.8,
16,15,0,0,2048,0.8,
17,5,0,1,2018,0.96,
16,14,0,1,2015,0.8,
16,9,5,0,2019,0.96,
16,28,7,0,2021,1.12,
16,21,0,0,2048,1.28,
16,22,12,0,2020,0.96,
16,22,14,0,2026,0.96,
17,20,16,0,2023,0.96,
16,24,13,2,2040,1.12,
16,22,30,0,2044,0.48,
16,22,24,0,2028,0.32,
16,21,21,0,2001,1.28,
16,9,13,0,2029,1.76,
16,36,30,0,2034,1.76,
16,23,25,0,1999,0.96,
17,21,0,0,2048,1.6,
16,2,36,0,2017,1.12,
16,36,14,1,2040,0.48,
16,10,0,0,2048,0.48,
16,13,0,0,2048,1.12,
16,2,0,1,2038,1.12,
16,15,0,0,2048,1.12,
16,10,1,0,2027,0.32,
17,3,0,1,2019,0.96,
16,5,0,0,2048,0.8,
16,9,0,1,2027,0.64,
16,5,0,1,2017,0.48,
16,18,0,0,2048,0.64,
16,3,0,0,2048,0.96,
16,18,0,0,2048,1.12,
16,0,0,0,2048,0.8,
17,29,3,0,2013,1.12,
16,20,14,0,2028,1.44,
16,8,0,0,2048,1.28,
16,32,12,0,2018,1.76,
16,20,20,0,2034,1.92,
16,21,0,0,2048,1.12,
16,23,19,0,2023,0.96,
17,24,21,0,2025,0.96,
16,25,0,0,2048,1.6,
16,2,27,0,2028,2.08,
16,49,32,0,2027,1.44,
16,19,0,0,2048,0.64,
16,1,35,0,2033,1.44,
16,38,39,0,2033,0.8,
16,18,39,0,2037,0.96,
17,15,6,0,2012,1.12,
16,0,0,0,2048,1.76,
16,25,12,0,2014,0.64,
16,9,0,0,2048,1.28,
16,3,0,0,2048,0.8,
16,17,18,0,2020,0.8,
16,4,0,0,2048,1.6,
16,5,22,0,2024,1.92,
17,13,0,1,2024,0.48,
16,9,25,0,2021,0.64,
16,2,27,0,2023,0.64,
16,9,30,0,2033,0.48,
16,17,33,0,2031,1.28,
16,19,0,0,2048,1.12,
16,24,8,0,2018,0.96,
16,0,12,0,2020,1.76,
17,46,0,0,2048,1.28,
16,21,41,0,2037,0.8,
16,18,20,0,2022,1.6,
16,17,22,0,2026,0.8,
16,7,24,0,2026,2.08,
16,32,26,0,2031,1.44,
16,2,0,0,2048,1.12,
17,46,15,0,2005,3.2,
16,25,24,0,2008,1.28,
16,24,0,0,2048,2.24,
16,23,34,0,1998,1.28,
16,25,37,0,2007,1.76,
16,14,0,0,2048,1.44,
16,8,40,0,2004,0.48,
16,4,44,0,2014,0.64,
17,10,46,0,2016,0.96,
16,6,48,0,2018,0.8,
16,9,50,0,2020,0.64,
16,9,52,0,2022,1.12,
16,7,54,0,2024,0.64,
16,11,1,0,2027,1.12,
16,6,51,0,2024,0.96,
16,12,41,0,2024,0.8,
17,9,31,0,2024,0.64,
16,13,10,0,2024,0.8,
16,16,3,0,2013,0.64,
16,22,0,0,2048,1.44,
16,23,10,0,2007,1.12,
16,24,14,0,2014,1.6,
16,25,0,0,2048,1.28,
16,26,22,0,2008,1.44,
17,23,25,0,2019,1.12,
16,23,15,2,2020,2.24,
16,24,29,0,2027,1.28,
16,23,32,0,2026,0.96,
16,4,34,0,1984,1.76,
16,40,36,0,2032,0.96,
16,13,38,0,2032,1.44,
17,27,41,0,2039,0.96,
16,5,42,0,2028,1.44,
16,21,0,0,2048,1.12,
16,5,3,1,2031,1.28,
16,12,0,0,2048,1.6,
16,8,1,0,2034,0.64,
16,9,0,0,2031,0.8,
16,8,1,0,2028,0.64,
17,1,56,0,2007,0.48,
16,13,1,0,2016,0.48,
16,10,11,0,2025,0.8,
16,10,13,0,2027,0.48,
16,14,64,0,2015,0.8,
16,0,54,0,2015,1.28,
16,34,5,0,2015,1.28,
16,22,35,0,2015,1.76,
17,23,14,0,2012,1.92,
16,23,0,0,2048,0.48,
16,24,23,0,2029,0.8,
16,1,24,0,2014,0.48,
16,40,0,0,2048,0.8,
16,21,30,0,2034,1.28,
16,19,30,0,2020,0.64,
16,22,0,0,2048,0.96,
17,21,6,0,2023,1.92,
16,23,10,0,2016,1.12,
16,20,0,0,2048,1.28,
16,12,19,0,2003,1.6,
16,32,21,0,2017,1.92,
16,0,0,0,2048,1.76,
16,22,25,0,2009,0.48,
17,12,14,0,2035,1.12,
16,6,1,0,2024,0.8,
16,13,17,0,2011,0.8,
16,11,0,1,2018,0.48,
16,7,0,0,2048,0.32,
16,11,2,0,2017,0.8,
16,17,0,1,2037,0.96,
16,13,0,0,2048,0.64,
17,4,9,0,2023,0.96,
16,28,5,0,2019,1.76,
16,18,0,0,2048,1.28,
16,0,0,0,2048,0.96,
16,38,0,0,2048,1.12,
16,1,13,0,2023,1.92,
16,41,15,0,2025,0.8,
16,21,0,0,2048,1.28,
17,21,25,0,2039,2.56,
16,21,22,0,2034,1.28,
16,15,24,0,2024,2.24,
16,9,26,0,2027,1.12,
16,40,26,0,2047,0.96,
16,21,31,0,2043,0.64,
16,22,33,0,2033,1.6,
16,20,16,1,2011,1.76,
17,19,0,0,2048,0.8,
16,6,24,0,2016,0.8,
16,14,12,0,2010,1.44,
16,13,0,1,2037,0.8,
16,6,0,0,2048,1.6,
16,20,47,0,2027,1.28,
16,7,0,1,2032,0.8,
17,10,44,0,2030,0.8,
16,0,0,0,2025,1.28,
16,22,0,1,2022,0.48,
16,2,0,1,2021,0.96,
16,11,0,1,2016,0.48,
16,17,0,0,2048,1.28,
16,9,4,0,2018,0.8,
16,21,4,0,2018,0.48,
17,1,0,0,2048,1.12,
16,39,23,0,2033,1.28,
16,20,11,0,2021,0.96,
16,25,0,0,2048,0.64,
16,20,14,0,2021,2.08,
16,24,19,0,2025,0.96,
16,8,0,0,2048,2.08,
16,38,24,0,2024,2.08,
17,20,27,0,2033,0.32,
16,21,0,0,2048,0.96,
16,20,30,0,2042,1.92,
16,20,33,0,2039,0.8,
16,24,0,0,2048,0.96,
16,17,12,0,2043,1.28,
16,8,12,0,2043,1.44,
16,23,41,0,2013,0.16,
17,1,0,0,2048,1.28,
16,19,0,0,2048,0.16,
16,6,0,1,2031,0.8,
16,4,49,0,2021,1.12,
16,10,0,0,2048,0.64,
16,3,53,0,2025,0.64,
16,10,34,0,2024,0.48,
17,12,6,0,2020,1.44,
16,8,0,1,2015,0.8,
16,6,0,1,2023,0.96,
16,19,0,1,2020,0,
16,0,0,0,2048,0.96,
16,30,4,0,2018,1.6,
16,19,0,0,2048,0.64,
16,6,21,0,2035,0.64,
17,35,15,0,2029,1.28,
16,12,1,2,2016,0.96,
16,29,18,0,2032,1.6,
16,13,21,0,2019,0.32,
16,37,24,0,2002,1.92,
16,22,27,0,2035,1.12,
16,11,30,0,2022,1.12,
16,34,32,0,2006,0.96,
17,21,33,0,2029,0.48,
16,19,6,1,2013,0.48,
16,18,0,0,2048,1.44,
16,21,40,0,2036,1.76,
16,11,12,0,2014,0.8,
16,17,32,0,2038,0.32,
16,4,0,0,2048,0.64,
16,15,0,0,2048,0.64,
17,3,0,1,2033,0.96,
16,23,0,1,2031,0.48,
16,7,0,0,2048,1.12,
16,2,0,0,2048,1.76,
16,17,0,1,2024,0.64,
16,2,30,0,2032,0.96,
16,21,32,0,2034,0.96,
17,14,0,1,2020,0.48,
16,19,0,0,2048,0.64,
16,2,12,0,2026,0.8,
16,44,12,0,2024,0.64,
16,2,0,0,2048,1.28,
16,38,18,0,2032,1.6,
16,1,20,0,2020,2.56,
16,39,3,0,2013,0.64,
17,20,0,0,2048,1.6,
16,21,26,0,2041,0.96,
16,20,28,0,2036,1.6,
16,20,29,0,2035,1.28,
16,24,33,0,2027,1.12,
16,3,14,0,2004,0.8,
16,42,36,0,2042,1.28,
16,18,40,0,2034,1.28,
17,13,34,0,2040,0.8,
16,9,27,0,2029,0.96,
16,7,0,0,2048,1.12,
16,20,5,0,2037,0.8,
16,13,3,0,2017,1.12,
16,1,0,0,2032,0.32,
16,24,0,0,2030,0.64,
16,10,36,0,2028,0.48,
17,12,0,0,2048,0.32,
16,11,1,0,2021,0.48,
16,0,25,0,2028,0.64,
16,26,43,0,2033,0.96,
16,1,30,0,2032,1.44,
16,35,22,0,2036,0.96,
16,2,24,0,2038,1.28,
17,34,10,0,2022,1.28,
16,20,0,0,2048,1.28,
16,20,5,0,2013,0.96,
16,22,0,0,2048,0.64,
16,15,16,0,2020,0.64,
16,8,18,0,2012,1.12,
16,40,0,0,2048,1.44,
16,21,22,0,2026,1.28,
17,23,26,0,2038,0.8,
16,23,26,0,2016,1.12,
16,22,11,2,2019,0.48,
16,18,0,0,2048,0.96,
16,16,1,1,2037,0.64,
16,1,0,0,2048,1.12,
16,26,0,0,2048,0.96,
16,1,31,0,2043,0.48,
17,23,40,0,2034,1.12,
16,4,42,0,2037,1.12,
16,14,43,0,2035,0.32,
16,9,40,0,2020,0.96,
16,7,14,0,2035,0.64,
16,3,0,1,2034,0.32,
16,15,0,1,2032,1.12,
16,6,1,0,2026,0.48,
17,12,34,0,2032,0.48,
16,2,0,0,2033,1.6,
16,20,0,1,2021,1.12,
16,9,40,0,2038,1.76,
16,8,35,0,2039,1.44,
16,31,0,0,2048,1.44,
16,11,7,0,2021,1.44,
17,35,16,0,2030,2.08,
16,21,11,0,2021,2.08,
16,25,15,0,2003,1.6,
16,4,23,0,2037,0.8,
16,40,22,0,2024,1.92,
16,23,25,0,2007,1.92,
16,22,29,0,2043,0.96,
16,22,29,0,2029,1.28,
17,22,31,0,2035,1.6,
16,21,0,0,2048,1.6,
16,6,33,0,1995,1.92,
16,26,37,0,2041,1.28,
16,9,23,0,2042,1.28,
16,20,42,0,2034,0.96,
16,6,43,0,2036,0.96,
16,9,0,1,2039,1.12,
17,7,0,1,2036,1.12,
16,14,0,0,2048,0.8,
16,1,1,0,2032,0.96,
16,8,0,1,2025,0.8,
16,19,1,0,2027,1.12,
16,10,0,0,2024,0.32,
16,10,0,0,2026,0.96,
16,0,0,0,2024,0.8,
17,20,0,0,2048,1.12,
16,10,2,0,2016,0.32,
16,28,7,0,2021,0.64,
16,22,0,0,2048,0.8,
16,22,12,0,2018,2.08,
16,22,16,0,2016,1.44,
16,22,0,0,2048,2.08,
17,21,20,0,2030,2.08,
16,14,23,0,2023,1.12,
16,7,0,0,2048,1.12,
16,40,26,0,2036,0.96,
16,19,29,0,2029,1.12,
16,19,10,0,2012,1.28,
16,22,32,0,2034,1.76,
16,18,35,0,2033,0.96,
17,28,0,0,2048,1.92,
16,22,35,0,2031,0.8,
16,2,7,1,2033,1.92,
16,15,0,0,2048,2.88,
16,15,6,0,2039,1.76,
16,12,1,0,2015,1.12,
16,7,0,0,2033,1.44,
16,9,0,1,2024,1.44,
17,17,0,1,2035,0.64,
16,7,0,0,2048,1.44,
16,3,0,0,2048,1.44,
16,23,0,1,2029,0.16,
16,0,0,0,2048,0.16,
16,10,17,0,2031,1.12,
16,26,0,0,2048,1.28,
16,15,0,0,2048,1.12,
17,21,8,0,2023,1.28,
16,18,0,0,2048,0.96,
16,10,28,0,2042,2.56,
16,33,14,0,2029,1.76,
16,23,0,0,2048,1.44,
16,24,21,0,2047,0.64,
16,23,21,0,2035,1.76,
17,3,22,0,2034,1.44,
16,40,26,0,2038,1.6,
16,20,27,0,2021,0.64,
16,17,29,0,2039,1.76,
16,22,32,0,2044,1.12,
16,22,33,0,2027,2.08,
16,19,32,0,2045,1.76,
16,13,3,0,2038,1.28,
17,6,23,0,2016,0.64,
16,21,26,0,2018,0.64,
16,11,28,0,2020,0.96,
16,12,0,0,2048,0.48,
16,0,0,1,2016,0.64,
16,17,0,0,2048,0.96,
16,4,4,0,2018,0.48,
16,7,33,0,2027,0.64,
17,18,0,0,2048,0.48,
16,8,37,0,2031,0.96,
16,5,12,0,2027,0.96,
16,16,1,0,2021,0.96,
16,19,0,1,2016,0.96,
16,2,7,0,2022,0.8,
16,37,17,0,2031,1.12,
16,20,9,0,2017,0.48,
17,20,12,0,2024,0.8,
16,21,6,0,2010,1.12,
16,14,0,0,2048,1.28,
16,31,19,0,2031,1.76,
16,14,20,0,2008,1.76,
16,31,0,0,2048,1.44,
16,0,26,0,2036,1.12,
17,42,27,0,2041,0.48,
16,21,0,0,2048,1.6,
16,22,31,0,2007,0.8,
16,0,27,0,2047,0.8,
16,40,0,0,2048,1.76,
16,15,37,0,2013,1.76,
16,4,0,0,2048,1.12,
16,16,1,0,2026,1.12,
17,4,0,0,2048,0.8,
16,10,46,0,2032,1.28,
16,10,0,0,2048,0.96,
16,3,3,0,2017,0.32,
16,15,0,1,2016,0.64,
16,1,42,0,2028,1.44,
16,10,9,0,2023,0.64,
16,10,1,0,2025,0.64,
17,9,44,0,2031,0.96,
16,5,1,0,2016,0.32,
16,21,0,0,2048,0.8,
16,1,7,0,2021,0.8,
16,18,21,0,2035,1.44,
16,35,15,0,2035,0.48,
16,2,10,0,2025,1.76,
16,42,27,0,2042,1.44,
17,12,15,0,2020,0.64,
16,34,0,0,2048,1.6,
16,23,23,0,2033,0.96,
16,24,25,0,2023,1.12,
16,22,0,0,2048,1.28,
16,2,30,0,2038,0.48,
16,41,31,0,2029,0.8,
17,22,0,0,2048,1.12,
16,0,34,0,2033,1.92,
16,41,17,0,2000,2.72,
16,17,0,0,2048,0.8,
16,13,40,0,2039,1.92,
16,3,1,0,2033,0.8,
16,15,46,0,2032,1.12,
16,0,29,0,2009,1.12,
17,17,0,0,2048,0.32,
16,1,14,0,2033,0.64,
16,9,1,0,2021,0.64,
16,6,0,0,2048,0.8,
16,3,0,0,2018,0.32,
16,15,48,0,2024,0.96,
16,10,0,1,2021,0.48,
16,4,4,0,2019,1.12,
17,21,0,0,2048,0.96,
16,10,30,0,2028,0.64,
16,28,8,0,2012,0.64,
16,20,13,0,2027,0.32,
16,20,10,0,2006,0.8,
16,24,15,0,2018,0.8,
16,21,19,0,2033,1.28,
16,23,20,0,2008,1.28,
17,21,23,0,2025,1.44,
16,22,0,0,2048,0.8,
16,23,26,0,1991,0.96,
16,24,31,0,2029,0.64,
16,22,0,0,2048,0.64,
16,23,34,0,1992,0.64,
16,2,37,0,2035,1.28,
17,37,0,0,2048,1.6,
16,3,36,0,2040,0.64,
16,21,42,0,2018,1.44,
16,7,0,0,2048,0.64,
16,16,48,0,2030,1.28,
16,0,0,1,2035,0.8,
16,13,15,0,2015,0.48,
16,4,17,0,2017,0.8,
17,13,55,0,2013,1.28,
16,4,0,0,2048,0.64,
16,13,0,0,2026,1.28,
16,3,0,0,2024,1.28,
16,7,1,0,2020,0.64,
16,17,1,0,2017,0.96,
16,3,4,0,2014,0.8,
16,37,33,0,2033,1.76,
17,22,10,0,2008,1.6,
16,22,15,0,2015,1.44,
16,8,0,0,2048,1.12,
16,36,20,0,2010,0.96,
16,3,22,0,2020,1.28,
16,39,0,0,2048,0.96,
16,21,26,0,2016,0.8,
16,2,29,0,2027,1.28,
17,45,0,0,2048,0.96,
16,21,31,0,2037,2.88,
16,2,34,0,2028,1.76,
16,43,0,0,2048,2.08,
16,19,31,0,2043,1.6,
16,3,40,0,2034,1.12,
16,30,0,0,2048,1.92,
17,0,27,0,2038,0.64,
16,10,0,0,2048,0.8,
16,10,0,0,2048,1.12,
16,5,5,0,2021,1.44,
16,18,0,0,2048,0.96,
16,6,1,0,2017,0.8,
16,13,0,0,2024,0.96,
16,13,13,0,2029,1.6,
17,1,0,1,2021,1.12,
16,16,0,0,2048,0.96,
16,3,19,0,2035,1.6,
16,13,6,0,2014,0.64,
16,38,0,0,2048,0.8,
16,23,25,0,2042,1.6,
16,0,14,0,2018,1.6,
16,44,0,0,2048,1.12,
17,22,21,0,2025,0.96,
16,20,24,0,2010,1.12,
16,4,25,0,2025,1.12,
16,38,27,0,2031,1.12,
16,21,30,0,2016,1.12,
16,20,31,0,2031,0.96,
16,21,33,0,2037,1.6,
16,22,37,0,2023,0.64,
17,0,38,0,2034,2.08,
16,45,36,0,2041,1.76,
16,15,0,0,2048,2.24,
16,12,28,0,2038,1.44,
16,10,2,0,2029,0.96,
16,10,28,0,2020,0.64,
16,5,0,1,2033,0.96,
17,10,0,0,2021,0.64,
16,9,0,1,2025,0.8,
16,10,0,0,2048,1.76,
16,8,6,0,2020,1.28,
16,13,0,0,2048,1.76,
16,12,6,0,2020,0.96,
16,14,3,0,2017,0.8,
16,17,0,0,2048,0.96,
17,18,8,0,2022,1.6,
16,19,19,0,2033,0.64,
16,22,12,0,2018,1.6,
16,21,14,0,2028,1.6,
16,0,25,0,2039,1.92,
16,45,19,0,2023,0.96,
16,22,21,0,2035,1.92,
16,23,31,0,2045,1.6,
17,21,0,0,2048,2.08,
16,24,28,0,2032,2.08,
16,23,32,0,2047,1.92,
16,19,0,0,2048,1.12,
16,22,34,0,2038,1.44,
16,18,12,0,2019,2.08,
16,6,0,0,2048,1.12,
16,22,18,0,2042,0.64,
17,6,0,0,2048,1.12,
16,16,0,1,2027,0.48,
16,5,12,0,2016,1.12,
16,12,0,0,2048,1.28,
16,8,0,0,2020,1.12,
16,7,1,0,2017,0.8,
16,11,0,1,2030,1.12,
17,7,4,0,2018,0.64,
16,6,1,0,2019,1.12,
16,19,8,0,2022,1.6,
16,5,10,0,2024,0.64,
16,22,0,0,2048,0.96,
16,21,14,0,2028,1.28,
16,22,0,0,2048,0.64,
16,23,14,0,2016,1.12,
17,21,16,0,2022,2.24,
16,2,28,0,2042,0.64,
16,40,5,0,2011,1.12,
16,23,24,0,2028,1.92,
16,21,10,2,2045,1.28,
16,1,15,0,2013,0.96,
16,43,30,0,2034,0.64,
16,21,16,0,2006,0.48,
17,20,24,0,2008,1.12,
16,22,0,0,2048,0.64,
16,22,38,0,2034,0.96,
16,0,30,0,2014,0.96,
16,32,0,0,2048,1.44,
16,9,28,0,2038,2.08,
16,8,27,0,2013,0.8,
16,9,1,0,2018,1.76,
17,3,31,0,2018,1.12,
16,23,0,0,2048,0.8,
16,12,5,0,2019,1.12,
16,1,0,0,2048,1.12,
16,20,9,0,2023,1.12,
16,0,0,0,2048,1.12,
16,20,13,0,2027,0.8,
17,14,0,0,2048,0.32,
16,16,5,0,2019,0.32,
16,18,41,0,2033,1.44,
16,22,0,0,2048,1.12,
16,17,11,0,2025,0.64,
16,25,24,0,2036,1.12,
16,5,0,0,2048,1.44,
16,38,17,0,2032,1.28,
17,20,31,0,2046,1.44,
16,20,22,0,2008,1.28,
16,21,24,0,2024,1.28,
16,22,8,2,2027,1.76,
16,23,28,0,2014,1.12,
16,0,30,0,2031,0.96,
16,43,12,0,2006,1.12,
16,0,34,0,2020,1.12,
17,38,36,0,2035,1.28,
16,7,0,0,2048,0.32,
16,20,31,0,2025,0.48,
16,10,0,0,2048,0.8,
16,0,35,0,2029,0.8,
16,18,0,0,2048,1.92,
16,15,1,0,2019,1.12,
16,0,0,0,2030,1.44,
17,15,3,0,2015,0.96,
16,8,5,0,2017,1.12,
16,18,0,0,2048,0.96,
16,7,0,1,2020,1.12,
16,7,0,0,2048,1.28,
16,19,0,0,2048,0.8,
16,19,1,1,2028,0.64,
17,20,6,0,2018,1.44,
16,1,20,0,2032,1.44,
16,38,7,0,2013,0.96,
16,19,0,0,2048,1.44,
16,19,26,0,2038,0.8,
16,14,17,0,2017,0.64,
16,36,0,0,2048,1.28,
16,19,32,0,2044,0.96,
17,27,24,0,2024,0.8,
16,14,0,0,2048,0.64,
16,27,12,0,2007,1.44,
16,0,30,0,2030,1.76,
16,43,0,0,2048,0.64,
16,19,21,0,2005,0.96,
16,1,36,0,2036,0.48,
16,28,16,0,2009,1.44,
17,12,0,0,2048,0.48,
16,1,1,0,2038,1.12,
16,22,0,0,2048,0.8,
16,3,25,0,2017,0.8,
16,13,0,1,2035,1.44,
16,4,0,0,2048,0.96,
16,9,0,0,2048,1.12,
16,11,42,0,2026,1.6,
17,9,0,1,2018,1.28,
16,9,1,0,2019,0.64,
16,3,1,0,2021,0.96,
16,17,1,0,2016,0.32,
16,7,4,0,2018,0.32,
16,25,35,0,2036,0.96,
16,21,6,0,2018,0.96,
17,20,0,0,2048,1.76,
16,20,9,0,2011,1.12,
16,17,12,0,2022,0.8,
16,28,0,0,2048,0.32,
16,18,16,0,2016,0.8,
16,7,19,0,2027,1.12,
16,44,0,0,2048,0.48,
16,23,25,0,2020,1.76,
17,21,27,0,2033,1.6,
16,2,30,0,2042,1.12,
16,44,29,1,2045,1.44,
16,24,34,0,2038,1.12,
16,17,14,2,2040,1.76,
16,8,9,0,2020,1.92,
16,13,0,0,2048,1.28,
16,12,1,0,2027,0.64,
17,2,0,0,2041,1.12,
16,16,0,0,2048,1.76,
16,1,0,0,2019,1.92,
16,11,1,0,2034,0.32,
16,8,0,1,2031,1.76,
16,5,1,0,2031,0.32,
16,6,0,0,2048,1.28,
16,14,0,1,2024,0.96,
17,3,10,0,2024,1.12,
16,19,0,0,2048,0.64,
16,9,0,1,2018,0.96,
16,6,0,1,2015,1.92,
16,25,29,0,2042,1.44,
16,22,8,0,2020,0.96,
16,23,22,0,2036,1.12,
17,21,24,0,2038,0.64,
16,22,0,0,2048,1.44,
16,23,21,0,2035,1.12,
16,23,30,0,2044,0.96,
16,24,0,0,2048,1.44,
16,21,27,0,2041,0.96,
16,21,10,1,2031,1.12,
16,20,0,0,2048,2.08,
17,21,33,0,2032,0.64,
16,18,37,0,2031,0.96,
16,24,0,0,2048,0.96,
16,2,40,0,2038,0.96,
16,35,42,0,2037,1.92,
16,4,0,0,2048,1.12,
16,16,4,1,2036,1.76,
16,5,0,1,2019,1.6,
17,13,50,0,2016,1.28,
16,1,0,0,2048,0.96,
16,17,0,1,2030,0.96,
16,11,0,0,2048,1.28,
16,5,31,0,2029,1.44,
16,16,9,0,2023,1.28,
16,0,31,0,2023,1.12,
16,26,3,0,2015,0.64,
17,2,3,0,2018,1.28,
16,34,7,0,2011,1.44,
16,23,20,0,2034,0.96,
16,20,4,0,2034,1.6,
16,20,17,0,2013,1.6,
16,18,26,0,2040,0.64,
16,21,5,1,2011,0.32,
17,23,11,0,2011,1.12,
16,0,0,0,2048,1.6,
16,45,16,1,1999,1.6,
16,27,21,0,2013,0.64,
16,1,0,0,2048,0.64,
16,38,26,0,2002,1.28,
16,21,28,0,2018,1.28,
16,4,0,0,2048,2.08,
17,35,16,1,2037,0.96,
16,5,29,0,2041,0.8,
16,15,0,0,2048,1.12,
16,12,27,0,2009,0.64,
16,6,0,1,2037,1.12,
16,5,0,0,2026,0.32,
16,22,45,0,2021,0.64,
16,2,35,0,2017,1.44,
17,12,22,0,2035,0.96,
16,11,0,0,2048,1.28,
16,6,41,0,2023,1.12,
16,15,5,0,2019,1.6,
16,4,16,0,2028,1.28,
16,25,1,0,2023,0.32,
16,20,20,0,2032,0.96,
16,3,0,0,2048,0.64,
17,37,24,0,2037,1.28,
16,21,13,0,2023,1.6,
16,19,0,0,2048,0.96,
16,1,31,0,2043,1.12,
16,46,20,0,2028,0.96,
16,0,0,0,2048,2.08,
16,43,10,1,2034,1.44,
17,6,31,0,2045,0.96,
16,38,0,0,2048,0.96,
16,19,18,0,2047,1.28,
16,9,6,0,2033,1.12,
16,33,0,0,2048,1.28,
16,16,7,0,2018,0.64,
16,3,5,0,2011,0.64,
16,27,38,0,2024,1.92,
17,13,36,0,2039,1.6,
16,10,10,0,2017,1.28,
16,0,14,0,2020,0.96,
16,21,0,1,2036,0.96,
16,0,17,0,2023,1.12,
16,15,0,1,2032,0.96,
16,5,21,0,2027,1.12,
16,13,0,0,2048,0.48,
17,9,47,0,2025,0,
16,16,49,0,2027,0.8,
16,13,0,0,2048,0.96,
16,1,7,0,2021,1.6,
16,34,0,0,2048,0.48,
16,23,2,2,2024,2.4,
16,21,13,0,2027,0.8,
16,18,0,0,2048,1.12,
17,12,4,0,2033,1.12,
16,32,3,0,2020,1.12,
16,20,0,0,2048,1.44,
16,23,10,1,2007,1.12,
16,23,20,1,2003,0.96,
16,25,0,0,2048,0.96,
16,25,30,0,2000,0.64,
17,20,33,0,2031,1.28,
16,17,35,0,2035,1.44,
16,16,4,0,2025,0.8,
16,14,35,0,2041,1.28,
16,3,40,0,2010,0.64,
16,25,42,0,2013,0.32,
16,5,45,0,2030,0.32,
16,17,0,0,2048,0.8,
17,3,0,0,2048,1.44,
16,14,0,1,2031,1.12,
16,10,7,0,2032,1.44,
16,6,0,1,2025,1.44,
16,7,0,0,2024,0.64,
16,16,0,0,2048,0.48,
16,5,0,0,2048,0.48,
16,9,2,0,2016,0.64,
17,22,0,0,2048,1.44,
16,19,7,0,2021,0.8,
16,23,8,0,2018,1.76,
16,2,0,0,2048,1.28,
16,46,17,0,2025,1.76,
16,22,19,0,2019,0.32,
16,21,0,0,2048,0.96,
16,21,23,0,2031,0.96,
17,17,30,0,2042,1.92,
16,23,0,0,2048,1.6,
16,0,29,0,2035,1.44,
16,43,7,2,2042,0.64,
16,20,0,0,2048,1.12,
16,23,35,0,2041,1.28,
16,20,14,0,2006,1.92,
17,17,0,0,2048,1.12,
16,14,42,0,2034,0.64,
16,3,9,0,2040,0.8,
16,18,0,0,2048,1.12,
16,8,0,0,2048,1.28,
16,10,0,1,2031,0.96,
16,0,0,0,2029,0.64,
16,22,0,0,2026,0.96,
17,6,1,0,2023,0.64,
16,21,7,0,2022,0.48,
16,9,0,1,2021,0.8,
16,1,40,0,2022,0.48,
16,8,17,0,2032,0.32,
16,13,3,0,2015,1.44,
16,33,1,0,2029,1.12,
16,16,0,0,2048,0.48,
17,19,9,0,2021,1.6,
16,21,0,0,2048,0.32,
16,20,15,0,2025,1.12,
16,24,15,0,2027,0.96,
16,21,0,0,2048,2.56,
16,23,21,0,2031,1.76,
16,21,21,0,2033,1.12,
16,22,0,0,2048,0.48,
17,2,24,0,2026,1.12,
16,40,31,0,2043,0.8,
16,1,30,0,2042,0.8,
16,46,30,0,2032,1.6,
16,19,7,1,2037,0.96,
16,2,6,0,2046,1.44,
16,22,1,0,2028,0.8,
17,12,36,0,2000,0.48,
16,2,0,0,2048,1.6,
16,12,0,1,2020,0.48,
16,10,1,0,2035,0.64,
16,5,0,0,2048,1.12,
16,7,46,0,2018,1.12,
16,4,0,0,2029,1.44,
16,16,50,0,2022,1.28,
17,6,0,1,2024,0.64,
16,13,0,0,2048,1.6,
16,7,7,0,2021,1.12,
16,9,14,0,2030,0.64,
16,5,16,0,2032,0.8,
16,19,18,0,2034,0.8,
16,18,20,0,2036,1.28,
16,24,8,0,2020,1.28,
17,23,25,0,2039,1.44,
16,25,0,0,2048,1.28,
16,25,18,0,2013,1.44,
16,25,31,0,2045,0.96,
16,23,0,0,2048,0.64,
16,5,29,0,2015,1.76,
16,37,6,0,2032,0.64,
16,21,0,0,2048,1.6,
17,20,35,0,2031,1.12,
16,19,1,1,2038,2.08,
16,22,5,0,2026,1.28,
16,20,41,0,2037,1.92,
16,4,0,0,2048,1.44,
16,27,15,0,2005,0.8,
16,10,3,1,2032,1.76,
17,3,33,0,2033,0.96,
16,9,0,0,2048,1.28,
16,7,1,0,2020,1.44,
16,10,1,0,2017,1.12,
16,4,0,1,2015,0.48,
16,21,0,0,2048,0.8,
16,0,33,0,2033,1.6,
16,26,7,0,2021,0.96,
17,0,9,0,2023,1.28,
16,35,7,0,2019,0.48,
16,6,14,0,2028,0.8,
16,36,22,0,2040,0.8,
16,20,16,0,2022,1.44,
16,12,20,0,2034,1.44,
16,25,2,1,2020,0.96,
16,18,22,0,2028,1.44,
17,23,8,0,2014,1.44,
16,21,0,0,2048,1.92,
16,2,28,0,2026,1.92,
16,44,19,0,2016,2.88,
16,22,0,0,2048,2.08,
16,6,34,0,2032,2.24,
16,34,26,0,2022,1.28,
16,20,26,0,2014,1.92,
17,17,0,0,2048,1.6,
16,11,0,0,2048,0.8,
16,12,3,0,2035,0.64,
16,13,0,0,2048,0.96,
16,5,0,0,2048,0.64,
16,21,0,0,2048,2.24,
16,14,43,0,2035,0.96,
17,5,42,0,2031,0.96,
16,7,21,0,2027,1.76,
16,23,0,0,2048,0.8,
16,12,0,0,2048,0.8,
16,16,1,0,2027,1.44,
16,19,12,0,2024,0.8,
16,20,2,0,2014,2.08,
16,1,2,1,2015,2.08,
17,35,18,0,2031,1.44,
16,24,15,0,2029,1.44,
16,20,0,0,2048,1.44,
16,19,25,0,2037,2.24,
16,21,21,0,2035,0.96,
16,7,19,0,2019,0.96,
16,33,22,0,2027,1.6,
16,24,0,0,2048,1.44,
17,21,21,0,2046,1.28,
16,20,31,0,2045,0.96,
16,20,0,0,2048,2.24,
16,18,7,0,2019,1.12,
16,16,0,0,2048,2.24,
16,14,0,0,2048,0.96,
16,18,25,0,2025,0.64,
16,2,29,0,2041,0.64,
17,20,0,0,2048,1.28,
16,0,0,1,2038,1.12,
16,22,27,0,2023,1.28,
16,0,0,1,2034,0.96,
16,23,0,0,2048,1.12,
16,12,19,0,2033,0.64,
16,9,21,0,2035,0.8,
17,1,37,0,2033,1.12,
16,23,2,0,2016,1.12,
16,15,6,0,2020,0.48,
16,16,15,0,2029,0.96,
16,16,0,1,2022,0.96,
16,18,12,0,2026,1.6,
16,0,0,0,2048,1.28,
16,40,1,0,2038,1.44,
17,6,18,0,2032,1.6,
16,37,18,0,2032,1.12,
16,14,0,0,2048,0.96,
16,31,24,0,2038,2.4,
16,21,24,0,2038,1.44,
16,18,0,0,2048,1.28,
16,22,30,0,2045,1.44,
16,15,30,0,2044,1.12,
17,26,0,0,2048,2.56,
16,16,28,0,2016,1.6,
16,17,0,0,2048,0.96,
16,14,0,0,2048,1.76,
16,8,0,0,2036,0.96,
16,19,0,0,2048,0.96,
16,7,1,0,2037,0.96,
16,13,0,1,2027,0.64,
17,9,0,0,2042,1.76,
16,11,28,0,2023,1.12,
16,5,0,1,2037,0.8,
16,5,0,0,2048,1.12,
16,16,8,0,2022,1.28,
16,3,3,0,2018,1.28,
16,16,0,0,2048,0.96,
17,7,0,0,2048,1.28,
16,16,0,0,2048,1.12,
16,8,0,0,2017,0.96,
16,16,6,0,2020,0.96,
16,22,16,0,2030,0.96,
16,23,2,1,2022,1.44,
16,21,0,0,2048,0.64,
16,25,13,0,2017,2.4,
17,1,17,0,2031,1.6,
16,44,19,0,2021,1.28,
16,20,22,0,2024,1.76,
16,10,23,0,2037,0.8,
16,30,25,0,2027,1.12,
16,22,28,0,2030,1.28,
16,20,29,0,2043,1.6,
16,20,31,0,2033,1.76,
17,19,5,1,2018,1.76,
16,2,0,0,2048,0.64,
16,37,36,0,2039,0.96,
16,3,0,0,2048,1.44,
16,25,42,0,2030,2.08,
16,5,0,1,2040,1.12,
16,8,0,1,2037,0.96,
16,10,0,0,2048,0.48,
17,10,0,0,2048,0.96,
16,6,33,0,2029,1.28,
16,20,0,1,2022,1.12,
16,4,0,0,2048,1.6,
16,13,0,1,2021,0.96,
16,18,41,0,2037,0.96,
16,8,0,0,2048,0.64,
17,19,3,0,2017,0.48,
16,20,36,0,2042,1.12,
16,20,9,0,2023,1.6,
16,21,0,0,2048,1.28,
16,22,15,0,2046,0.96,
16,20,16,0,2030,1.44,
16,20,0,0,2048,1.6,
16,21,5,1,2017,1.6,
17,8,18,0,2047,2.08,
16,38,22,0,2036,0.48,
16,22,23,0,2038,1.44,
16,22,20,0,2005,0.8,
16,8,28,0,2042,1.12,
16,23,30,0,2044,1.92,
16,31,20,0,2003,0.96,
16,19,19,0,2047,1.44,
17,6,32,0,2024,1.12,
16,21,0,0,2048,0.16,
16,7,0,0,2048,0.64,
16,15,0,0,2048,0.64,
16,0,0,1,2018,0.96,
16,16,0,0,2048,0.96,
16,5,0,0,2037,0.8,
16,7,39,0,2021,0.8,
17,10,0,1,2032,1.12,
16,6,9,0,2023,0.48,
16,8,11,0,2025,0.32,
16,9,47,0,2029,0.32,
16,12,0,0,2028,1.28,
16,4,17,0,2031,1.28,
16,14,1,0,2022,1.12,
17,18,1,0,2019,1.44,
16,14,23,0,2037,1.44,
16,23,0,0,2048,3.04,
16,22,8,0,2016,0.64,
16,23,29,0,2043,0.96,
16,3,0,0,2048,0.96,
16,44,18,0,2018,1.44,
16,23,9,0,2037,1.92,
17,3,26,0,2040,1.92,
16,42,28,0,2043,1.92,
16,24,27,0,2021,1.28,
16,24,32,0,2046,1.28,
16,6,20,1,2036,2.08,
16,14,35,0,2025,1.28,
16,20,39,0,2035,2.08,
16,31,0,0,2048,1.44,
17,8,0,1,2025,1.12,
16,15,43,0,1999,0.96,
16,8,0,0,2048,0.64,
16,4,29,0,2035,0.8,
16,16,14,0,2035,0.8,
16,6,10,0,2022,1.44,
16,11,1,0,2031,0.96,
16,2,10,0,2024,1.76,
17,9,1,0,2025,0.8,
16,11,0,1,2023,0.8,
16,7,0,1,2018,0.8,
16,11,19,0,2033,0.48,
16,17,43,0,2018,1.28,
16,19,5,0,2015,1.12,
16,23,0,0,2048,2.08,
17,22,30,0,2042,2.4,
16,25,16,0,2020,1.28,
16,19,0,0,2048,0.64,
16,23,8,0,2040,1.28,
16,18,23,0,2025,1.12,
16,18,25,0,2027,1.44,
16,2,0,0,2048,1.6,
16,38,1,1,2027,1.44,
17,23,31,0,2029,0.48,
16,24,0,0,2048,1.28,
16,25,35,0,2037,0.8,
16,23,37,0,2035,1.6,
16,19,0,0,2048,1.44,
16,2,23,0,2041,0.16,
16,23,26,0,2039,0.64,
16,0,46,0,2032,0.64,
17,15,37,0,2009,1.6,
16,0,39,0,2011,0.8,
16,15,41,0,2013,1.12,
16,8,0,0,2029,1.6,
16,15,0,0,2027,1.28,
16,0,0,0,2048,1.28,
16,22,50,0,2028,0.64,
16,1,0,0,2048,1.44,
17,12,34,0,2029,1.12,
16,6,24,0,2029,0.8,
16,28,6,0,2016,1.12,
16,20,0,0,2048,2.08,
16,20,0,0,2048,0.48,
16,22,14,0,2026,1.6,
16,26,15,0,2023,0.8,
17,24,0,0,2048,0.8,
16,24,23,0,2009,1.76,
16,22,25,0,2037,1.76,
16,2,0,0,2048,1.28,
16,39,30,0,2016,0.16,
16,21,31,0,2043,0.16,
16,23,0,0,2048,1.12,
16,20,35,0,2022,0.96,
17,24,37,0,2037,0.48,
16,19,0,0,2048,1.44,
16,1,23,0,2040,0.32,
16,15,16,0,2040,1.6,
16,7,46,0,2032,1.12,
16,20,0,0,2048,1.44,
16,2,17,0,2034,1.12,
16,14,13,0,2033,1.44,
17,5,29,0,2029,0.8,
16,12,0,0,2029,0.8,
16,2,0,1,2020,1.12,
16,16,0,1,2018,0.96,
16,10,0,0,2048,0.64,
16,9,0,0,2019,1.6,
16,7,0,1,2015,1.6,
16,31,0,0,2048,0.8,
17,1,11,0,2017,0.8,
16,38,0,0,2048,1.92,
16,21,27,0,2041,0.8,
16,0,17,0,2027,0.96,
16,40,0,0,2048,1.12,
16,24,31,0,2047,0.8,
16,4,23,0,2033,0.8,
17,37,0,0,2048,0.96,
16,22,27,0,2029,0.8,
16,4,17,0,2005,1.44,
16,42,0,0,2048,1.44,
16,24,33,0,2035,1.44,
16,21,33,0,2001,1.92,
16,19,0,0,2048,0.48,
16,7,36,0,2041,1.12,
17,17,9,0,2042,1.12,
16,3,0,0,2040,0.64,
16,17,0,0,2048,1.28,
16,10,45,0,2005,0.8,
16,0,0,1,2034,0.8,
16,16,49,0,2009,1.44,
16,9,0,0,2048,1.28,
16,11,0,0,2024,1.28,
17,0,0,0,2048,1.28,
16,19,45,0,2024,0.96,
16,5,23,0,2033,0.96,
16,10,1,0,2015,0.48,
16,15,14,0,2028,1.12,
16,22,5,0,2019,1.28,
16,21,9,0,2009,1.28,
16,23,0,0,2048,1.76,
17,24,22,0,2036,0.96,
16,23,18,0,2024,1.28,
16,24,0,0,2048,1.28,
16,23,28,0,2042,0.64,
16,20,25,0,2029,2.08,
16,23,0,0,2048,1.12,
16,21,18,1,2045,0.8,
17,20,24,0,2002,0.64,
16,20,34,0,2036,0.96,
16,2,34,0,2036,1.76,
16,40,30,0,2008,0.64,
16,2,31,0,2041,1.12,
16,32,32,0,2041,1.12,
16,5,36,0,2014,1.6,
16,15,0,0,2048,1.28,
17,2,1,0,2027,0.32,
16,10,33,0,2033,1.12,
16,3,16,0,2033,0.8,
16,12,39,0,2009,1.44,
16,5,41,0,2011,0.96,
16,13,43,0,2013,0.32,
16,3,45,0,2015,0.8,
16,15,33,0,2029,1.6,
17,0,10,0,2029,1.12,
16,23,49,0,2029,0.8,
16,3,0,0,2048,1.6,
16,36,51,0,2025,0.96,
16,20,14,0,2026,2.08,
16,20,0,0,2048,1.44,
16,22,11,1,2020,1.12,
16,24,20,0,2032,1.6,
17,24,21,0,2035,1.28,
16,24,25,0,2023,0.96,
16,24,27,0,2017,1.6,
16,24,29,0,2040,1.12,
16,0,31,0,2029,0.96,
16,42,34,0,2024,1.12,
16,4,26,1,2042,1.6,
17,36,38,0,2016,1.12,
16,19,0,0,2048,1.12,
16,14,41,0,2037,1.12,
16,10,0,1,2021,1.28,
16,7,19,0,2038,0.48,
16,10,0,1,2037,0.48,
16,2,50,0,2022,1.12,
16,22,1,0,2031,1.12,
17,6,0,1,2028,1.12,
16,11,12,0,2024,0.8,
16,10,12,0,2026,1.28,
16,6,0,1,2021,0.48,
16,10,1,0,2025,0.16,
16,2,19,0,2033,0.32,
16,26,21,0,2035,1.12,
16,23,22,0,2037,0.96,
17,0,27,0,2039,1.44,
16,44,0,0,2048,1.76,
16,5,18,0,2012,1.12,
16,41,33,0,2045,1.6,
16,23,0,0,2048,1.6,
16,16,28,0,2014,1.44,
16,20,2,0,2034,1.44,
16,8,0,0,2048,0.64,
17,30,0,1,2027,1.12,
16,17,37,0,2025,1.12,
16,23,2,0,2014,1.28,
16,24,40,0,2036,0.8,
16,24,42,0,2032,0.96,
16,20,23,0,2005,0.96,
16,9,19,0,2031,1.28,
17,12,0,0,2048,0.8,
16,2,7,0,2034,0.8,
16,11,16,0,2033,0.48,
16,10,34,0,2019,0.32,
16,6,1,0,2029,1.12,
16,18,38,0,2016,1.12,
16,13,0,1,2024,1.12,
16,7,6,0,2020,2.24,
17,19,8,0,2022,0.96,
16,19,11,0,2025,1.6,
16,0,0,0,2048,1.6,
16,28,8,0,2022,1.28,
16,27,12,0,2016,0.64,
16,18,0,0,2048,0.8,
16,11,17,0,2025,0.16,
16,22,20,0,2020,0.32,
17,26,21,0,2023,1.12,
16,22,12,0,2012,0.8,
16,25,0,0,2048,0.96,
16,25,27,0,2029,0.64,
16,5,26,0,2010,0.96,
16,38,0,0,2048,0.48,
16,17,34,0,2042,1.6,
16,1,36,0,2038,1.28,
17,21,30,0,2043,0.8,
16,23,38,0,2016,1.28,
16,5,23,0,2040,0.48,
16,24,42,0,2020,0.96,
16,3,44,0,2020,1.12,
16,24,0,1,2033,1.28,
16,3,13,0,2020,1.6,
17,18,0,1,2027,1.28,
16,5,0,1,2024,0.8,
16,14,14,0,2032,0.8,
16,3,27,0,2031,1.76,
16,12,29,0,2033,0.96,
16,22,26,0,2032,0.96,
16,14,33,0,2037,1.6,
16,22,30,0,2036,1.12,
17,24,0,0,2048,0.48,
16,11,13,0,2027,1.12,
16,29,16,0,2012,0.8,
16,21,0,0,2048,0.96,
16,4,1,1,2022,0.64,
16,34,22,0,2031,0.8,
16,22,25,0,2020,1.92,
16,22,8,0,2014,1.44,
17,20,0,0,2048,2.24,
16,11,10,2,2039,1.28,
16,35,33,0,2041,1.6,
16,21,0,0,2048,0.8,
16,18,10,0,2010,0.64,
16,16,8,0,2044,0.8,
16,14,0,1,2038,1.6,
16,1,36,0,2037,2.24,
17,18,26,0,2037,1.28,
16,4,36,0,2016,1.92,
16,17,0,0,2048,0.96,
16,6,39,0,2031,0.64,
16,15,43,0,2023,0.96,
16,0,43,0,2036,0.96,
16,16,0,0,2048,1.6,
17,2,0,0,2048,1.28,
16,22,0,0,2048,1.28,
16,2,0,1,2032,1.6,
16,23,0,0,2048,0.96,
16,3,6,0,2020,1.44,
16,38,8,0,2022,1.76,
16,3,5,0,2013,1.44,
16,39,16,0,2030,0.64,
17,22,9,2,2021,2.24,
16,22,22,0,2034,1.28,
16,20,0,0,2048,1.28,
16,23,17,0,2003,1.28,
16,22,28,0,2040,1.76,
16,21,0,0,2048,2.24,
16,25,27,0,2005,1.44,
16,5,28,0,2046,1.44,
17,33,0,0,2048,1.44,
16,21,34,0,2045,1.28,
16,17,36,0,2028,1.6,
16,0,1,0,2043,0.96,
16,22,0,1,2017,1.76,
16,7,38,0,2038,1.12,
16,6,28,0,2038,1.28,
16,18,0,0,2048,1.28,
17,6,0,1,2035,0.32,
16,9,8,0,2022,0.8,
16,18,0,1,2029,1.28,
16,1,0,0,2048,0.32,
16,15,1,0,2027,0.8,
16,6,1,0,2021,1.76,
16,11,18,0,2033,0.8,
17,10,20,0,2035,1.6,
16,22,0,0,2048,0.32,
16,7,5,1,2012,1.28,
16,33,27,0,2041,1.6,
16,13,12,0,2022,1.6,
16,33,16,0,2020,1.92,
16,1,31,0,2047,0.96,
16,40,20,0,2026,1.44,
17,19,0,0,2048,0.8,
16,6,0,0,2048,2.24,
16,36,27,0,2025,2.08,
16,3,6,0,2012,2.08,
16,41,0,0,2048,1.76,
16,22,33,0,2031,0.96,
16,23,21,0,2009,1.28,
16,22,0,0,2048,0.64,
17,16,15,0,2004,1.28,
16,0,39,0,2039,1.44,
16,22,28,0,2039,0.64,
16,11,10,0,2039,0.64,
16,9,0,0,2037,0.64,
16,8,0,0,2028,0.64,
16,10,0,0,2048,0.64,
16,7,0,0,2048,0.96,
17,4,0,1,2028,1.28,
16,17,43,0,2027,1.12,
16,9,0,1,2022,1.6,
16,5,48,0,2032,1.12,
16,11,0,0,2048,1.12,
16,14,44,0,2024,0.8,
16,1,7,0,2021,0.48,
17,36,5,0,2019,1.44,
16,18,0,1,2015,1.6,
16,18,0,0,2048,0.8,
16,26,12,0,2024,1.28,
16,23,15,0,2011,2.08,
16,1,0,0,2048,0.48,
16,43,20,0,2028,0.96,
16,24,24,0,2016,0.64,
17,25,0,0,2048,1.28,
16,22,29,0,2000,0.8,
16,20,33,0,2033,1.6,
16,20,0,0,2048,0.64,
16,19,36,0,2006,0.64,
16,20,39,0,2039,0.48,
16,17,0,0,2048,1.28,
16,9,42,0,2012,1.44,
17,8,44,0,2030,1.44,
16,19,2,0,2016,2.24,
16,9,18,0,2016,0.96,
16,4,6,0,2021,0.48,
16,13,1,0,2015,0.8,
16,1,0,0,2033,1.44,
16,19,26,0,2024,1.28,
16,5,1,0,2028,0.48,
17,9,0,0,2048,0.16,
16,9,0,1,2023,0.16,
16,18,0,1,2019,1.76,
16,7,36,0,2034,1.6,
16,31,5,0,2013,1.76,
16,21,10,0,2022,1.12,
16,21,0,0,2048,1.92,
17,22,15,0,2024,1.6,
16,3,27,0,2039,1.28,
16,39,0,0,2048,0.96,
16,21,22,0,2030,1.12,
16,10,33,0,2045,1.44,
16,33,0,0,2048,0.8,
16,21,28,0,2036,1.6,
16,3,12,1,2021,1.28,
17,43,22,0,2014,0.96,
16,22,25,0,2005,1.44,
16,21,36,0,2036,0.8,
16,9,30,0,2018,0.8,
16,22,32,0,2010,0.8,
16,4,0,0,2048,1.6,
16,6,36,0,2025,0.96,
16,14,39,0,2027,0.32,
17,0,0,0,2035,0.32,
16,16,0,0,2033,0.96,
16,6,44,0,2008,0.64,
16,9,0,0,2048,1.92,
16,6,0,0,2048,1.44,
16,8,50,0,2014,0.96,
16,7,1,0,2020,1.12,
16,20,1,0,2015,0.48,
17,1,0,0,2048,0.32,
16,29,53,0,2022,1.28,
16,16,0,0,2048,1.28,
16,2,15,0,2027,0.8,
16,38,16,0,2022,1.92,
16,23,0,0,2048,1.28,
16,22,21,0,2033,1.28,
17,27,21,0,2023,1.92,
16,22,25,0,2013,1.76,
16,26,28,0,2012,1.44,
16,24,29,0,2027,1.12,
16,21,32,0,2018,1.76,
16,17,34,0,2018,2.24,
16,21,35,0,2033,1.28,
16,19,38,0,2024,0.96,
17,17,0,0,2048,0.8,
16,13,1,1,2022,0.8,
16,10,0,0,2048,0.32,
16,8,47,0,2021,0.96,
16,20,1,0,2033,1.12,
16,11,1,0,2020,1.76,
16,0,0,1,2027,0.64,
16,19,15,0,2027,1.12,
17,0,1,0,2016,0.48,
16,20,16,0,2028,0.96,
16,3,18,0,2030,1.6,
16,24,0,1,2021,1.6,
16,11,22,0,2034,1.44,
16,7,7,0,2021,1.12,
16,41,0,0,2048,1.12,
16,22,28,0,2040,1.28,
17,23,33,0,2045,1.6,
16,21,0,0,2048,1.92,
16,20,22,0,2036,0.64,
16,1,7,0,2026,0.64,
16,37,0,0,2048,1.12,
16,18,0,0,2048,1.28,
16,1,1,0,2030,0.8,
17,41,5,0,2017,1.76,
16,20,0,0,2048,1.28,
16,19,6,1,2035,1.28,
16,4,14,0,2020,1.6,
16,36,0,0,2048,1.12,
16,2,43,0,2035,0.48,
16,25,7,0,2013,0.8,
16,11,0,0,2048,0.48,
17,0,11,0,2017,1.28,
16,24,0,0,2048,0.96,
16,12,1,0,2015,1.44,
16,8,0,0,2048,0.64,
16,19,33,0,2031,1.92,
16,5,35,0,2033,1.6,
16,22,1,0,2015,1.28,
16,4,0,0,2048,1.44,
17,35,0,0,2048,1.44,
16,17,33,0,2042,0.48,
16,18,9,0,2019,0.64,
16,0,0,0,2048,1.44,
16,38,36,0,2042,2.24,
16,21,30,0,2043,0.64,
16,20,9,0,2019,1.28,
16,22,0,0,2048,1.28,
17,21,12,0,2012,0.8,
16,21,23,0,2034,0.64,
16,4,0,0,2048,0.32,
16,39,18,0,2018,0.64,
16,22,30,0,2040,1.44,
16,20,0,0,2048,0.8,
16,4,25,0,2025,1.76,
17,30,5,0,2027,1.44,
16,15,0,0,2048,0.96,
16,2,0,1,2034,0.96,
16,13,0,1,2030,1.92,
16,21,0,1,2027,1.28,
16,13,0,0,2025,0.96,
16,7,32,0,2042,0.64,
16,12,33,0,2040,1.12,
17,3,0,0,2048,1.12,
16,13,0,1,2038,0.32,
16,7,4,0,2018,0.48,
16,8,0,0,2032,1.12,
16,22,0,1,2029,0.8,
16,12,0,0,2048,1.12,
16,1,12,0,2026,0.8,
16,26,0,0,2048,0.64,
17,3,0,0,2048,0.8,
16,28,0,0,2048,0.64,
16,19,1,0,2033,1.12,
16,18,0,0,2048,0.8,
16,26,10,0,2020,1.12,
16,19,8,0,2010,0.64,
16,24,0,0,2048,1.92,
16,22,17,0,2025,0.8,
17,22,20,0,2026,1.6,
16,0,0,0,2048,1.44,
16,43,25,0,2025,0.32,
16,17,27,0,2031,1.12,
16,17,0,0,2048,1.28,
16,16,0,0,2048,0.96,
16,0,33,0,2037,0.8,
17,31,35,0,2040,1.12,
16,4,37,0,2025,0.96,
16,25,7,0,2021,0.32,
16,6,41,0,2015,1.12,
16,11,0,0,2048,1.12,
16,10,0,1,2032,0.8,
16,19,0,0,2048,0.96,
16,2,0,1,2025,1.44,
17,23,19,0,2033,0.96,
16,0,21,0,2035,1.12,
16,21,0,0,2048,0.8,
16,10,13,0,2027,0.48,
16,0,15,0,2029,1.44,
16,30,17,0,2031,0.8,
16,19,4,0,2014,1.28,
16,22,0,0,2048,1.76,
17,12,0,0,2048,0.8,
16,32,14,0,2022,0.32,
16,14,17,0,2018,1.76,
16,24,19,0,2030,0.64,
16,18,0,0,2048,0.96,
16,3,0,0,2048,0.96,
16,38,25,0,2021,1.28,
16,1,27,0,2023,0.32,
17,35,0,0,2048,1.12,
16,5,32,0,2032,0.96,
16,36,0,0,2048,0.32,
16,25,35,0,2043,0.96,
16,10,38,0,2038,0.48,
16,27,0,0,2048,1.12,
16,8,2,0,2035,0.48,
17,17,24,0,2036,0.8,
16,0,2,0,2020,0.32,
16,21,25,0,2023,1.12,
16,0,0,0,2048,1.92,
16,23,0,0,2048,0.32,
16,7,0,1,2026,2.08,
16,18,33,0,2031,0.64,
16,10,0,0,2020,1.28,
17,14,0,0,2019,0.96,
16,5,39,0,2037,0.64,
16,22,15,0,2029,0.48,
16,8,17,0,2031,0.64,
16,24,0,0,2048,1.28,
16,7,0,0,2048,1.28,
16,21,12,0,2027,0.64,
16,17,14,0,2029,0.96,
17,7,15,0,2029,1.12,
16,39,10,0,2020,0.8,
16,21,11,0,2019,0.64,
16,26,21,0,2035,0.64,
16,20,18,0,2024,1.28,
16,20,20,0,2023,1.12,
16,13,27,0,2042,0.48,
16,24,24,0,2030,0.48,
17,3,0,0,2048,0.8,
16,36,28,0,2034,1.6,
16,14,3,0,2047,1.44,
16,5,1,0,2043,2.24,
16,28,0,1,2039,1.44,
16,17,14,0,2022,1.12,
16,15,16,0,2024,1.44,
17,4,0,1,2025,1.76,
16,18,12,0,2026,0.96,
16,1,14,0,2028,1.44,
16,20,25,0,2035,0.96,
16,10,0,0,2048,1.6,
16,14,21,0,2035,1.28,
16,14,5,0,2019,1.44,
16,8,25,0,2039,0.8,
17,21,9,0,2023,1.28,
16,14,3,0,2015,0.64,
16,15,15,0,2027,0.8,
16,21,1,0,2034,1.28,
16,6,9,0,2021,0.48,
16,31,0,0,2048,0.64,
16,18,12,0,2025,0.96,
16,21,4,0,2015,1.44,
17,22,15,0,2027,1.12,
16,22,0,0,2048,0.64,
16,5,14,0,2012,1.12,
16,39,22,0,2034,0.64,
16,8,0,0,2048,1.44,
16,25,21,0,2017,0.96,
16,16,23,0,2025,1.12,
16,20,30,0,2042,1.44,
17,7,32,0,2044,2.08,
16,27,0,0,2048,1.28,
16,14,31,0,2033,0.64,
16,2,0,1,2035,1.28,
16,26,35,0,2025,0.96,
16,15,0,0,2048,0.96,
16,14,39,0,2029,0.48,
17,13,24,0,2030,0.64,
16,0,0,1,2017,0.96,
16,20,1,0,2015,0,
16,7,0,0,2048,0.48,
16,14,5,0,2019,1.12,
16,3,0,0,2048,0.96,
16,23,0,0,2048,1.6,
16,0,27,0,2039,1.28,
17,30,7,0,2021,1.12,
16,18,1,1,2035,0.96,
16,20,0,0,2048,1.92,
16,0,1,1,2042,2.4,
16,35,22,0,2036,1.12,
16,7,17,0,2029,1.12,
16,17,1,0,2023,1.12,
16,31,16,0,2028,0.48,
17,20,18,0,2030,0.96,
16,20,13,0,2025,1.12,
16,7,0,0,2048,1.28,
16,39,24,0,2036,1.76,
16,21,19,0,2031,0.8,
16,23,0,0,2048,1.76,
16,0,30,0,2042,0.96,
16,33,25,0,2037,0.96,
17,11,27,0,2039,0.96,
16,11,18,0,2010,1.6,
16,18,0,1,2015,0.48,
16,0,0,0,2048,0.96,
16,23,24,0,2016,1.28,
16,6,0,0,2048,0.32,
16,13,0,1,2029,1.6,
17,5,0,0,2048,1.12,
16,20,42,0,2034,1.28,
16,0,43,0,2036,1.28,
16,16,0,0,2048,0.64,
16,11,16,0,2036,1.76,
16,15,4,0,2018,1.44,
16,13,10,0,2024,1.28,
16,10,8,0,2022,1.44,
17,23,0,1,2023,1.76,
16,16,2,0,2017,1.12,
16,17,0,1,2032,1.28,
16,22,5,0,2015,1.6,
16,3,4,1,2041,1.44,
16,41,9,0,2011,1.28,
16,23,14,0,2020,1.6,
16,21,6,0,2011,1.28,
17,20,21,0,2027,1.92,
16,22,0,0,2048,0.64,
16,22,30,0,2044,1.28,
16,20,27,0,2033,0.64,
16,18,0,0,2048,0.8,
16,16,2,0,2043,0.48,
16,2,0,0,2048,1.12,
16,30,33,0,2015,0.48,
17,14,37,0,2037,1.76,
16,18,0,0,2048,0.8,
16,8,0,0,2048,1.12,
16,2,16,0,2040,1.12,
16,17,0,1,2039,0.8,
16,2,2,0,2016,1.28,
16,20,8,0,2020,0.8,
17,3,0,0,2048,0.8,
16,19,22,0,2034,0.16,
16,0,2,0,2016,0.48,
16,16,4,0,2018,1.28,
16,22,28,0,2040,0.64,
16,4,0,0,2048,0.64,
16,9,1,0,2015,0.32,
16,32,0,0,2048,0.8,
17,20,26,0,2038,0.64,
16,22,1,1,2035,0.64,
16,21,0,0,2048,0.64,
16,24,28,0,2043,0.64,
16,20,15,0,2003,1.12,
16,3,0,0,2048,1.28,
16,40,11,0,2047,0.64,
16,1,23,0,2007,1.76,
17,36,25,0,2025,1.44,
16,16,28,0,2032,1.44,
16,7,0,0,2048,1.12,
16,35,0,0,2048,1.12,
16,21,10,0,2018,0.96,
16,21,4,0,2041,1.6,
16,7,0,0,2048,1.44,
16,12,39,0,2024,1.12,
17,20,4,0,2016,1.12,
16,0,6,0,2018,1.12,
16,21,46,0,2030,0.8,
16,3,1,0,2032,0.64,
16,18,12,0,2024,1.76,
16,7,25,0,2032,1.12,
16,16,1,0,2022,1.12,
17,1,1,0,2029,0.8,
16,22,0,1,2017,1.12,
16,11,15,0,2029,1.12,
16,19,1,0,2018,1.12,
16,17,3,0,2014,1.28,
16,19,0,0,2048,0.96,
16,18,8,0,2020,1.76,
16,2,13,0,2027,1.28,
17,33,15,0,2029,1.12,
16,18,17,0,2031,0.64,
16,7,1,2,2035,0.64,
16,38,20,0,2032,2.08,
16,7,0,0,2048,2.24,
16,35,9,0,2009,0.96,
16,22,26,0,2038,1.44,
16,22,0,0,2048,0.64,
17,23,22,0,2028,1.6,
16,22,24,0,1998,1.12,
16,2,28,0,2046,1.76,
16,34,0,0,2048,1.44,
16,10,2,0,2043,0.48,
16,11,31,0,2019,0.96,
16,1,0,0,2038,1.12,
16,23,1,0,2021,0.8,
17,2,26,0,2043,0.64,
16,19,39,0,2028,0.8,
16,2,42,0,2016,0.96,
16,8,0,0,2048,0.96,
16,17,46,0,2020,0.8,
16,4,1,0,2020,0.8,
16,14,8,0,2022,0.16,
17,6,0,0,2027,0.64,
16,3,1,0,2021,0.64,
16,25,0,0,2048,1.76,
16,14,0,0,2048,1.28,
16,1,21,0,2035,0.8,
16,35,1,0,2018,1.28,
16,19,6,0,2018,1.44,
16,22,16,0,2028,1.6,
17,12,18,0,2030,1.12,
16,34,31,0,2045,1.28,
16,21,31,0,2045,0.8,
16,20,25,0,2037,2.4,
16,3,12,0,2025,0.8,
16,41,7,1,2031,0.96,
16,21,31,0,2043,1.28,
16,23,10,0,2008,1.28,
17,15,0,0,2048,1.28,
16,11,32,0,2030,1.12,
16,29,34,0,2032,1.28,
16,6,25,0,2009,1.44,
16,21,27,0,2011,0.8,
16,3,40,0,2038,0.48,
16,16,0,0,2048,0.32,
16,2,33,0,2013,0.64,
17,7,0,0,2048,0.32,
16,9,0,1,2036,0.64,
16,8,39,0,2019,0.96,
16,5,41,0,2021,1.12,
16,18,0,0,2021,1.6,
16,0,0,0,2048,0.8,
16,20,11,0,2025,1.12,
17,12,13,0,2027,0.32,
16,4,41,0,2030,0.32,
16,20,4,0,2018,1.12,
16,21,8,0,2022,0.64,
16,13,7,0,2019,0.64,
16,32,0,0,2048,1.28,
16,5,14,0,2028,2.08,
16,43,18,0,2020,1.6,
17,23,0,0,2048,2.24,
16,4,24,0,2026,0.96,
16,45,32,0,2046,1.44,
16,14,0,0,2048,0.8,
16,17,33,0,2031,0.32,
16,27,0,0,2048,0.32,
16,19,0,0,2048,0.96,
16,17,38,0,2032,1.28,
17,17,19,0,2041,1.12,
16,3,43,0,2037,1.12,
16,28,0,0,2048,1.44,
16,8,1,0,2035,0.8,
16,6,0,1,2021,0.8,
16,14,0,0,2048,0.64,
16,1,0,0,2048,0.48,
16,19,0,0,2048,1.12,
17,4,5,0,2029,0.32,
16,14,9,0,2024,0.64,
16,14,12,0,2026,0.48,
16,7,14,0,2028,0.8,
16,24,31,0,2033,0.8,
16,21,0,0,2048,1.28,
16,24,12,0,2026,0.8,
17,18,14,0,2012,1.12,
16,27,15,2,2041,1.12,
16,16,20,0,2014,1.12,
16,21,0,1,2038,0.32,
16,18,26,0,2022,0.96,
16,14,26,0,2020,0.48,
16,22,1,0,2020,0.8,
16,17,32,0,2028,0.16,
17,22,1,1,2033,1.28,
16,20,9,0,2021,0.32,
16,0,36,0,2030,1.6,
16,37,1,0,2015,1.44,
16,25,40,0,2038,0.8,
16,15,0,0,2048,1.12,
16,10,12,0,2016,0.8,
16,14,24,0,2036,1.44,
17,8,0,1,2035,0.8,
16,5,18,0,2022,2.08,
16,14,0,1,2030,1.44,
16,22,20,0,2016,0.8,
16,9,24,0,2028,0.64,
16,20,33,0,2041,0.96,
16,16,5,0,2020,0.16,
16,17,8,0,2022,0.48,
17,5,10,0,2024,0.32,
16,33,0,0,2048,1.12,
16,19,11,0,2021,0.96,
16,17,13,0,2021,0.96,
16,17,15,0,2023,1.12,
16,7,1,0,2038,0.64,
16,30,20,0,2030,1.44,
17,2,0,0,2048,2.56,
16,38,25,0,2039,1.28,
16,21,5,0,2013,1.44,
16,8,0,0,2048,1.92,
16,34,31,0,2045,1.6,
16,25,20,0,2010,0.96,
16,4,0,0,2048,1.6,
16,34,35,0,2044,1.6,
17,12,0,1,2029,1.6,
16,13,0,0,2048,0.64,
16,7,0,1,2040,0.8,
16,7,32,0,2023,0.8,
16,22,35,0,2041,0.96,
16,6,0,1,2032,1.12,
16,17,0,0,2048,0.8,
16,11,0,0,2048,0.48,
17,9,7,0,2021,1.28,
16,5,1,0,2036,1.28,
16,20,15,0,2029,0.96,
16,1,0,0,2048,1.44,
16,23,19,0,2033,0.48,
16,0,0,0,2048,1.76,
16,23,10,0,2024,1.92,
16,11,1,0,2015,0.96,
17,2,3,0,2017,1.6,
16,33,16,0,2030,1.44,
16,21,17,0,2029,0.64,
16,26,10,0,2022,2.24,
16,5,22,0,2036,1.92,
16,41,23,0,2035,0.8,
16,21,0,0,2048,1.92,
17,18,22,0,2014,0.48,
16,8,29,0,2041,1.44,
16,33,0,0,2048,2.24,
16,19,6,0,2012,0.16,
16,12,30,0,2026,0.96,
16,24,10,0,2016,0.32,
16,4,35,0,2039,0.64,
16,32,14,0,2020,0.48,
17,16,20,0,2026,1.76,
16,15,22,0,2028,0.64,
16,13,0,1,2038,1.12,
16,5,1,0,2032,2.08,
16,19,11,0,2019,2.08,
16,15,30,0,2037,0.96,
16,0,1,0,2032,1.44,
16,23,0,0,2048,1.12,
17,3,37,0,2043,1.6,
16,24,2,0,2016,1.12,
16,13,4,0,2018,1.12,
16,9,0,0,2048,0.96,
16,21,28,0,2036,1.44,
16,22,4,0,2018,1.76,
16,2,7,0,2019,1.28,
16,37,15,0,2029,0.96,
17,23,12,0,2022,1.76,
16,19,0,0,2048,0.64,
16,19,11,0,2015,0.64,
16,2,19,0,2029,2.08,
16,36,0,1,2036,1.6,
16,17,1,0,2031,1.6,
16,23,25,0,2035,0.96,
17,20,31,0,2045,2.08,
16,13,9,0,2019,1.12,
16,9,14,0,2018,1.6,
16,39,6,1,2032,1.44,
16,3,1,0,2028,1.44,
16,28,0,0,2048,0.32,
16,13,0,0,2026,1.28,
16,12,0,1,2023,0.96,
17,0,0,0,2048,0.96,
16,13,0,1,2035,1.12,
16,20,0,0,2048,0.8,
16,4,0,0,2048,1.92,
16,14,1,0,2020,0.96,
16,0,0,1,2024,1.28,
16,18,6,0,2020,0.48,
16,15,3,0,2017,0.48,
17,0,3,0,2015,0.96,
16,24,7,0,2022,1.12,
16,0,0,0,2048,1.44,
16,23,0,0,2048,0.16,
16,4,0,1,2028,1.28,
16,24,0,1,2025,0.48,
16,2,10,0,2024,0.96,
16,36,0,0,2048,0.96,
17,21,22,0,2036,1.44,
16,23,12,0,2026,1.28,
16,22,0,0,2048,1.76,
16,22,28,0,2042,0.32,
16,20,19,0,2031,0.64,
16,25,0,0,2048,0.32,
16,21,17,1,2044,0.32,
17,1,24,0,2006,0.64,
16,36,0,0,2048,1.44,
16,18,1,0,2041,0.96,
16,16,0,0,2048,0.96,
16,3,0,1,2030,1.12,
16,31,1,0,2037,1.28,
16,16,6,0,2020,1.76,
16,16,0,0,2048,1.44,
17,4,10,0,2024,0.8,
16,19,12,0,2026,0.8,
16,10,8,0,2022,0.48,
16,12,46,0,2028,1.28,
16,14,12,0,2026,0.32,
16,7,0,1,2022,0.32,
16,12,0,0,2027,0.8,
16,15,0,0,2048,1.28,
17,15,2,0,2016,0.96,
16,0,4,0,2018,0.96,
16,30,3,0,2015,0.48,
16,21,2,1,2030,1.12,
16,0,7,0,2020,0.64,
16,40,10,0,2020,1.12,
16,4,7,0,2013,0.96,
16,35,9,0,2015,0.96,
17,16,17,0,2021,1.6,
16,23,32,0,2046,1.12,
16,19,18,0,2047,0.32,
16,10,0,0,2048,0.96,
16,32,27,0,2041,0.48,
16,22,8,2,2015,2.08,
16,22,0,0,2048,0.64,
17,23,17,0,2029,1.12,
16,21,13,0,2022,0.8,
16,1,0,0,2048,1.12,
16,31,23,0,2035,1.12,
16,5,0,0,2048,1.12,
16,19,0,1,2040,1.6,
16,10,29,0,2015,0.64,
16,12,1,0,2015,1.28,
17,12,0,0,2048,1.12,
16,10,0,0,2048,0.8,
16,11,0,1,2026,0.8,
16,6,0,0,2028,0.8,
16,14,0,1,2018,1.6,
16,1,0,0,2048,1.12,
16,17,45,0,2031,0.96,
16,14,1,0,2023,0.96,
17,11,0,0,2048,0.8,
16,15,0,0,2048,1.76,
16,15,2,0,2016,0.8,
16,16,26,0,2040,1.12,
16,15,1,0,2015,0.8,
16,4,2,0,2014,0.64,
16,39,0,0,2048,1.12,
16,11,20,0,2047,0.64,
17,33,5,1,2010,1.12,
16,23,0,0,2048,1.6,
16,21,16,0,2029,1.6,
16,24,18,0,2010,1.44,
16,0,0,0,2048,1.44,
16,41,23,0,2035,0.8,
16,20,24,0,2016,0.8,
17,19,0,0,2048,1.92,
16,6,29,0,2037,1.12,
16,25,1,0,2021,0.96,
16,16,30,0,2014,1.6,
16,7,0,1,2038,0.96,
16,21,0,0,2048,0.16,
16,9,0,0,2048,1.28,
16,7,1,0,2027,0.32,
17,14,10,0,2024,1.44,
16,3,0,0,2048,0.48,
16,20,0,0,2048,0.48,
16,3,8,0,2036,1.28,
16,8,1,0,2028,0.32,
16,15,0,0,2048,0.32,
16,4,0,1,2029,0.64,
16,23,2,0,2016,1.28,
17,0,0,0,2024,0.48,
16,27,0,0,2048,1.76,
16,0,0,0,2048,1.44,
16,38,5,0,2013,1.92,
16,20,8,0,2021,0.8,
16,22,0,0,2048,1.6,
16,1,14,0,2016,1.76,
16,44,16,0,2026,1.76,
17,21,0,0,2048,1.28,
16,20,27,0,2041,1.12,
16,18,0,0,2048,0.8,
16,24,24,0,2038,1.6,
16,20,24,0,2047,1.28,
16,22,0,0,2048,1.6,
16,21,30,0,2044,1.12,
17,20,20,0,2014,0.96,
16,7,4,0,2040,0.8,
16,28,36,0,2038,0.16,
16,13,0,0,2048,0.64,
16,1,0,0,2048,0.64,
16,18,1,0,2015,0.96,
16,4,0,0,2021,0.96,
16,13,0,0,2048,0.96,
17,13,0,0,2048,0.32,
16,5,38,0,2032,1.44,
16,13,0,1,2028,0.8,
16,6,0,0,2048,1.28,
16,18,0,0,2048,1.44,
16,6,16,0,2037,0.8,
16,12,8,0,2023,0.48,
16,10,3,0,2017,1.12,
17,8,0,1,2028,1.6,
16,33,17,0,2031,0.96,
16,20,1,1,2016,0.64,
16,20,22,0,2036,0.48,
16,20,11,0,2019,1.44,
16,21,11,0,2015,1.28,
16,3,28,0,2042,1.28,
16,41,17,0,2025,0.8,
17,24,0,0,2048,1.6,
16,7,23,0,2033,1.12,
16,36,25,0,2040,0.8,
16,22,0,0,2048,0.96,
16,21,29,0,2039,0.64,
16,7,32,0,2046,1.44,
16,31,0,0,2048,1.76,
17,12,32,0,2006,1.92,
16,22,1,1,2043,0.16,
16,6,36,0,2010,0.8,
16,18,0,1,2040,0.64,
16,6,0,0,2048,0.32,
16,8,0,1,2032,0.8,
16,12,0,0,2031,1.28,
16,0,1,0,2019,1.28,
17,12,0,1,2026,0.8,
16,6,0,0,2017,0.8,
16,11,1,0,2015,1.12,
16,6,34,0,2028,0.8,
16,9,5,0,2019,0.64,
16,3,1,0,2019,1.12,
16,20,1,0,2019,0.48,
16,0,1,0,2019,1.12,
17,26,4,0,2018,1.12,
16,21,4,1,2025,1.12,
16,22,8,0,2022,1.92,
16,21,9,0,2021,1.92,
16,23,9,0,2012,0.96,
16,14,15,0,2027,1.28,
16,12,20,0,2023,1.76,
16,45,24,0,2010,1.92,
17,6,30,0,2044,2.24,
16,42,0,0,2048,2.4,
16,23,32,0,2036,0.96,
16,21,10,1,2032,1.92,
16,20,0,0,2048,1.44,
16,19,36,0,2042,1.12,
16,2,12,0,2004,2.56,
17,32,0,0,2048,1.28,
16,7,38,0,2037,1.28,
16,5,0,1,2024,0.8,
16,9,0,0,2048,1.12,
16,12,0,1,2035,1.12,
16,5,0,0,2048,1.44,
16,7,26,0,2018,0.48,
16,11,0,1,2025,0.48,
17,4,0,1,2025,0.48,
16,16,0,1,2023,1.28,
16,4,1,0,2021,2.24,
16,10,0,1,2023,0.48,
16,20,0,1,2020,1.12,
16,1,22,0,2036,0.96,
16,35,5,0,2018,1.28,
16,21,0,0,2048,1.12,
17,20,13,0,2023,2.24,
16,22,17,0,2013,1.28,
16,11,18,0,2017,1.44,
16,31,21,0,2027,1.12,
16,21,23,0,2020,2.4,
16,21,25,0,2023,1.28,
16,22,27,0,2033,2.24,
16,9,30,0,2026,1.76,
17,34,12,1,2016,1.12,
16,16,24,0,2014,1.12,
16,30,0,0,2048,0.96,
16,21,27,0,1995,0.64,
16,7,31,0,2021,0.8,
16,26,0,0,2048,1.28,
16,5,33,0,2001,0.8,
17,12,0,1,2033,0.8,
16,5,0,1,2037,1.28,
16,7,1,0,2029,1.28,
16,20,41,0,2009,1.12,
16,11,43,0,2035,0.96,
16,8,33,0,2035,1.28,
16,4,49,0,2025,0.64,
16,16,9,0,2023,0.8,
17,7,1,0,2015,1.28,
16,8,0,1,2028,1.12,
16,27,3,0,2017,0.8,
16,14,0,0,2048,0.8,
16,8,19,0,2033,1.44,
16,34,10,0,2024,0.64,
16,23,0,0,2048,1.76,
16,4,27,0,2041,0.8,
17,42,18,0,2031,1.12,
16,24,0,0,2048,1.12,
16,21,23,0,2031,1.44,
16,20,26,0,2036,1.6,
16,6,0,0,2048,0.48,
16,33,29,0,2037,0.48,
16,21,32,0,2042,0.8,
16,20,0,0,2048,1.12,
17,1,13,1,2004,0.32,
16,42,23,0,2044,0.64,
16,12,23,0,2042,2.08,
16,4,23,0,2007,0.32,
16,21,0,0,2048,0.8,
16,2,0,1,2034,0.96,
16,19,2,0,2016,0.96,
17,4,0,1,2019,2.4,
16,5,6,0,2020,1.12,
16,12,2,0,2016,0.8,
16,8,38,0,2026,0.96,
16,19,12,0,2026,1.28,
16,1,0,0,2020,0.64,
16,20,44,0,2032,0.64,
16,0,0,0,2048,1.28,
17,29,10,0,2024,0.64,
16,19,6,0,2018,0.8,
16,18,24,0,2032,1.76,
16,23,16,0,2030,1.76,
16,21,12,0,2024,0.8,
16,23,10,0,2006,1.44,
16,24,22,0,2036,1.92,
16,23,21,0,2027,1.6,
17,22,24,0,2030,1.44,
16,23,0,0,2048,1.44,
16,21,28,0,2030,2.08,
16,20,30,0,2036,1.28,
16,15,0,0,2048,0.96,
16,25,34,0,2036,0.64,
16,1,36,0,2042,1.12,
16,38,0,0,2048,0.64,
17,3,40,0,2026,0.16,
16,21,26,0,2015,1.28,
16,0,28,0,2017,1.12,
16,21,0,0,2048,1.12,
16,1,33,0,2021,0.96,
16,14,1,0,2027,0.64,
16,4,30,0,2020,0.8,
17,9,24,0,2020,1.12,
16,6,0,0,2048,1.12,
16,12,0,0,2024,0.64,
16,4,31,0,2027,0.48,
16,13,0,0,2048,0.64,
16,13,0,0,2048,0.8,
16,18,44,0,2035,0.32,
16,13,3,0,2022,1.92,
17,31,11,0,2025,0.8,
16,5,12,0,2016,0.96,
16,36,17,0,2038,0.8,
16,21,17,0,2032,1.44,
16,11,18,0,2022,1.12,
16,33,14,1,2001,1.12,
16,22,24,0,2038,0.64,
16,4,27,0,2025,0.96,
17,25,0,0,2048,0.96,
16,43,32,0,2032,1.44,
16,21,33,0,2046,1.6,
16,22,0,0,2048,1.92,
16,6,38,0,2038,1.28,
16,28,9,0,2023,1.6,
16,8,0,0,2048,0.64,
16,6,0,1,2033,0.64,
17,14,47,0,2013,0.48,
16,2,49,0,2015,0.32,
16,17,0,1,2031,1.12,
16,12,1,0,2023,0.96,
16,2,0,0,2048,1.12,
16,13,28,0,2028,1.12,
16,1,1,0,2017,1.92,
17,9,0,0,2048,0.8,
16,6,0,1,2015,0.64,
16,16,21,0,2035,0.8,
16,25,3,0,2017,1.12,
16,22,9,0,2024,0.96,
16,25,0,0,2048,0.16,
16,22,14,0,2018,1.44,
16,13,18,0,2028,1.44,
17,29,0,0,2048,1.76,
16,21,22,0,2016,2.08,
16,19,23,0,2023,1.28,
16,21,0,0,2048,1.6,
16,21,28,0,2023,0.8,
16,22,29,0,2029,1.44,
16,3,0,0,2048,0.64,
16,44,35,0,2029,0.64,
17,24,36,0,2032,1.76,
16,18,32,0,1998,0.8,
16,15,18,0,2042,1.28,
16,9,39,0,2038,0.8,
16,12,28,0,2038,0.64,
16,0,0,1,2026,0.64,
16,13,1,0,2036,1.12,
16,3,0,0,2048,0.32,
17,12,0,0,2048,0.32,
16,13,49,0,2015,0.8,
16,3,1,0,2015,0.8,
16,16,0,0,2048,1.6,
16,4,1,0,2022,0.64,
16,10,7,0,2021,0.96,
16,8,45,0,2023,0.8,
17,19,0,0,2048,1.28,
16,18,1,2,2022,2.08,
16,20,0,0,2048,2.08,
16,1,11,0,2025,1.12,
16,46,13,0,2009,1.28,
16,22,0,0,2048,1.76,
16,4,22,0,2026,1.12,
16,45,25,0,2011,1.44,
17,19,0,0,2048,0.96,
16,26,26,0,2030,0.64,
16,21,25,0,1992,1.6,
16,1,0,0,2048,0.8,
16,37,34,0,2034,1.76,
16,26,32,0,1998,0.96,
16,21,0,0,2048,2.08,
16,18,34,0,2040,1.6,
17,0,37,0,2038,1.6,
16,22,0,0,2048,1.44,
16,5,44,0,2033,1.12,
16,9,40,0,2032,0.96,
16,6,0,1,2033,0.64,
16,7,0,0,2048,0.8,
16,3,0,0,2029,1.28,
16,16,1,0,2027,1.12,
17,0,0,0,2048,0.32,
16,22,30,0,2024,1.12,
16,8,1,0,2015,0.8,
16,4,0,0,2048,1.76,
16,22,27,0,2023,1.12,
16,22,0,0,2048,0.96,
16,23,10,0,2024,1.76,
17,0,13,0,2019,0.96,
16,42,0,0,2048,1.12,
16,21,18,0,2024,1.6,
16,22,20,0,2024,1.44,
16,0,0,0,2048,1.44,
16,44,24,0,2030,1.12,
16,4,27,0,2031,1.12,
16,40,0,0,2048,1.6,
17,18,29,0,1999,2.56,
16,22,33,0,2031,2.56,
16,24,35,0,2033,0.8,
16,19,35,0,2005,0.64,
16,15,39,0,2037,0.64,
16,7,37,0,2039,0.48,
16,23,42,0,2012,0.48,
16,1,0,1,2031,1.12,
17,8,46,0,2016,0.64,
16,14,5,0,2017,1.76,
16,7,0,2,2016,1.28,
16,16,0,0,2048,1.12,
16,14,0,0,2018,0.8,
16,0,1,0,2025,0.8,
16,19,0,0,2048,0.8,
16,2,0,0,2048,1.28,
17,17,7,0,2021,1.28,
16,10,21,0,2033,1.76,
16,23,5,0,2019,1.28,
16,25,9,0,2011,1.44,
16,7,13,0,2019,1.28,
16,39,15,0,2021,1.12,
16,20,18,0,2014,0.8,
17,19,0,0,2048,1.44,
16,18,15,0,2007,0.32,
16,6,24,0,2026,0.32,
16,45,0,0,2048,0.64,
16,21,22,0,2014,0.48,
16,17,30,0,2032,0.96,
16,24,0,0,2048,1.28,
16,4,28,0,2020,1.12,
17,38,37,0,2037,0.64,
16,19,0,0,2048,0.64,
16,15,27,0,2011,1.12,
16,0,10,0,2041,1.12,
16,17,16,0,2006,1.44,
16,13,33,0,2017,1.12,
16,12,20,0,2010,0.48,
16,0,0,0,2048,0.8,
17,19,32,0,2018,1.6,
16,1,0,1,2027,0.96,
16,11,0,0,2048,0.8,
16,16,1,0,2023,0.8,
16,2,0,1,2028,0.96,
16,12,42,0,2028,0.64,
16,20,0,0,2048,0.96,
16,20,1,0,2015,0.48,
17,19,0,0,2048,0.8,
16,21,29,0,2033,0.96,
16,20,44,0,2035,0.96,
16,22,0,0,2048,2.08,
16,21,14,1,2001,0.64,
16,23,10,1,2020,0.96,
16,26,0,0,2048,1.28,
17,5,24,0,2034,0.8,
16,39,27,0,2041,0.8,
16,25,27,2,2045,1.12,
16,21,33,0,2037,1.28,
16,19,33,0,2045,0.96,
16,14,6,0,2023,0.96,
16,24,27,0,2042,1.44,
16,7,3,0,2015,0.64,
17,18,1,0,2041,0.8,
16,11,45,0,2029,0.96,
16,0,47,0,2021,0.96,
16,17,41,0,2032,2.08,
16,12,0,1,2031,1.28,
16,9,15,0,2032,1.44,
16,2,7,0,2021,1.44,
16,10,27,0,2027,0.48,
17,13,0,1,2025,1.28,
16,8,0,1,2019,1.28,
16,10,28,0,2034,1.6,
16,19,30,0,2036,0.8,
16,2,0,0,2048,1.28,
16,41,7,0,2013,1.12,
16,24,13,0,2009,1.28,
16,21,0,0,2048,1.28,
17,20,20,0,2034,0.96,
16,16,20,0,2014,0.96,
16,24,0,0,2048,0.64,
16,2,24,0,2020,1.44,
16,40,26,0,2020,0.48,
16,23,0,0,2048,1.6,
16,21,30,0,2027,0.8,
17,24,17,1,1998,1.44,
16,23,21,0,2015,0.64,
16,19,17,2,2014,1.6,
16,9,24,0,2004,1.12,
16,26,27,0,2021,1.92,
16,1,12,0,2008,1.44,
16,18,0,0,2048,0.96,
16,2,0,0,2048,0.48,
17,15,0,1,2035,1.6,
16,3,38,0,2032,0.8,
16,23,38,0,2018,0.8,
16,10,42,0,2036,0.64,
16,8,37,0,2037,0.8,
16,5,28,0,2024,0.8,
16,23,13,0,2027,1.44,
16,4,0,0,2048,0.64,
17,29,0,0,2048,0.8,
16,15,8,0,2018,1.28,
16,24,14,0,2026,0.96,
16,21,0,0,2048,0.8,
16,20,16,0,2028,0.64,
16,22,21,0,2033,0.8,
16,23,0,0,2048,0.96,
16,1,22,0,2034,0.8,
17,41,22,0,2033,0.8,
16,19,26,0,2038,1.6,
16,6,31,0,2043,0.96,
16,32,0,0,2048,1.92,
16,23,33,0,2045,1.28,
16,22,5,1,2038,1.6,
16,19,0,0,2048,1.12,
17,1,36,0,2022,1.28,
16,30,33,0,2015,1.92,
16,13,0,0,2048,1.44,
16,0,37,0,2039,0.96,
16,16,39,0,2021,1.6,
16,6,41,0,2023,0.96,
16,20,0,1,2028,1.6,
16,6,0,1,2026,0.64,
17,17,0,1,2032,0.32,
16,0,32,0,2030,1.44,
16,20,0,0,2048,0.64,
16,3,0,0,2048,0.8,
16,24,0,0,2048,0.32,
16,7,3,0,2017,0.32,
16,24,24,0,2038,1.12,
16,21,8,0,2014,2.08,
17,17,10,0,2023,1.12,
16,24,1,1,2027,1.6,
16,20,0,0,2048,1.12,
16,2,17,0,2029,1.6,
16,45,15,0,2007,2.4,
16,22,0,0,2048,2.4,
16,20,23,0,2035,1.76,
16,20,22,0,2012,2.56,
17,20,0,0,2048,1.44,
16,0,6,1,2009,1.12,
16,42,18,0,2010,1.76,
16,18,0,0,2048,1.76,
16,21,18,0,2010,2.24,
16,11,0,0,2048,1.12,
16,17,22,0,2043,0.48,
17,12,0,0,2026,0.64,
16,12,40,0,2030,1.44,
16,0,0,0,2048,1.44,
16,18,0,1,2035,0.32,
16,0,0,0,2048,0.32,
16,17,19,0,2035,1.28,
16,1,0,1,2021,0.96,
16,18,5,0,2021,0.8,
17,6,0,1,2029,1.12,
16,13,0,0,2048,0.96,
16,9,40,0,2036,0.32,
16,7,0,1,2033,0.64,
16,9,4,0,2018,0.8,
16,9,6,0,2020,0.8,
16,35,6,0,2020,1.28,
16,16,2,0,2029,1.92,
17,28,10,0,2024,1.12,
16,20,12,0,2026,2.88,
16,28,18,0,2029,2.4,
16,24,20,0,2027,1.76,
16,23,22,0,2028,2.4,
16,21,25,0,2035,1.6,
16,20,27,0,2033,1.44,
16,20,29,0,2035,0.96,
17,2,32,0,2032,0.32,
16,40,0,0,2048,0.64,
16,14,12,2,2025,1.12,
16,28,38,0,2038,1.6,
16,1,21,0,2007,0.64,
16,24,5,0,2012,0.8,
16,1,25,0,2011,1.44,
17,19,0,0,2048,1.12,
16,4,21,0,2037,1.28,
16,11,14,0,2020,1.12,
16,8,0,0,2035,0.8,
16,2,36,0,2022,1.12,
16,5,0,1,2028,0.8,
16,11,1,0,2024,1.6,
16,12,0,0,2048,0.48,
17,15,0,1,2024,2.08,
16,1,3,0,2015,1.12,
16,25,1,0,2017,0.96,
16,18,7,0,2019,1.12,
16,0,17,0,2029,1.12,
16,45,12,0,2026,0.64,
16,20,13,0,2026,0.64,
16,21,0,0,2048,1.12,
17,17,25,0,2037,1.12,
16,5,21,0,2035,0.64,
16,45,22,0,2034,1.6,
16,27,31,0,2043,0.96,
16,24,28,0,2040,1.12,
16,20,31,0,2037,1.12,
16,20,8,0,2035,1.12,
16,19,31,0,2046,1.12,
17,21,37,0,2003,1.44,
16,14,38,0,2040,1.92,
16,15,0,0,2048,0.64,
16,6,1,0,2031,1.28,
16,14,0,0,2048,1.12,
16,8,0,0,2038,0.48,
16,9,0,0,2048,0.96,
17,12,0,0,2048,1.92,
16,1,0,1,2022,1.44,
16,16,0,0,2048,1.28,
16,11,11,0,2025,1.28,
16,8,25,0,2031,1.6,
16,3,27,0,2033,1.28,
16,16,0,0,2017,0.48,
16,8,19,0,2033,2.4,
17,17,0,0,2048,1.44,
16,40,9,0,2011,0.48,
16,19,13,0,2021,1.92,
16,20,0,0,2048,1.12,
16,7,18,0,2014,0.96,
16,38,21,0,2025,1.12,
16,1,22,0,2019,1.92,
16,41,0,0,2048,1.44,
17,0,11,0,2011,0.32,
16,44,13,1,2014,1.28,
16,21,9,2,2040,1.76,
16,24,20,0,2014,0.96,
16,20,18,0,2004,1.12,
16,19,7,1,2012,0.96,
16,1,27,0,2021,1.76,
16,33,24,0,2010,1.6,
17,6,14,0,2041,0.96,
16,9,18,0,2012,0.8,
16,15,35,0,2029,0.96,
16,0,22,0,2016,0.48,
16,21,39,0,2033,1.12,
16,4,36,0,2023,1.12,
16,16,38,0,2025,1.44,
17,1,0,1,2016,0.96,
16,14,2,0,2016,0.8,
16,10,45,0,2031,0.64,
16,14,0,1,2018,1.12,
16,2,36,0,2033,1.12,
16,30,5,0,2015,0.96,
16,1,8,0,2020,1.44,
16,39,36,0,2038,2.4,
17,6,11,0,2021,2.4,
16,35,0,0,2048,1.12,
16,20,21,0,2035,1.92,
16,12,17,0,2027,1.12,
16,31,0,0,2048,1.76,
16,23,27,0,2041,0.8,
16,24,24,0,2032,1.44,
16,26,0,0,2048,1.92,
17,25,31,0,2025,1.28,
16,20,33,0,2019,1.44,
16,18,35,0,2009,0.96,
16,4,38,0,2032,1.76,
16,26,35,0,2040,1.12,
16,2,42,0,2006,0.8,
16,18,44,0,2008,1.28,
16,1,1,0,2033,0.48,
17,11,0,1,2030,1.6,
16,11,6,0,2020,0.96,
16,3,0,0,2048,0.96,
16,18,0,1,2027,0.8,
16,3,10,0,2022,0.96,
16,13,0,0,2027,1.28,
16,0,0,1,2020,1.28,
17,15,17,0,2029,1.12,
16,0,0,0,2048,1.12,
16,24,3,0,2017,0.96,
16,19,5,0,2019,0.96,
16,24,8,0,2014,0.96,
16,22,12,0,2012,2.56,
16,26,16,0,2020,1.6,
16,2,20,0,2014,1.76,
17,48,23,0,2021,1.92,
16,21,23,0,2046,2.56,
16,11,0,0,2048,0.8,
16,25,29,0,2027,1.44,
16,1,1,1,2024,1.76,
16,39,33,0,2033,0.64,
16,10,5,0,2013,1.92,
16,36,0,0,2048,1.6,
17,22,39,0,2029,1.6,
16,18,11,2,2028,1.76,
16,10,0,0,2048,1.12,
16,14,42,0,2035,0.96,
16,1,0,1,2029,1.44,
16,7,1,0,2035,0.64,
16,13,0,0,2048,0.8,
16,4,0,0,2048,0.96,
17,10,0,0,2048,1.6,
16,12,0,0,2048,0.48,
16,2,0,0,2048,0.48,
16,18,0,0,2048,1.28,
16,15,0,0,2048,1.28,
16,4,0,0,2048,0.8,
16,26,0,0,2048,1.6,
17,7,7,0,2017,1.76,
16,15,27,0,2039,2.08,
16,33,0,0,2048,1.76,
16,20,13,0,2023,0.8,
16,20,33,0,2045,0.8,
16,28,0,0,2048,2.4,
16,2,21,0,2027,0.8,
16,47,13,1,2021,1.44,
17,22,0,0,2048,1.28,
16,22,28,0,2019,2.08,
16,21,32,0,2047,1.44,
16,24,0,0,2048,0.96,
16,20,36,0,2024,0.8,
16,17,5,0,2027,1.92,
16,16,0,0,2048,1.12,
16,0,20,0,2041,0.8,
17,15,43,0,2026,1.44,
16,12,0,0,2048,1.28,
16,6,0,0,2048,1.28,
16,16,0,1,2029,0.48,
16,3,11,0,2025,1.28,
16,9,1,0,2028,1.12,
16,6,0,0,2048,0.8,
16,13,0,0,2024,1.12,
17,8,1,0,2018,1.12,
16,2,21,0,2035,0.16,
16,22,0,0,2048,0.96,
16,6,25,0,2039,1.12,
16,31,0,0,2048,1.44,
16,23,11,0,2013,1.12,
16,23,31,0,2045,2.08,
17,25,18,0,2016,1.6,
16,22,21,0,2047,1.6,
16,20,22,0,2028,2.4,
16,21,24,0,2022,1.44,
16,22,3,0,2023,1.12,
16,20,28,0,2035,1.76,
16,22,30,0,2029,1.76,
16,22,15,0,2007,1.28,
17,22,0,0,2048,1.44,
16,22,23,0,2044,0.8,
16,19,39,0,2033,0.48,
16,16,0,0,2048,1.28,
16,1,2,0,2026,0.32,
16,21,30,0,2037,1.92,
16,0,0,0,2048,0.48,
16,16,0,1,2035,0.48,
17,11,0,0,2048,1.12,
16,0,0,0,2017,1.12,
16,17,0,0,2048,1.44,
16,9,0,1,2024,1.28,
16,18,0,1,2025,0.64,
16,0,35,0,2035,1.12,
16,18,0,1,2019,0.8,
16,7,1,0,2015,0.8,
17,20,4,0,2018,2.24,
16,29,6,0,2018,2.24,
16,18,0,0,2048,1.12,
16,22,20,0,2034,1.28,
16,12,16,0,2020,1.44,
16,33,0,0,2048,1.76,
16,0,26,0,2040,1.28,
17,42,22,0,2014,1.28,
16,21,0,0,2048,0.96,
16,2,27,0,2033,1.6,
16,40,28,0,2020,1.92,
16,20,0,0,2048,0.64,
16,6,33,0,2039,1.6,
16,35,34,0,2026,1.92,
16,22,0,0,2048,0.96,
17,0,38,0,2030,1.6,
16,31,18,0,2008,1.44,
16,12,43,0,2035,0.64,
16,6,0,1,2029,0.8,
16,5,24,0,2012,1.44,
16,12,1,0,2033,1.28,
16,14,0,0,2035,0.96,
16,4,0,0,2048,0.8,
17,10,32,0,2020,0.64,
16,13,45,0,2029,1.6,
16,5,0,0,2026,1.28,
16,12,0,0,2048,1.28,
16,17,31,0,2032,0.32,
16,15,0,0,2048,1.76,
16,1,1,0,2029,1.6,
16,38,11,0,2025,1.76,
17,1,0,0,2048,0.96,
16,40,7,0,2031,1.12,
16,20,17,0,2031,1.28,
16,12,0,0,2048,1.28,
16,32,19,0,2015,1.28,
16,22,24,0,2038,1.44,
16,23,0,0,2048,1.44,
17,2,25,0,2005,1.44,
16,44,28,0,2038,0.64,
16,19,0,0,2048,0.48,
16,9,32,0,2012,0.96,
16,36,35,0,2045,1.6,
16,5,0,0,2048,1.44,
16,25,38,0,2018,1.76,
16,11,14,0,2008,1.12,
17,12,0,1,2029,1.12,
16,10,0,0,2048,1.6,
16,2,47,0,2027,0.8,
16,13,0,1,2030,0.8,
16,9,1,0,2034,0,
16,13,0,0,2048,0.64,
16,5,0,1,2016,1.12,
16,4,0,0,2048,0.48,
17,16,0,0,2048,0.8,
16,4,0,0,2048,0.8,
16,17,22,0,2036,1.44,
16,18,0,0,2048,1.44,
16,20,0,0,2048,0.96,
16,2,40,0,2037,1.76,
16,41,11,0,2021,1.44,
16,23,0,0,2048,0.96,
17,0,18,0,2032,0.8,
16,44,19,0,2022,1.12,
16,21,5,2,2026,1.28,
16,22,0,0,2048,1.28,
16,22,26,0,2028,0.8,
16,24,26,0,1994,1.28,
16,24,0,0,2048,1.44,
17,1,33,0,2029,0.16,
16,25,10,1,2028,0.96,
16,32,0,0,2048,0.96,
16,12,39,0,2035,1.6,
16,17,41,0,2013,1.6,
16,2,0,0,2048,1.6,
16,16,0,1,2017,1.12,
16,2,2,0,2016,1.28,
17,17,0,0,2048,0.48,
16,4,0,0,2048,0.8,
16,20,8,0,2022,0.96,
16,4,0,1,2022,0.8,
16,12,0,0,2048,0.96,
16,5,0,1,2017,1.92,
16,11,4,0,2018,0.64,
16,6,1,0,2015,1.28,
17,19,2,0,2016,0.8,
16,23,28,0,2040,1.44,
16,1,0,0,2048,0.96,
16,43,12,0,2018,1.92,
16,5,31,0,2046,0.96,
16,47,0,0,2048,1.44,
16,20,22,0,2021,1.12,
16,20,5,0,2025,1.6,
17,2,0,0,2048,1.6,
16,34,29,0,2029,2.08,
16,19,31,0,2041,1.44,
16,2,4,0,2020,1.44,
16,45,35,0,2035,0.32,
16,23,15,1,2041,0.8,
16,21,21,0,2003,1.76,
17,18,0,0,2048,0.16,
16,13,32,0,2039,1.44,
16,2,44,0,2035,0.32,
16,15,0,1,2029,1.12,
16,7,0,1,2017,0.64,
16,7,0,0,2048,0.64,
16,13,16,0,2017,0.64,
16,7,0,1,2029,1.28,
17,13,0,0,2048,0.96,
16,8,1,0,2018,0.96,
16,14,25,0,2025,0.48,
16,5,14,0,2028,1.28,
16,22,3,0,2015,0.8,
16,0,0,0,2048,0.8,
16,35,12,0,2026,1.44,
16,20,35,0,2035,0.96,
17,22,10,0,2020,1.12,
16,22,0,0,2048,2.24,
16,23,16,0,2028,1.12,
16,0,20,0,2024,1.12,
16,47,0,0,2048,1.6,
16,21,23,0,2032,0.8,
16,21,26,0,2030,0.48,
16,23,0,0,2048,0.8,
17,21,30,0,2044,1.12,
16,22,33,0,2025,0.48,
16,21,0,0,2048,1.6,
16,19,8,1,2036,1.92,
16,1,39,0,2031,0.96,
16,21,0,0,2048,0.8,
16,1,34,0,2014,1.92,
17,22,0,0,2048,0.96,
16,8,0,0,2048,0.8,
16,2,38,0,2010,1.12,
16,17,6,0,2020,0.96,
16,8,0,0,2031,0.96,
16,10,10,0,2024,0.48,
16,13,0,1,2026,1.44,
16,9,46,0,2030,0.96,
17,6,0,1,2021,0.8,
16,11,0,1,2015,1.6,
16,14,1,1,2014,1.6,
16,6,0,0,2048,1.44,
16,16,0,0,2048,1.12,
16,39,11,0,2021,1.92,
16,22,13,0,2025,1.44,
16,21,0,0,2048,0.96,
17,21,32,0,2047,0.64,
16,20,19,0,2025,1.28,
16,1,0,0,2048,1.76,
16,39,10,0,2022,1.12,
16,25,25,0,2031,0.16,
16,16,0,0,2048,1.28,
16,29,13,0,2007,0.96,
16,22,32,0,2038,0.64,
17,22,0,0,2048,0.64,
16,21,24,2,2039,0.48,
16,2,38,0,2026,1.6,
16,23,0,0,2048,0.64,
16,13,0,0,2048,1.28,
16,2,0,1,2038,0.64,
16,15,16,0,2037,0.48,
17,4,41,0,2017,1.12,
16,5,1,0,2018,0.8,
16,5,45,0,2021,2.08,
16,5,0,1,2029,1.6,
16,18,0,0,2048,1.28,
16,4,0,1,2023,1.28,
16,15,1,0,2022,1.28,
16,8,0,0,2021,0.64,
17,6,2,0,2016,0.96,
16,18,0,0,2048,0.96,
16,24,0,0,2048,0.8,
16,18,18,0,2033,0.8,
16,22,11,0,2017,2.24,
16,22,0,0,2048,0.64,
16,24,25,0,2039,0.64,
16,25,20,0,2020,1.44,
17,1,24,0,2024,1.6,
16,49,28,0,2022,1.6,
16,24,33,0,2015,1.6,
16,10,34,0,2026,0.48,
16,29,36,0,2026,0.8,
16,18,39,0,2021,1.44,
16,19,40,0,2032,0.96,
16,19,0,0,2048,0.96,
17,13,44,0,2035,0.96,
16,10,47,0,2029,0.8,
16,16,14,0,2036,1.12,
16,5,0,0,2048,0.48,
16,9,1,0,2022,0.48,
16,7,18,0,2022,1.12,
16,13,0,0,2048,0.48,
17,5,21,0,2024,1.28,
16,10,24,0,2022,1.44,
16,11,0,0,2048,0.8,
16,4,28,0,2030,0.8,
16,23,30,0,2032,0.48,
16,20,3,0,2015,1.44,
16,25,14,0,2028,0.8,
16,13,0,0,2048,1.44,
17,32,35,0,2042,0.96,
16,25,22,0,2016,1.6,
16,19,0,0,2048,0.48,
16,20,7,0,2024,0.32,
16,2,28,0,2022,3.04,
16,16,30,0,2022,1.28,
16,39,3,0,2013,2.24,
16,20,0,0,2048,1.28,
17,22,36,0,2028,1.44,
16,15,38,0,2032,0.48,
16,27,0,0,2048,0.32,
16,5,21,0,2021,1.44,
16,31,33,0,2037,0.8,
16,0,0,0,2048,1.6,
16,21,27,0,2027,2.08,
16,0,19,0,2009,1.12,
17,17,0,0,2048,0.8,
16,13,28,0,2028,0.96,
16,0,30,0,2030,0.32,
16,21,37,0,2033,1.12,
16,0,0,0,2048,1.12,
16,27,41,0,2037,0.96,
16,15,33,0,2023,1.12,
17,12,0,0,2048,1.12,
16,22,9,0,2021,2.24,
16,15,0,1,2037,2.24,
16,27,1,1,2030,1.44,
16,20,2,1,2020,1.6,
16,17,9,0,2013,0.96,
16,23,0,0,2048,0.8,
16,4,16,0,2008,1.12,
17,38,5,1,2021,0,
16,11,0,0,2048,0.96,
16,31,28,0,2040,1.76,
16,27,25,0,1997,1.28,
16,23,0,0,2048,1.6,
16,0,32,0,2046,0.64,
16,40,35,0,1999,1.76,
16,14,5,0,2021,0.96,
17,8,39,0,2023,0.32,
16,14,41,0,2025,0.48,
16,3,43,0,2008,1.28,
16,19,3,0,2017,0.16,
16,0,5,0,2019,1.28,
16,15,0,0,2048,0.64,
16,1,9,0,2023,1.28,
16,12,12,0,2026,1.12,
17,2,2,0,2016,1.6,
16,19,4,0,2018,1.6,
16,0,0,1,2024,1.28,
16,12,8,0,2023,0.8,
16,9,0,0,2048,1.12,
16,15,1,0,2015,1.6,
16,20,2,0,2017,1.92,
17,0,0,0,2048,1.28,
16,49,19,0,2033,1.6,
16,23,15,0,2011,0.96,
16,24,0,0,2048,2.08,
16,16,25,0,2039,0.64,
16,27,23,0,2015,0.96,
16,24,0,0,2048,1.44,
16,24,31,0,2045,1.44,
17,24,32,0,2047,0.96,
16,6,0,0,2048,0.96,
16,31,36,0,2030,0.96,
16,18,1,0,2033,1.76,
16,18,0,0,2048,0.96,
16,2,0,0,2048,1.12,
16,23,0,0,2048,0.8,
16,12,32,0,2036,1.12,
17,8,0,0,2048,0.8,
16,8,13,0,2017,1.28,
16,6,14,0,2017,0.64,
16,8,17,0,2019,1.44,
16,11,19,0,2021,1.28,
16,8,21,0,2025,0.8,
16,9,0,0,2023,0.48,
16,4,24,0,2028,1.28,
17,15,27,0,2031,0.64,
16,5,0,0,2048,0.64,
16,28,6,0,2014,0.64,
16,19,0,0,2048,1.92,
16,5,11,0,2017,1.12,
16,46,15,0,2017,1.28,
16,21,0,0,2048,0.8,
17,9,10,0,2035,1.76,
16,27,24,0,2018,1.76,
16,14,25,0,2011,1.44,
16,22,0,0,2048,1.44,
16,19,0,1,2020,0.48,
16,22,31,0,2017,0.8,
16,25,34,0,2038,1.44,
16,24,19,0,2005,0.64,
17,6,38,0,2034,0.48,
16,38,0,0,2048,1.28,
16,10,37,0,2039,0.48,
16,14,26,0,2038,1.28,
16,8,0,0,2048,0.64,
16,5,0,0,2048,1.44,
16,9,0,0,2029,1.92,
16,16,0,1,2030,0.96,
17,1,44,0,2020,1.44,
16,21,46,0,2020,0.64,
16,4,1,0,2018,1.6,
16,20,1,0,2016,0.64,
16,2,50,0,2028,0.96,
16,19,0,0,2048,1.28,
16,16,6,0,2020,0.64,
16,3,13,0,2028,1.12,
17,37,0,0,2048,1.28,
16,17,0,0,2048,1.92,
16,22,0,0,2048,0.16,
16,25,19,0,2019,0.64,
16,25,20,0,2026,1.28,
16,22,0,0,2048,1.12,
16,13,25,0,2026,0.96,
17,29,27,0,2031,1.28,
16,21,0,0,2048,1.28,
16,1,32,0,2016,1.28,
16,42,33,0,2037,1.6,
16,21,0,0,2048,0.64,
16,11,38,0,2022,2.08,
16,27,29,0,2042,2.08,
16,7,0,0,2048,1.12,
17,4,44,0,2028,2.56,
16,18,1,0,2018,0.64,
16,12,43,0,2032,1.12,
16,8,0,1,2032,0.8,
16,7,0,0,2048,0.48,
16,15,0,1,2026,0.48,
16,0,0,0,2026,1.12,
16,16,1,0,2024,1.12,
17,3,0,0,2048,1.44,
16,25,0,0,2048,1.76,
16,1,0,0,2048,1.92,
16,33,8,0,2022,0.8,
16,22,0,0,2048,1.76,
16,19,12,0,2016,0.8,
16,2,14,0,2028,0.8,
16,42,0,0,2048,0.96,
17,20,30,0,2044,2.4,
16,25,21,0,2020,1.12,
16,24,0,0,2048,1.12,
16,0,10,1,2034,1.12,
16,40,28,0,2026,0.64,
16,25,0,0,2048,2.08,
16,0,22,1,1994,2.08,
17,44,31,0,2017,0.32,
16,5,36,0,2034,1.44,
16,29,4,0,2036,2.08,
16,14,40,0,2038,0.96,
16,10,34,0,2039,0.48,
16,0,0,0,2041,0.64,
16,17,0,1,2038,1.12,
16,0,0,0,2048,1.76,
17,14,0,1,2033,0.64,
16,1,0,0,2048,0.64,
16,15,0,0,2028,0.96,
16,2,0,0,2048,0.8,
16,18,0,0,2048,0.8,
16,2,0,0,2048,1.92,
16,15,1,0,2023,0.96,
16,13,13,0,2027,0.96,
17,7,20,0,2034,1.76,
16,21,0,0,2048,1.44,
16,5,6,0,2020,0.48,
16,40,20,0,2034,0.96,
16,24,0,0,2048,0.8,
16,24,17,0,2021,0.96,
16,23,26,0,2040,1.76,
16,27,0,0,2048,1.28,
17,23,28,0,2006,0.8,
16,11,30,0,2026,2.08,
16,30,0,0,2048,1.28,
16,18,34,0,2012,1.6,
16,21,36,0,2033,0.8,
16,17,0,0,2048,0.96,
16,21,15,0,2013,1.44,
17,21,0,0,2048,1.12,
16,13,25,0,2038,2.08,
16,13,14,0,2014,0.64,
16,0,0,0,2048,0.64,
16,20,0,0,2048,0.96,
16,0,0,0,2048,0.96,
16,16,0,0,2048,0.96,
16,0,31,0,2029,0.96,
17,16,0,1,2025,1.12,
16,3,0,0,2048,0.96,
16,23,37,0,2036,0.96,
16,9,1,0,2016,1.28,
16,24,36,0,2039,0.96,
16,2,0,0,2048,0.48,
16,43,13,0,2027,0.32,
16,21,35,0,2040,1.6,
17,18,0,0,2048,1.28,
16,6,18,0,2016,1.76,
16,33,22,0,2032,1.12,
16,19,0,0,2048,0.64,
16,22,25,0,2023,1.6,
16,0,28,0,2038,0.8,
16,43,0,0,2048,0.48,
16,24,31,0,2029,1.76,
17,22,32,0,2036,0.64,
16,22,33,0,2045,0.32,
16,20,32,0,2012,0.64,
16,2,35,0,2042,1.12,
16,25,1,1,2031,1.6,
16,4,38,0,2018,0.8,
16,15,0,0,2048,0.48,
17,3,41,0,2033,0.96,
16,21,43,0,2025,1.12,
16,11,36,0,2036,0.64,
16,8,1,0,2016,1.28,
16,13,0,1,2035,1.12,
16,9,6,0,2020,1.12,
16,3,0,1,2019,1.12,
16,17,0,1,2018,0.48,
17,9,5,0,2019,0.96,
16,20,25,0,2038,0.96,
16,0,1,1,2018,1.12,
16,38,5,0,2013,1.12,
16,23,0,0,2048,1.44,
16,24,33,0,2046,0.64,
16,22,17,0,2013,0.64,
16,22,0,0,2048,1.28,
17,21,21,0,2035,1.12,
16,20,10,1,2033,1.28,
16,15,0,0,2048,1.28,
16,27,27,0,2041,0.32,
16,21,9,0,2007,1.12,
16,23,0,0,2048,0.64,
16,1,26,0,2047,1.44,
16,42,25,0,2003,1.44,
17,16,16,0,2004,1.12,
16,14,29,0,2007,0.64,
16,5,38,0,2038,1.12,
16,15,0,0,2048,0.8,
16,3,3,0,2038,0.64,
16,14,0,0,2048,0.64,
16,2,40,0,2026,1.44,
17,11,8,0,2023,1.44,
16,8,11,0,2025,0.64,
16,6,0,0,2048,1.12,
16,16,39,0,2033,1.28,
16,11,49,0,2027,1.12,
16,0,0,1,2016,1.6,
16,16,37,0,2029,0.96,
16,20,26,0,2029,1.12,
17,20,40,0,2034,1.12,
16,20,9,0,2021,1.12,
16,24,12,0,2026,1.28,
16,23,6,2,2018,0.8,
16,22,16,0,2026,1.28,
16,1,19,0,2033,0.96,
16,44,19,0,2003,0.96,
16,21,22,0,2033,0.32,
17,1,0,0,2048,1.12,
16,45,28,0,2036,0.48,
16,20,31,0,2031,2.24,
16,3,0,0,2048,1.76,
16,42,34,0,2042,0.16,
16,19,37,0,2038,0.32,
16,13,0,0,2048,0.96,
16,16,41,0,2029,0.96,
17,10,0,0,2034,0.64,
16,0,23,0,2037,0.64,
16,16,0,0,2048,1.28,
16,4,1,0,2035,0.96,
16,9,1,0,2028,0.8,
16,8,0,1,2032,0.8,
16,7,0,0,2048,1.12,
17,13,57,0,2019,0.64,
16,0,1,0,2020,0.8,
16,13,0,1,2023,1.28,
16,7,39,0,2021,0.32,
16,20,0,1,2017,0.64,
16,1,6,0,2020,0.8,
16,39,18,0,2033,0.48,
16,12,11,0,2013,2.08,
17,29,16,0,2022,1.12,
16,28,0,0,2048,1.28,
16,19,19,0,2034,0.64,
16,4,22,0,2028,0.8,
16,39,0,0,2048,1.92,
16,22,26,0,2040,0.96,
16,23,28,0,2034,1.28,
16,23,0,0,2048,1.76,
17,7,31,0,2033,1.92,
16,37,34,0,2036,1.44,
16,22,0,0,2048,0.64,
16,20,38,0,2040,0.64,
16,13,30,0,2041,0.96,
16,12,0,0,2048,1.6,
16,6,7,0,2011,1.12,
16,3,9,0,2013,0.48,
17,9,1,0,2018,0.48,
16,13,0,1,2034,0.64,
16,10,0,0,2048,0.96,
16,5,0,1,2030,1.12,
16,9,0,1,2028,1.6,
16,16,0,0,2048,1.12,
16,11,1,0,2022,1.92,
17,2,49,0,2021,0.96,
16,11,0,1,2015,0.96,
16,24,53,0,2025,0.8,
16,17,7,0,2021,1.76,
16,24,0,0,2048,1.6,
16,4,13,0,2021,1.44,
16,41,16,0,2024,1.6,
16,20,0,0,2048,0.96,
17,20,20,0,2022,1.28,
16,24,22,0,2026,0.64,
16,20,0,0,2048,0.8,
16,24,26,0,2028,1.76,
16,1,28,0,2032,1.76,
16,34,0,0,2048,0.8,
16,29,32,0,2034,1.6,
16,2,34,0,2039,0.8,
17,39,36,0,2039,0.8,
16,22,23,0,2003,0.8,
16,9,40,0,2020,1.28,
16,9,9,0,2041,1.44,
16,8,0,1,2032,1.28,
16,13,0,1,2036,1.44,
16,8,33,0,2013,1.44,
16,0,46,0,2030,1.12,
17,19,0,1,2028,0.8,
16,3,0,0,2048,1.6,
16,15,41,0,2017,1.28,
16,5,0,1,2020,0.96,
16,14,1,0,2026,0.48,
16,4,5,0,2019,0.64,
16,21,0,1,2019,1.12,
17,18,2,1,2017,1.12,
16,2,45,0,2028,2.56,
16,40,0,0,2048,0.8,
16,22,14,0,2012,0.8,
16,1,6,1,2018,0.8,
16,41,0,0,2048,0.8,
16,25,21,0,2017,0.48,
16,23,24,0,1999,1.6,
17,23,0,0,2048,0.96,
16,0,31,0,2045,1.76,
16,44,23,1,2001,1.6,
16,18,0,0,2048,1.12,
16,6,19,2,2020,0.8,
16,38,24,0,1998,1.6,
16,17,0,0,2048,1.12,
16,6,11,0,2005,1.44,
17,20,6,0,2011,0.8,
16,2,6,0,2012,0.96,
16,18,47,0,2021,1.6,
16,4,0,0,2048,1.44,
16,18,39,0,2013,1.28,
16,4,0,0,2029,0.64,
16,3,0,0,2048,0.64,
16,12,1,0,2015,0.64,
17,5,21,0,2027,0.48,
16,15,0,0,2048,1.28,
16,12,0,0,2048,1.28,
16,5,10,0,2024,0.96,
16,25,0,0,2048,0.64,
16,20,41,0,2033,0.8,
16,26,9,1,2024,0.64,
17,19,0,0,2048,0.64,
16,26,18,0,2032,1.28,
16,18,13,0,2043,0.8,
16,22,0,0,2048,0.64,
16,21,24,0,2038,0.64,
16,22,8,0,2012,0.64,
16,15,0,0,2048,0.32,
16,34,31,0,2045,1.92,
17,23,32,0,2034,0.8,
16,20,17,0,2025,1.12,
16,19,36,0,2033,0.96,
16,17,38,0,2040,0.96,
16,15,5,0,2011,1.76,
16,6,37,0,2038,1.28,
16,14,19,0,2039,0.8,
16,11,0,0,2048,1.6,
17,13,49,0,2030,1.28,
16,9,41,0,2030,1.28,
16,8,52,0,2021,1.28,
16,14,55,0,2023,0.16,
16,7,1,0,2028,0.16,
16,7,0,1,2023,0.48,
16,4,0,1,2023,0.64,
16,8,0,0,2048,0.16,
17,24,1,0,2021,1.12,
16,19,4,0,2012,0.32,
16,3,8,0,2014,0.8,
16,45,0,0,2048,0.32,
16,24,16,0,2012,0.32,
16,21,18,0,2017,0.96,
16,20,0,0,2048,1.44,
17,16,7,0,2028,0.64,
16,5,24,0,2016,1.44,
16,36,0,0,2048,0.48,
16,22,29,0,2023,0.64,
16,25,31,0,2029,0.48,
16,18,0,0,2048,1.12,
16,30,35,0,2030,1.28,
16,22,37,0,2035,1.12,
17,20,0,0,2048,1.28,
16,14,33,0,2011,0.64,
16,3,43,0,2035,0.64,
16,13,0,0,2048,0.96,
16,4,0,0,2048,0.64,
16,11,0,1,2035,0.48,
16,4,0,0,2030,1.12,
16,9,1,0,2028,0.48,
17,11,12,0,2024,0.48,
16,16,49,0,2027,0.48,
16,6,0,0,2023,0.16,
16,9,0,0,2048,0.16,
16,15,0,0,2048,0.48,
16,0,0,0,2048,1.44,
16,31,1,0,2027,0.8,
16,19,8,0,2018,0.64,
17,23,0,0,2048,0.8,
16,7,11,0,2011,0.64,
16,41,16,0,2020,1.28,
16,12,0,0,2048,1.76,
16,33,22,0,2012,1.12,
16,22,24,0,2024,1.12,
16,22,0,0,2048,0.96,
17,20,28,0,2034,1.12,
16,23,27,0,1991,1.28,
16,19,32,0,2026,0.8,
16,21,34,0,2041,0.96,
16,1,33,0,1997,1.6,
16,38,38,0,2032,1.12,
16,13,3,1,2038,1.44,
16,9,0,0,2048,1.12,
17,5,0,0,2048,1.44,
16,20,0,0,2048,0.8,
16,4,25,0,2034,0.48,
16,6,0,0,2048,0.48,
16,4,0,0,2048,0.8,
16,8,1,0,2028,0.96,
16,4,0,0,2048,0.96,
16,22,1,0,2025,0.96,
17,4,0,0,2048,0.96,
16,19,0,1,2020,0.32,
16,0,1,0,2018,0.96,
16,22,0,0,2048,0.8,
16,28,17,0,2031,1.44,
16,0,0,0,2048,2.4,
16,40,14,0,2018,0.8,
16,20,23,0,2037,2.24,
17,20,18,0,2010,0.48,
16,22,20,0,2022,1.28,
16,3,27,0,2039,0.64,
16,45,24,0,2016,1.6,
16,24,29,0,2025,0.48,
16,25,34,0,2046,0.64,
16,19,33,0,2019,0.96,
17,19,36,0,2034,0.64,
16,9,0,0,2048,0.96,
16,9,1,0,2027,1.44,
16,36,2,0,2019,1.44,
16,1,13,0,2039,1.12,
16,18,0,0,2048,0.96,
16,5,0,0,2048,0.96,
16,17,0,0,2048,1.12,
17,5,0,0,2048,0.8,
16,12,0,1,2027,2.4,
16,10,0,0,2048,1.6,
16,12,0,0,2022,0.8,
16,0,0,0,2048,0.8,
16,12,24,0,2026,0.8,
16,6,0,0,2048,1.12,
16,24,1,0,2015,1.44,
17,21,31,0,2039,0.48,
16,3,0,0,2048,1.6,
16,46,12,1,2017,1.28,
16,22,22,0,2044,1.76,
16,21,0,0,2048,0.96,
16,13,22,0,2020,0.96,
16,7,5,0,2029,0.64,
16,19,27,0,2027,1.12,
17,36,29,0,2029,1.6,
16,22,6,0,2012,0.96,
16,24,32,0,2046,0.8,
16,1,0,0,2048,1.12,
16,44,21,0,2009,0.96,
16,21,15,1,2017,1.92,
16,19,0,0,2048,0.96,
17,3,19,0,2038,1.6,
16,19,17,0,2039,1.28,
16,4,0,1,2036,0.64,
16,5,0,1,2032,0.96,
16,15,26,0,2006,0.96,
16,2,1,0,2021,0.96,
16,15,0,1,2019,1.12,
16,3,0,0,2028,1.12,
17,21,34,0,2014,0.64,
16,5,0,1,2021,1.12,
16,18,48,0,2031,1.28,
16,1,0,0,2048,0.48,
16,29,10,0,2024,0.96,
16,7,3,0,2023,0.64,
16,28,1,0,2018,1.44,
16,7,0,0,2048,0.64,
17,37,10,0,2012,1.12,
16,19,35,0,2030,2.24,
16,4,0,0,2048,1.44,
16,46,22,0,2012,0.96,
16,22,18,2,1997,1.6,
16,23,0,0,2048,1.12,
16,25,31,0,2015,1.6,
16,22,33,0,1993,1.6,
17,7,0,0,2048,1.12,
16,34,5,0,2032,1.6,
16,15,36,0,2040,1.12,
16,11,17,0,2040,0.96,
16,3,0,0,2048,0,
16,19,46,0,2006,1.12,
16,6,0,1,2033,0.8,
17,19,0,0,2032,1.12,
16,3,52,0,2012,1.76,
16,6,54,0,2014,0.96,
16,9,0,0,2048,0.8,
16,15,1,0,2025,1.44,
16,6,0,1,2026,0.8,
16,14,1,0,2020,1.12,
16,14,6,0,2020,0.64,
17,16,0,0,2048,0.8,
16,21,10,0,2025,1.76,
16,1,10,0,2012,1.76,
16,46,0,0,2048,1.92,
16,25,18,0,2030,1.76,
16,20,21,0,2013,1.76,
16,12,0,0,2048,1.44,
16,28,26,0,2034,1.12,
17,19,27,0,2027,0.96,
16,5,0,0,2048,0.96,
16,33,0,0,2048,0.96,
16,17,6,0,2016,0.48,
16,28,36,0,2044,0.8,
16,19,0,0,2048,0.8,
16,7,20,0,2014,0.96,
16,33,5,0,2029,1.6,
17,0,24,0,2012,1.6,
16,17,34,0,2036,1.44,
16,2,1,1,2032,1.44,
16,21,1,0,2029,0.48,
16,1,10,0,2033,0.96,
16,21,0,0,2048,0.48,
16,3,36,0,2030,1.12,
17,8,0,0,2048,0.64,
16,20,40,0,2035,0.32,
16,7,1,0,2015,0.48,
16,9,24,0,2030,0.64,
16,12,5,0,2019,1.28,
16,8,30,0,2034,1.44,
16,35,10,0,2016,1.28,
16,19,0,0,2048,1.92,
17,19,0,0,2048,0.8,
16,20,15,0,2021,1.76,
16,25,0,0,2048,0.96,
16,26,21,0,2029,0.8,
16,0,21,0,2027,0.8,
16,40,0,0,2048,1.44,
16,1,27,0,2035,2.08,
16,42,27,0,2034,1.44,
17,11,0,0,2048,2.24,
16,36,30,0,2026,0.8,
16,24,33,0,1997,0.8,
16,15,0,0,2048,0.48,
16,17,38,0,2030,1.28,
16,9,39,0,2004,1.12,
16,10,1,0,2018,0.16,
16,4,41,0,2036,1.28,
17,11,46,0,2010,1.12,
16,16,0,0,2048,1.12,
16,0,0,1,2034,1.28,
16,13,0,0,2021,0.8,
16,4,11,0,2025,0.48,
16,4,1,0,2015,1.28,
16,18,15,0,2029,0.64,
17,5,5,0,2019,0.48,
16,2,0,0,2048,0.32,
16,22,0,0,2048,0.32,
16,15,1,1,2014,0.48,
16,21,9,0,2023,0.32,
16,23,27,0,2041,2.24,
16,29,14,0,2014,1.76,
16,24,17,0,2027,1.44,
17,24,0,0,2048,1.6,
16,0,24,0,2012,1.92,
16,44,26,0,2031,0.64,
16,24,0,0,2048,1.44,
16,20,30,0,2019,1.6,
16,21,33,0,2037,1.12,
16,22,0,0,2048,1.6,
16,18,37,0,2025,1.28,
17,20,38,0,2034,1.6,
16,18,0,0,2048,1.28,
16,5,43,0,2031,1.12,
16,22,3,1,2025,1.44,
16,7,12,0,2010,0.64,
16,7,29,0,2034,0.64,
16,4,36,0,2018,1.12,
16,5,1,0,2031,0.48,
17,11,40,0,2023,0.8,
16,17,1,1,2020,0.8,
16,10,1,0,2024,0.96,
16,3,0,1,2023,2.08,
16,17,3,0,2017,0.96,
16,4,13,0,2027,0.96,
16,23,0,0,2048,1.76,
17,24,9,0,2023,1.44,
16,22,9,0,2017,1.6,
16,21,0,0,2048,1.44,
16,1,16,0,2028,1.28,
16,43,18,0,2021,1.28,
16,20,0,0,2048,1.28,
16,1,23,0,2035,0.8,
16,28,25,0,2027,0.8,
17,38,27,0,2027,0.64,
16,20,4,1,2040,1.44,
16,20,31,0,2019,2.08,
16,20,33,0,2033,1.6,
16,0,2,2,2014,1.28,
16,39,37,0,2025,1.44,
16,16,39,0,2039,1.44,
16,19,15,0,2011,0.64,
17,3,0,0,2048,1.76,
16,19,45,0,2033,0.96,
16,11,0,1,2031,0.48,
16,6,24,0,2020,0.32,
16,13,0,0,2048,0.32,
16,10,27,0,2023,1.12,
16,9,0,0,2048,0.8,
16,16,31,0,2031,0.48,
17,0,1,0,2015,0.96,
16,9,0,0,2048,0.96,
16,10,0,0,2048,1.28,
16,31,1,0,2022,1.28,
16,17,9,0,2021,0.96,
16,7,0,0,2048,0.96,
16,34,11,0,2013,1.92,
17,19,17,0,2027,1.28,
16,22,0,0,2048,1.12,
16,19,9,0,2045,1.44,
16,24,23,0,2033,1.44,
16,22,0,0,2048,0.96,
16,22,16,1,2003,1.92,
16,2,29,0,2040,1.12,
16,44,0,0,2048,1.76,
17,24,29,0,2011,1.28,
16,22,32,0,2039,1.76,
16,17,34,0,2042,0.96,
16,9,35,0,2018,1.6,
16,23,0,0,2048,1.12,
16,11,40,0,2022,0.64,
16,4,0,0,2048,0.96,
16,13,1,0,2015,0.96,
17,0,0,0,2048,1.28,
16,21,42,0,2033,1.28,
16,4,7,0,2021,1.28,
16,13,17,0,2033,1.44,
16,6,0,1,2032,0.64,
16,9,14,0,2028,0.32,
16,4,16,0,2030,0.96,
16,13,0,0,2048,1.12,
17,4,20,0,2034,0.64,
16,17,3,0,2017,2.08,
16,24,6,0,2020,0.8,
16,22,7,0,2013,1.76,
16,22,11,0,2021,1.12,
16,0,14,0,2024,1.12,
16,45,18,0,2016,0.96,
17,5,0,0,2048,1.28,
16,37,21,0,2023,1.28,
16,20,22,0,2022,1.44,
16,20,0,0,2048,1.44,
16,20,27,0,2029,0.8,
16,24,28,0,2028,1.6,
16,26,0,0,2048,0.96,
16,20,33,0,2035,0.96,
17,25,33,0,1999,2.08,
16,12,0,0,2048,1.6,
16,23,13,0,2044,1.6,
16,6,39,0,2006,0.64,
16,11,0,0,2048,1.28,
16,5,0,1,2038,1.28,
16,11,0,0,2026,0.96,
16,6,0,0,2024,1.12,
17,9,0,1,2032,0.8,
16,7,0,1,2030,1.28,
16,5,0,1,2016,0.8,
16,9,5,0,2019,1.28,
16,4,4,0,2018,1.12,
16,18,6,0,2018,0.8,
16,6,8,0,2020,0.96,
16,5,0,0,2048,0.8,
17,31,15,0,2029,0.8,
16,21,0,0,2048,1.44,
16,0,10,0,2018,1.6,
16,49,15,0,2009,2.24,
16,13,0,0,2048,0.96,
16,32,20,0,2020,0.48,
16,0,23,0,2013,1.6,
17,44,29,0,2043,1.6,
16,20,29,0,2027,0.8,
16,6,32,0,2044,1.44,
16,44,19,1,2031,0.64,
16,20,35,0,2033,0.8,
16,20,12,0,2029,0.48,
16,3,2,0,2018,1.12,
16,33,39,0,2039,0.64,
17,4,0,0,2048,1.28,
16,20,5,1,2014,1.6,
16,8,11,0,2019,1.44,
16,8,10,0,2016,0.8,
16,2,0,0,2048,0.64,
16,17,0,0,2029,0.8,
16,3,17,0,2025,0.96,
16,15,21,0,2029,0.64,
17,14,21,0,2029,0.8,
16,5,0,1,2019,0.48,
16,17,0,1,2016,0.8,
16,5,26,0,2032,0.48,
16,32,7,0,2013,0.96,
16,21,0,0,2048,0.96,
16,26,32,0,2039,1.12,
16,23,18,0,2014,1.76,
17,21,0,0,2048,1.12,
16,20,22,0,2020,0.8,
16,16,24,0,2020,1.12,
16,22,1,0,2015,1.28,
16,21,28,0,2024,0.8,
16,21,31,0,2029,1.44,
16,23,33,0,2029,1.44,
17,10,0,0,2048,0.96,
16,31,16,0,2012,0.64,
16,18,39,0,2035,1.44,
16,20,0,0,2048,0.8,
16,2,22,0,2018,0.48,
16,21,24,0,2038,0.32,
16,12,27,0,2029,0.8,
16,2,17,0,2009,0.48,
17,20,31,0,2034,0.96,
16,7,0,1,2018,0.32,
16,16,23,0,2015,0.64,
16,15,3,0,2017,0.96,
16,10,0,0,2048,1.28,
16,18,0,0,2048,0.8,
16,1,0,0,2048,1.28,
16,30,14,0,2028,1.28,
17,18,1,0,2025,0.8,
16,21,0,0,2048,0.96,
16,0,11,0,2023,0.96,
16,36,42,0,2034,1.12,
16,21,9,0,2011,1.12,
16,21,12,0,2016,1.44,
16,20,13,0,2036,1.6,
16,22,17,0,2015,1.44,
17,23,24,0,2036,1.76,
16,19,12,2,2042,0.8,
16,20,0,0,2048,1.12,
16,23,30,0,2042,2.08,
16,7,8,0,2014,1.12,
16,33,0,0,2048,1.6,
16,16,8,0,2046,0.64,
17,6,0,0,2048,0.8,
16,22,36,0,2034,1.28,
16,3,34,0,2016,1.12,
16,23,40,0,2038,2.08,
16,13,0,0,2048,0.8,
16,0,40,0,2022,0.8,
16,21,42,0,2024,1.12,
16,1,1,0,2019,0.96,
17,17,0,0,2048,0.48,
16,4,33,0,2029,1.12,
16,17,4,0,2018,0.64,
16,7,15,0,2029,1.12,
16,19,17,0,2031,0.96,
16,6,0,0,2048,0.64,
16,25,34,0,2042,1.6,
16,2,0,0,2048,0.8,
17,36,7,0,2019,0.8,
16,22,9,0,2021,0.64,
16,8,29,0,2043,1.12,
16,34,0,0,2048,1.44,
16,21,15,0,2027,1.44,
16,23,8,2,2038,1.6,
16,3,0,0,2048,1.92,
16,45,22,0,2033,0.96,
17,21,32,0,2047,2.4,
16,22,0,0,2048,1.76,
16,12,29,0,2013,1.12,
16,27,8,0,2025,1.76,
16,13,0,1,2022,2.72,
16,7,32,0,2045,1.28,
16,22,0,0,2048,0.64,
17,6,40,0,2028,1.76,
16,9,6,0,2020,1.12,
16,15,8,0,2022,1.28,
16,10,0,0,2048,1.12,
16,11,34,0,2034,0.96,
16,0,1,0,2030,0.96,
16,8,1,0,2026,1.76,
16,7,0,0,2048,1.44,
17,8,56,0,2020,1.76,
16,20,0,0,2048,1.76,
16,2,0,1,2024,0.48,
16,19,5,0,2019,1.44,
16,4,26,0,2040,0.96,
16,30,28,0,2042,1.12,
16,12,8,0,2014,1.28,
16,32,0,0,2048,2.08,
17,20,15,0,2029,0.48,
16,5,16,0,2012,0.64,
16,41,0,0,2048,0.96,
16,23,21,0,2036,1.12,
16,22,22,0,2019,1.6,
16,4,0,0,2048,0.8,
16,42,28,0,2042,0.48,
16,5,29,0,2025,0.96,
17,33,0,0,2048,0.96,
16,21,33,0,2033,0.48,
16,0,32,0,2012,1.12,
16,39,0,0,2048,1.44,
16,14,39,0,2039,1.28,
16,11,0,0,2048,0.96,
16,9,0,0,2048,1.28,
17,4,41,0,2019,1.76,
16,20,0,1,2035,0.8,
16,1,46,0,2024,0.32,
16,19,0,0,2031,1.44,
16,4,0,1,2029,1.28,
16,10,45,0,2029,0.8,
16,3,36,0,2029,0.96,
16,9,23,0,2029,1.44,
17,17,1,0,2019,1.44,
16,1,5,0,2019,0.96,
16,29,0,0,2048,0.64,
16,0,0,0,2048,1.44,
16,21,9,0,2011,1.44,
16,37,0,0,2048,1.28,
16,22,14,0,2024,1.6,
16,17,16,0,2016,1.28,
17,21,17,0,2030,1.44,
16,21,26,0,2040,1.44,
16,25,23,0,2037,0.96,
16,1,24,0,2036,1.28,
16,46,32,0,2046,1.12,
16,24,30,0,2044,0.8,
16,22,31,0,2041,2.08,
16,5,19,1,2015,1.12,
17,38,36,0,2042,0.16,
16,17,0,0,2048,1.6,
16,0,39,0,2037,1.6,
16,23,39,0,2009,1.6,
16,4,1,0,2035,0.32,
16,15,19,0,2012,0.96,
16,3,22,0,2014,1.12,
17,14,1,0,2026,1.12,
16,4,1,0,2032,0.96,
16,12,51,0,2021,1.12,
16,3,0,1,2016,1.76,
16,12,15,0,2029,1.92,
16,1,17,0,2032,0.8,
16,16,6,0,2020,0.64,
16,2,22,0,2036,0.16,
17,26,3,0,2017,0.8,
16,11,42,0,2034,0.48,
16,30,0,0,2048,1.6,
16,21,11,0,2011,2.08,
16,22,16,0,2020,0.8,
16,21,0,0,2048,1.6,
16,23,19,0,2015,1.12,
16,2,22,0,2026,1.12,
17,42,0,0,2048,1.12,
16,22,29,0,2043,0.96,
16,25,27,0,2033,1.12,
16,7,0,0,2048,0.96,
16,38,14,0,2037,1.12,
16,6,35,0,2037,1.28,
16,32,38,0,2030,1.6,
16,1,30,0,2041,1.12,
17,26,1,1,2014,0.96,
16,8,1,1,2039,0.96,
16,10,32,0,2036,0.96,
16,7,15,0,2036,0.8,
16,12,1,0,2025,0.48,
16,7,0,0,2048,0.48,
16,17,54,0,2014,0.96,
17,1,0,1,2017,0.8,
16,17,0,0,2048,0.64,
16,8,0,0,2048,0.64,
16,3,0,0,2048,0.8,
16,12,4,0,2018,0.96,
16,9,27,0,2037,1.76,
16,34,2,0,2014,1.28,
16,22,6,0,2010,0.8,
17,27,0,0,2048,1.6,
16,22,18,0,2016,2.4,
16,21,29,0,2043,1.44,
16,21,0,0,2048,1.6,
16,18,24,0,2022,0.8,
16,3,1,1,2046,0.96,
16,37,0,0,2048,1.12,
16,1,12,0,2012,0.32,
17,44,11,0,2013,1.6,
16,23,34,0,2028,1.12,
16,20,37,0,2025,1.44,
16,23,22,0,2014,1.92,
16,17,40,0,2034,1.92,
16,4,43,0,2031,1.6,
16,13,35,0,2037,0.96,
16,15,37,0,2034,0.96,
17,5,2,0,2016,0.96,
16,8,4,0,2018,1.12,
16,14,0,0,2048,1.28,
16,9,0,0,2048,1.12,
16,7,23,0,2021,0.48,
16,17,43,0,2035,0.8,
16,1,0,1,2021,1.12,
17,23,28,0,2036,0.96,
16,1,2,0,2016,1.44,
16,29,21,0,2035,0.8,
16,19,0,0,2048,0.96,
16,18,8,0,2022,0.64,
16,10,4,1,2018,1.6,
16,36,0,0,2048,1.12,
16,23,16,0,2026,1.28,
17,22,1,2,2035,0.32,
16,20,0,0,2048,0.8,
16,20,25,0,2039,1.28,
16,1,10,0,2008,1.12,
16,43,0,0,2048,1.12,
16,24,31,0,2045,1.44,
16,23,27,0,2003,0.96,
16,22,0,0,2048,2.24,
17,8,35,0,2032,1.6,
16,10,33,0,2009,0.8,
16,25,36,0,2002,0.64,
16,3,37,0,2013,1.6,
16,15,40,0,2006,0.48,
16,10,0,1,2031,0.8,
16,0,21,0,2036,1.6,
16,18,1,0,2027,0.64,
17,0,0,0,2048,0.96,
16,16,0,1,2027,1.28,
16,2,14,0,2028,0.8,
16,18,0,0,2048,0.32,
16,8,0,0,2020,0.96,
16,5,0,0,2048,1.28,
16,14,0,0,2018,0.64,
17,8,2,0,2014,0.96,
16,30,0,0,2048,0.96,
16,20,10,0,2023,0.8,
16,25,13,0,2017,2.08,
16,23,0,0,2048,1.12,
16,5,20,0,2026,0.96,
16,40,22,0,2020,1.28,
16,21,0,0,2048,1.6,
17,20,6,0,2018,1.28,
16,22,27,0,2020,1.44,
16,22,0,0,2048,1.6,
16,8,13,0,2011,1.76,
16,36,34,0,2026,0.96,
16,21,0,0,2048,0.96,
16,19,23,0,2013,1.6,
16,19,40,0,2032,1.6,
17,3,0,0,2048,1.44,
16,20,4,0,2034,1.28,
16,0,0,0,2048,1.28,
16,14,0,1,2034,0.8,
16,9,0,0,2030,1.12,
16,11,0,1,2026,1.28,
16,12,0,1,2025,0.64,
16,10,0,0,2023,0.96,
17,12,44,0,2034,0.96,
16,8,1,0,2018,0.64,
16,1,30,0,2035,1.6,
16,11,3,0,2015,0.48,
16,10,0,0,2048,1.12,
16,36,21,0,2035,1.12,
16,19,23,0,2037,2.24,
17,12,10,0,2022,1.76,
16,30,0,0,2048,1.76,
16,22,16,0,2010,1.92,
16,23,18,0,2026,1.92,
16,21,0,0,2048,1.28,
16,22,22,0,2016,0.96,
16,4,24,0,2032,1.6,
16,36,0,0,2048,1.6,
17,2,28,0,2040,0.96,
16,46,30,0,2034,2.24,
16,23,0,0,2048,1.44,
16,19,32,0,2046,1.76,
16,21,36,0,2040,1.12,
16,4,0,0,2048,1.28,
16,18,0,0,2048,1.28,
16,4,1,0,2029,0.8,
17,10,45,0,2007,1.12,
16,3,0,1,2036,0.96,
16,9,0,1,2034,0.8,
16,3,0,0,2048,0.96,
16,8,0,0,2048,0.8,
16,5,4,0,2018,0.64,
16,22,1,0,2026,1.6,
16,9,0,0,2048,0.8,
17,0,10,0,2024,0.8,
16,11,0,0,2019,0.8,
16,14,23,0,2021,1.12,
16,19,32,0,2019,0.32,
16,20,18,0,2032,1.12,
16,22,0,0,2048,1.12,
16,16,14,0,2006,0.96,
17,32,17,0,2019,1.44,
16,26,0,0,2048,0.96,
16,1,25,0,2027,0.96,
16,49,29,0,2019,1.28,
16,23,0,0,2048,0.48,
16,18,33,0,2031,0.64,
16,18,35,0,2025,0.8,
16,19,37,0,2035,0.8,
17,19,1,0,2018,0.8,
16,7,1,0,2018,1.44,
16,14,0,0,2048,1.6,
16,36,12,0,2010,2.24,
16,1,35,0,2034,1.92,
16,20,0,0,2048,0.8,
16,4,2,1,2029,0.8,
16,6,20,0,2018,0.96,
17,7,25,0,2028,0.48,
16,8,24,0,2022,0.8,
16,19,1,0,2024,1.44,
16,0,0,1,2023,1.44,
16,18,0,1,2015,0.48,
16,20,0,0,2048,0.8,
16,13,5,0,2017,0.96,
16,32,8,0,2023,1.44,
17,1,13,0,2011,2.24,
16,46,40,0,2038,1.44,
16,19,0,0,2048,2.4,
16,15,23,0,2013,1.6,
16,10,4,0,2031,1.44,
16,30,3,1,2013,2.08,
16,21,0,0,2048,0.48,
17,5,31,0,2027,1.44,
16,35,34,0,2034,1.12,
16,8,11,0,2019,1.76,
16,34,37,0,2033,1.28,
16,6,36,0,2040,0.96,
16,36,17,0,2026,1.92,
16,17,32,0,2038,1.76,
16,6,9,0,2023,1.44,
17,15,28,0,2035,0.96,
16,11,8,0,2035,0.8,
16,0,0,1,2031,0.8,
16,23,1,0,2024,0.8,
16,2,0,0,2026,0.8,
16,29,0,1,2023,1.6,
16,4,7,0,2021,0.48,
16,25,2,0,2014,1.28,
17,10,15,0,2029,1.6,
16,24,1,1,2041,1.12,
16,6,0,1,2037,0.64,
16,36,0,1,2016,0.48,
16,0,1,0,2029,0.48,
16,34,19,0,2035,1.44,
16,4,23,0,2037,0.96,
16,34,0,0,2048,2.4,
17,15,9,0,2017,0.96,
16,28,25,0,2033,0.64,
16,22,0,0,2048,0.48,
16,22,15,0,2024,1.44,
16,21,31,0,2039,0.96,
16,4,0,0,2048,1.12,
16,35,22,0,2030,1.44,
17,18,12,0,2010,2.08,
16,8,29,0,2039,1.92,
16,19,0,1,2043,2.08,
16,15,0,1,2015,0.96,
16,14,0,0,2048,1.12,
16,3,0,0,2048,1.12,
16,29,0,0,2048,1.76,
16,2,9,0,2023,1.44,
17,22,0,0,2048,0.64,
16,0,0,0,2048,1.12,
16,17,24,0,2038,1.12,
16,16,0,0,2048,0.96,
16,5,0,1,2022,2.08,
16,13,1,0,2027,1.28,
16,19,1,0,2017,1.76,
16,17,0,0,2048,0.8,
17,22,1,0,2038,1.12,
16,9,19,0,2033,1.12,
16,26,31,0,2046,0.48,
16,9,23,0,2037,1.12,
16,33,0,0,2048,1.76,
16,20,14,0,2028,1.44,
16,4,29,0,2043,1.28,
16,42,0,0,2048,0.96,
17,1,15,0,2003,0.48,
16,42,17,0,2021,1.92,
16,18,24,0,2038,1.92,
16,16,21,0,2009,0.64,
16,14,24,0,2028,1.28,
16,16,0,0,2048,0.96,
16,26,0,0,2048,1.12,
17,2,29,0,2017,1.28,
16,35,0,0,2048,1.12,
16,14,0,0,2048,1.6,
16,1,0,0,2048,0.96,
16,20,1,0,2034,0.8,
16,18,0,0,2048,0.8,
16,1,0,1,2031,0.64,
16,22,1,0,2025,0.8,
17,0,0,0,2048,0.96,
16,19,0,1,2016,0.64,
16,0,0,0,2048,0.48,
16,20,0,1,2018,1.12,
16,2,6,0,2020,0,
16,27,3,0,2017,1.92,
16,5,5,0,2019,2.56,
16,18,0,0,2017,1.12,
17,22,3,0,2015,1.12,
16,17,5,0,2019,0.96,
16,3,8,0,2018,1.76,
16,34,0,0,2048,1.12,
16,19,12,0,2022,1.12,
16,22,0,0,2048,1.92,
16,0,10,0,2018,1.28,
16,41,17,0,2029,1.44,
17,23,0,0,2048,1.92,
16,26,19,0,2001,0.96,
16,23,30,0,2044,1.12,
16,19,0,0,2048,0.8,
16,16,26,0,2007,1.92,
16,18,0,1,2031,1.28,
16,17,0,0,2048,0.64,
17,13,0,0,2048,1.28,
16,3,0,1,2015,1.12,
16,20,6,0,2018,1.28,
16,2,5,0,2019,0.64,
16,23,11,0,2023,0.64,
16,4,9,0,2023,0.8,
16,16,0,0,2018,1.28,
16,5,13,0,2027,1.28,
17,15,0,1,2025,0.96,
16,5,21,0,2033,1.92,
16,8,1,0,2028,0.64,
16,10,15,0,2030,0.8,
16,7,0,1,2018,0.8,
16,19,0,1,2021,0.8,
16,15,0,0,2048,1.12,
16,20,0,0,2048,1.76,
17,22,27,0,2042,2.08,
16,22,11,0,2025,1.6,
16,20,13,0,2027,0.8,
16,23,20,0,2047,0.8,
16,0,0,0,2048,0.8,
16,38,18,0,2020,1.28,
16,2,31,0,2046,1.44,
16,41,0,0,2048,1.44,
17,20,13,0,2013,1.28,
16,0,27,0,2039,1.76,
16,45,0,0,2048,0.96,
16,21,21,0,2017,1.6,
16,21,33,0,2045,1.28,
16,5,25,0,1997,0.64,
16,30,27,0,1999,1.12,
17,11,0,1,2033,0.32,
16,2,27,0,2041,0.32,
16,12,1,0,2041,1.12,
16,13,35,0,2007,1.12,
16,7,0,1,2036,1.44,
16,5,0,0,2032,0.64,
16,10,0,0,2048,1.76,
16,14,0,0,2048,0.96,
17,3,5,0,2019,1.12,
16,16,41,0,2032,1.12,
16,12,0,0,2048,2.08,
16,0,7,0,2019,1.44,
16,21,0,0,2048,2.24,
16,1,3,0,2017,1.28,
16,23,0,0,2048,1.6,
16,10,0,0,2048,1.76,
17,9,17,0,2029,1.28,
16,40,0,0,2048,1.6,
16,24,12,0,2019,0.96,
16,21,23,0,2035,1.92,
16,25,0,0,2048,1.44,
16,7,20,0,2024,1.6,
16,37,29,0,2041,1.28,
16,11,0,0,2048,1.92,
17,32,27,0,2025,1.6,
16,16,29,0,2041,1.76,
16,22,0,0,2048,1.76,
16,19,33,0,2031,0.96,
16,3,1,2,2013,0.96,
16,35,37,0,2033,1.76,
16,1,15,0,2017,0.96,
17,32,41,0,2033,1.6,
16,5,13,0,2015,0.64,
16,13,0,0,2048,1.28,
16,4,0,0,2048,1.12,
16,16,0,0,2048,1.6,
16,15,0,0,2048,1.92,
16,2,1,0,2027,1.92,
16,22,0,0,2048,0.96,
17,7,1,0,2026,0.96,
16,14,0,0,2048,1.12,
16,7,0,0,2048,1.12,
16,6,0,0,2048,1.28,
16,33,5,0,2017,0.64,
16,21,21,0,2035,1.28,
16,10,0,0,2048,0.96,
16,28,11,0,2024,1.12,
17,22,14,0,2028,0.32,
16,9,1,0,2026,1.44,
16,29,3,0,2015,1.28,
16,2,0,0,2048,2.08,
16,44,23,0,2035,2.4,
16,1,19,0,2007,1.12,
16,39,0,0,2048,1.44,
16,20,23,0,2015,1.12,
17,23,31,0,2045,1.6,
16,24,33,0,2039,1.44,
16,22,0,0,2048,1.76,
16,11,10,0,2030,1.12,
16,8,0,0,2048,1.12,
16,19,0,0,2048,1.28,
16,0,30,0,2012,1.92,
17,20,0,0,2048,1.44,
16,7,0,0,2035,1.6,
16,9,1,0,2021,1.28,
16,1,38,0,2020,0.64,
16,13,0,0,2048,0.48,
16,4,6,0,2020,1.12,
16,9,0,0,2016,1.12,
16,13,1,0,2020,0.48,
17,1,12,0,2026,1.12,
16,19,6,0,2020,1.12,
16,11,16,0,2030,1.12,
16,6,10,0,2025,0.8,
16,26,7,0,2021,1.12,
16,17,9,0,2024,1.92,
16,11,7,0,2020,1.12,
16,37,11,0,2018,0.96,
17,24,28,0,2042,1.28,
16,10,20,0,2030,1.28,
16,42,0,0,2048,1.76,
16,22,18,2,2039,0.96,
16,23,29,0,2033,0.48,
16,21,0,0,2048,0.96,
16,18,13,0,2010,0.48,
16,5,35,0,2039,2.24,
17,34,0,0,2048,1.12,
16,16,6,0,2010,1.44,
16,17,42,0,2034,1.76,
16,1,43,0,2027,1.6,
16,27,45,0,2030,1.76,
16,10,23,0,2036,1.28,
16,1,13,0,2017,1.44,
17,15,15,0,2019,0.64,
16,11,31,0,2023,0.64,
16,1,0,0,2025,0.64,
16,10,2,0,2016,1.44,
16,16,1,0,2024,1.28,
16,2,39,0,2031,1.12,
16,22,1,0,2019,0.64,
16,2,1,0,2015,1.76,
17,31,8,0,2022,1.6,
16,23,8,0,2020,2.08,
16,7,12,0,2017,1.6,
16,19,14,0,2028,1.12,
16,34,16,0,2024,0.96,
16,19,19,0,2023,0.64,
16,20,20,0,2034,1.28,
16,21,22,0,2030,0.64,
17,20,0,0,2048,1.12,
16,23,18,0,2017,2.24,
16,22,32,0,2047,1.28,
16,20,0,0,2048,1.44,
16,4,25,0,2023,1.44,
16,43,16,0,2015,0.8,
16,20,0,0,2048,0.8,
16,16,31,0,2029,0.48,
17,1,28,0,2020,0.96,
16,21,31,0,2029,0.96,
16,10,0,1,2033,0.8,
16,8,1,0,2032,1.28,
16,16,0,1,2022,0.96,
16,6,39,0,2031,1.6,
16,19,0,1,2022,0.64,
17,0,0,0,2021,0.48,
16,17,38,0,2036,1.6,
16,1,1,0,2016,0.48,
16,8,7,0,2021,1.12,
16,21,23,0,2035,1.76,
16,0,0,0,2048,1.76,
16,31,5,0,2015,2.24,
16,7,12,0,2026,0.8,
17,30,41,0,2031,1.6,
16,22,0,0,2048,1.76,
16,21,13,0,2013,1.76,
16,20,2,2,2020,1.92,
16,16,0,0,2048,0.8,
16,9,19,0,2019,1.92,
16,41,14,0,2010,1.12,
16,26,0,0,2048,1.44,
17,21,27,0,2029,1.92,
16,2,31,0,2045,1.44,
16,43,0,0,2048,0.96,
16,17,33,0,2035,1.6,
16,19,3,0,2036,1.28,
16,0,0,0,2048,1.28,
16,28,40,0,2034,0.64,
16,12,12,0,2016,0.96,
17,2,0,0,2020,0.64,
16,13,5,0,2019,0.8,
16,8,2,0,2016,0.96,
16,16,20,0,2024,1.6,
16,9,0,1,2025,1.12,
16,10,53,0,2023,1.44,
16,1,15,0,2030,0.32,
17,13,0,1,2017,1.12,
16,1,0,0,2048,0.64,
16,21,0,0,2048,0.96,
16,18,0,1,2023,1.6,
16,0,3,0,2015,1.12,
16,40,5,0,2017,0.96,
16,1,11,0,2011,1.6,
16,41,0,0,2048,2.24,
17,23,16,0,2024,0.64,
16,23,31,0,2045,1.28,
16,0,0,0,2048,1.28,
16,41,22,0,2030,0.32,
16,20,9,1,2031,2.4,
16,25,0,0,2048,0.8,
16,7,28,0,2036,0.8,
16,33,21,0,1995,0.64,
17,23,0,0,2048,0.48,
16,16,34,0,2038,0.48,
16,7,3,1,2041,1.44,
16,30,33,0,2011,1.92,
16,1,35,0,2025,1.44,
16,19,36,0,2004,1.12,
16,5,5,0,2040,1.6,
16,10,0,0,2048,1.12,
17,11,43,0,2033,0.64,
16,11,0,0,2048,1.44,
16,9,1,0,2019,1.28,
16,11,0,1,2030,1.44,
16,16,0,1,2027,1.12,
16,1,0,0,2048,0.96,
16,11,11,0,2025,0.8,
17,22,0,0,2048,1.44,
16,0,1,0,2015,0.48,
16,30,1,1,2017,0.48,
16,2,20,0,2034,0.8,
16,43,0,0,2048,0.8,
16,23,15,0,2027,0.8,
16,19,26,0,2040,1.92,
16,5,0,0,2048,0.96,
17,38,20,0,2020,1.44,
16,20,22,0,2020,1.6,
16,20,24,0,2028,1.44,
16,2,26,0,2026,1.6,
16,40,28,0,2026,0.96,
16,3,30,0,2034,1.12,
16,40,33,0,2033,1.28,
16,21,34,0,2032,1.92,
17,6,35,0,2041,1.12,
16,32,25,0,2043,1.12,
16,14,0,0,2048,1.28,
16,0,19,0,2017,1.28,
16,22,17,0,2014,0.8,
16,2,23,0,2021,1.28,
16,19,25,0,2023,0.96,
16,9,24,0,2020,1.12,
17,6,29,0,2027,0.8,
16,15,0,1,2024,0.8,
16,1,0,0,2048,0.32,
16,16,20,0,2030,0.32,
16,10,22,0,2032,0.96,
16,0,0,1,2017,0.96,
16,30,1,0,2015,0.96,
17,18,8,0,2022,0.8,
16,21,8,0,2022,1.44,
16,14,8,0,2020,0.96,
16,9,14,0,2028,1.76,
16,39,14,0,2029,1.6,
16,21,17,0,2025,1.76,
16,6,20,0,2034,1.6,
16,37,21,0,2035,2.08,
17,19,0,0,2048,1.12,
16,26,25,0,2039,1.92,
16,24,28,0,2042,2.56,
16,23,0,0,2048,1.12,
16,0,31,0,2045,1.12,
16,42,17,0,2047,0.96,
16,6,0,0,2048,0.64,
16,24,0,1,2041,0.64,
17,2,0,0,2048,0.64,
16,18,0,0,2027,1.6,
16,4,0,0,2048,1.28,
16,7,45,0,2025,0.96,
16,11,0,0,2034,0.64,
16,5,1,0,2032,1.76,
16,7,52,0,2020,0.48,
16,3,2,0,2016,0.8,
17,10,0,1,2017,1.76,
16,7,0,1,2022,1.12,
16,7,8,0,2022,1.6,
16,16,0,0,2048,0.48,
16,13,0,0,2048,1.6,
16,2,16,0,2030,0.96,
16,31,16,0,2031,1.12,
17,23,0,0,2048,1.6,
16,23,12,0,2014,1.44,
16,23,15,0,2023,1.44,
16,21,0,0,2048,0.96,
16,23,19,0,2019,0.32,
16,2,23,0,2027,1.6,
16,49,0,0,2048,1.6,
16,11,31,0,2021,2.24,
17,31,32,0,2022,1.12,
16,16,0,0,2048,1.6,
16,25,36,0,2024,0.64,
16,7,38,0,2028,0.96,
16,29,0,0,2048,0.64,
16,13,24,0,2039,1.76,
16,16,43,0,2035,0.96,
16,6,12,0,2018,1.12,
17,8,0,0,2048,0.16,
16,18,0,0,2024,1.44,
16,0,20,0,2024,1.12,
16,21,20,0,2026,1.28,
16,0,0,1,2028,0.96,
16,17,1,0,2016,0.96,
16,3,2,0,2016,1.12,
16,8,6,0,2020,1.28,
17,29,30,0,2036,1.28,
16,21,35,0,2039,0.96,
16,25,25,0,2037,0.8,
16,1,14,0,2028,1.44,
16,45,10,2,2036,0.8,
16,20,32,0,2044,1.12,
16,13,21,0,2033,0.16,
17,24,27,0,2045,0.96,
16,1,3,0,2013,0.32,
16,38,27,0,2023,1.6,
16,18,1,0,2031,1.6,
16,22,1,0,2015,1.76,
16,20,34,0,2046,1.92,
16,22,19,0,2021,1.28,
16,26,19,0,2009,0.8,
17,17,0,0,2048,0.8,
16,4,23,0,2009,1.28,
16,13,0,0,2048,0.96,
16,9,5,0,2015,0.8,
16,19,7,0,2017,1.28,
16,4,31,0,2021,0.64,
16,20,33,0,2023,0.8,
16,6,0,0,2048,0.8,
17,9,7,0,2023,1.12,
16,17,17,0,2027,1.28,
16,10,0,0,2048,0.8,
16,9,1,0,2016,0.48,
16,28,4,0,2018,1.44,
16,5,11,0,2025,1.6,
16,23,1,0,2018,1.12,
16,27,0,0,2048,0.64,
17,0,32,0,2042,1.28,
16,41,9,0,2017,1.6,
16,18,10,0,2010,1.28,
16,26,7,2,2037,1.12,
16,5,17,0,2021,1.44,
16,39,19,0,2013,2.08,
16,21,9,0,2008,1.12,
17,21,24,0,2014,1.28,
16,23,25,0,2029,1.76,
16,16,0,0,2048,1.44,
16,19,30,0,2020,0.96,
16,12,32,0,2036,1.44,
16,22,0,0,2048,1.12,
16,9,36,0,2040,0.8,
16,15,1,0,2041,0.64,
17,5,25,0,2042,1.28,
16,22,7,0,2021,0.8,
16,12,0,0,2048,1.6,
16,8,0,1,2028,1.6,
16,4,22,0,2035,0.64,
16,14,0,1,2034,1.28,
16,0,45,0,2031,1.28,
16,19,0,0,2048,0.32,
17,5,0,1,2028,0.16,
16,16,23,0,2037,0.8,
16,15,0,1,2020,0.8,
16,6,0,1,2016,1.28,
16,25,4,0,2016,1.44,
16,2,7,0,2019,0.96,
16,38,0,0,2048,0.8,
16,19,10,0,2020,1.92,
17,21,11,0,2009,2.08,
16,22,0,0,2048,0.32,
16,21,2,0,2015,1.76,
16,22,17,0,2016,1.12,
16,3,0,0,2048,1.44,
16,43,23,0,2034,1.44,
16,23,26,0,2031,1.28,
17,25,0,0,2048,2.56,
16,17,29,0,2039,1.76,
16,22,31,0,2044,1.12,
16,18,0,0,2048,0.96,
16,7,36,0,2038,1.12,
16,20,32,0,2042,0.48,
16,0,0,0,2048,0.8,
16,20,0,1,2042,0.96,
17,5,0,1,2039,1.12,
16,4,0,1,2037,0.96,
16,19,1,0,2033,1.92,
16,10,33,0,2021,1.28,
16,4,0,0,2048,0.32,
16,12,0,0,2048,0.8,
16,10,0,0,2048,1.6,
16,7,41,0,2029,0.48,
17,6,0,0,2048,1.44,
16,6,0,1,2020,1.12,
16,21,0,1,2016,0.8,
16,18,0,0,2048,0.96,
16,7,2,2,2028,0.96,
16,35,27,0,2041,1.6,
16,20,0,0,2048,1.76,
16,3,14,0,2006,1.76,
17,44,16,0,2030,1.92,
16,8,19,0,2033,1.12,
16,33,20,0,2028,1.6,
16,18,22,0,2036,0.8,
16,9,25,0,2039,0.96,
16,39,26,0,2034,1.6,
16,0,28,0,2042,1.28,
17,45,31,0,2035,0.8,
16,21,33,0,2045,0.8,
16,18,0,0,2048,0.8,
16,3,37,0,2041,0.64,
16,17,39,0,2031,1.76,
16,20,10,0,2042,0.64,
16,5,0,1,2040,0.8,
16,9,0,0,2038,0.48,
17,5,0,0,2048,0.8,
16,15,0,0,2048,1.44,
16,13,1,0,2031,1.12,
16,6,0,0,2030,0.8,
16,11,0,0,2030,1.28,
16,6,14,0,2028,0.96,
16,10,1,0,2024,0.8,
16,8,35,0,2025,0.64,
17,0,0,1,2016,0.96,
16,18,1,0,2017,1.12,
16,6,0,0,2048,0.64,
16,28,5,0,2015,1.12,
16,6,11,0,2025,1.28,
16,46,0,0,2048,1.12,
16,18,16,0,2018,1.12,
16,28,19,0,2030,0.64,
17,21,0,0,2048,1.12,
16,1,25,0,2039,0.8,
16,38,26,0,2030,1.12,
16,22,0,0,2048,0.48,
16,23,31,0,2045,1.12,
16,24,32,0,2036,1.44,
16,1,0,0,2048,1.12,
17,43,36,0,2036,0.96,
16,20,38,0,2032,0.96,
16,16,0,0,2048,1.6,
16,12,25,0,2040,1.6,
16,0,34,0,2037,0.96,
16,18,0,1,2026,1.12,
16,10,0,1,2023,0.96,
16,3,0,0,2048,0.96,
17,14,0,1,2029,0.8,
16,3,0,1,2029,1.44,
16,9,46,0,2027,0.48,
16,14,1,0,2020,1.12,
16,10,0,0,2048,1.92,
16,9,0,0,2048,1.44,
16,16,39,0,2028,0.8,
16,15,3,0,2015,0.48,
17,20,13,0,2027,0.96,
16,21,5,0,2012,0.32,
16,15,12,0,2026,1.6,
16,32,15,0,2005,1.6,
16,10,19,0,2011,0.96,
16,32,21,0,2029,1.12,
16,3,22,0,2010,1.6,
16,40,25,0,2017,1.44,
17,2,5,0,2015,0.8,
16,44,0,0,2048,1.44,
16,22,32,0,2030,1.44,
16,22,30,0,1996,0.64,
16,20,0,0,2048,1.28,
16,19,38,0,2036,1.92,
16,7,36,0,2002,1.44,
17,22,0,0,2048,0.8,
16,1,1,1,2032,1.12,
16,21,0,0,2048,1.12,
16,4,40,0,2034,1.76,
16,7,0,0,2048,1.6,
16,12,0,0,2032,0.16,
16,6,3,0,2017,0.64,
16,16,0,0,2048,0.32,
17,0,0,1,2027,1.92,
16,21,56,0,2022,0.64,
16,6,11,0,2025,0.32,
16,12,39,0,2023,1.44,
16,18,1,0,2023,0.64,
16,1,34,0,2038,1.44,
16,42,0,0,2048,1.44,
16,25,11,0,2011,1.28,
17,22,17,0,2023,0.64,
16,20,0,0,2048,0.32,
16,4,23,0,2037,1.12,
16,38,23,0,2029,2.08,
16,21,0,0,2048,0.8,
16,22,29,0,2043,1.44,
16,2,29,0,2035,2.56,
16,43,0,0,2048,1.76,
17,20,18,1,2008,0.8,
16,22,35,0,2035,1.28,
16,20,38,0,2038,0.8,
16,8,17,0,2005,1.76,
16,21,33,0,2040,1.76,
16,9,19,0,2040,1.44,
16,13,1,0,2038,1.44,
17,7,0,1,2035,1.12,
16,9,1,0,2018,0.64,
16,6,1,0,2034,0.8,
16,12,0,1,2028,0.16,
16,7,0,1,2025,0.8,
16,17,0,0,2025,0.96,
16,0,0,0,2048,1.6,
16,11,0,0,2021,0.8,
17,8,0,0,2048,0.64,
16,22,37,0,2029,1.28,
16,18,5,0,2015,0.96,
16,19,0,0,2048,1.44,
16,22,43,0,2035,0.96,
16,22,24,0,2038,1.28,
16,2,0,0,2048,0.16,
16,41,7,1,2025,1.76,
17,23,19,0,2029,1.6,
16,21,21,0,2028,0.8,
16,1,24,0,2004,1.12,
16,47,27,0,2035,2.08,
16,23,29,0,2033,1.28,
16,19,30,0,2010,1.6,
16,7,33,0,2041,0.96,
16,35,35,0,2039,2.24,
17,18,38,0,2040,1.28,
16,1,0,0,2048,1.12,
16,26,0,0,2048,0.64,
16,7,0,1,2037,0.32,
16,13,0,1,2034,0.8,
16,2,0,0,2048,1.12,
16,13,0,0,2048,2.08,
17,3,1,0,2027,0.64,
16,10,0,0,2048,0.8,
16,3,0,0,2048,0.96,
16,6,0,0,2048,0.48,
16,5,1,0,2015,0.48,
16,8,4,0,2026,1.28,
16,13,0,0,2024,0.64,
16,1,0,0,2023,1.92,
17,25,0,1,2016,1.76,
16,18,0,0,2048,0.8,
16,0,10,0,2024,0.8,
16,41,11,0,2016,0.96,
16,21,0,0,2048,1.92,
16,13,16,0,2030,0.96,
16,33,20,0,2020,0.64,
16,24,0,0,2048,1.28,
17,25,26,0,2018,0.96,
16,26,29,0,2007,0.8,
16,22,0,0,2048,1.12,
16,27,36,0,2020,1.28,
16,20,40,0,2010,1.28,
16,3,0,0,2048,0.8,
16,37,43,0,2026,0.48,
16,2,46,0,2016,0.8,
17,24,25,0,2035,0.8,
16,9,0,0,2037,1.12,
16,0,20,0,2033,0.96,
16,11,0,0,2048,1.12,
16,12,0,1,2031,1.12,
16,4,7,0,2019,0.8,
16,11,0,0,2048,0.64,
17,2,20,0,2022,1.28,
16,13,0,0,2048,0.96,
16,10,24,0,2026,0.96,
16,7,0,1,2017,1.12,
16,26,0,0,2048,1.12,
16,25,6,0,2018,1.76,
16,26,12,0,2012,1.6,
16,15,0,0,2048,1.6,
17,35,19,0,2019,1.28,
16,23,24,0,2034,1.44,
16,20,27,0,2019,1.6,
16,21,0,0,2048,0.8,
16,3,13,0,2046,1.6,
16,34,33,0,2021,0.64,
16,20,0,0,2048,0.64,
16,13,7,1,2015,0.96,
17,30,40,0,2026,1.12,
16,22,0,0,2048,1.12,
16,20,43,0,2035,1.76,
16,9,46,0,2032,0.64,
16,17,0,0,2048,1.6,
16,2,13,0,2036,1.44,
16,11,0,0,2048,0.64,
16,13,1,0,2032,0.48,
17,5,30,0,2028,0.8,
16,14,0,1,2017,1.12,
16,11,0,1,2025,1.12,
16,15,0,0,2048,0.32,
16,14,2,0,2016,0.48,
16,16,0,0,2048,1.28,
16,22,0,0,2048,0.64,
17,20,44,0,2034,1.28,
16,19,12,0,2016,1.28,
16,18,0,0,2048,1.6,
16,19,3,0,2032,0.64,
16,21,18,0,2022,1.92,
16,21,0,0,2048,0.64,
16,21,17,0,2001,0.64,
16,22,24,0,2028,1.12,
17,21,0,0,2048,0.96,
16,21,28,0,2038,1.44,
16,8,29,0,2035,1.12,
16,40,0,0,2048,0.96,
16,21,34,0,2045,1.28,
16,19,36,0,2042,1.28,
16,5,0,0,2048,1.76,
16,20,2,0,2032,1.44,
17,12,4,0,2015,1.12,
16,7,0,1,2024,0.96,
16,17,0,0,2048,0.8,
16,5,1,0,2032,0.8,
16,13,0,1,2016,0.96,
16,10,0,1,2026,0.64,
16,11,42,0,2028,1.44,
16,1,19,0,2029,0.96,
17,20,0,0,2048,1.12,
16,7,38,0,2033,0.64,
16,6,0,0,2048,1.12,
16,24,0,0,2048,1.28,
16,1,0,0,2048,1.28,
16,39,6,0,2014,0.64,
16,21,11,0,2024,0.32,
17,22,0,0,2048,1.6,
16,22,25,0,2039,0.8,
16,21,18,0,2030,0.8,
16,0,0,0,2048,0.8,
16,46,31,0,2045,0.64,
16,22,25,0,2035,1.6,
16,21,0,0,2048,0.96,
16,21,6,1,2032,1.44,
17,8,32,0,2022,1.12,
16,31,4,0,2013,1.12,
16,4,35,0,2003,1.92,
16,35,38,0,2028,1.12,
16,13,2,1,2037,1.28,
16,8,41,0,2025,1.12,
16,17,43,0,2011,1.28,
16,11,0,0,2048,1.12,
17,0,0,1,2021,0.96,
16,16,24,0,2022,0.64,
16,3,0,0,2048,0.8,
16,9,1,0,2016,0.64,
16,8,0,1,2025,0.64,
16,17,1,0,2023,0.48,
16,12,0,0,2048,0.8,
16,3,0,0,2048,0.32,
17,18,0,0,2017,0.96,
16,20,1,0,2018,0.96,
16,19,32,0,2039,1.28,
16,20,18,0,2032,1.28,
16,21,0,0,2048,1.92,
16,21,0,0,2048,1.76,
16,20,17,0,2021,1.12,
17,23,23,0,2037,1.6,
16,18,0,0,2048,1.28,
16,29,22,0,2032,1.12,
16,16,29,0,2043,1.28,
16,19,0,0,2048,0.32,
16,29,29,0,2039,1.6,
16,21,9,1,2037,0.96,
16,20,0,0,2048,0.8,
17,19,34,0,2019,1.6,
16,19,13,0,2007,0.8,
16,2,0,0,2048,0.8,
16,12,3,0,2042,0.48,
16,20,0,1,2039,0.8,
16,5,21,0,2015,0.48,
16,5,0,1,2034,0.96,
16,15,0,0,2048,1.28,
17,12,0,1,2029,0.64,
16,1,0,1,2028,0.96,
16,17,0,1,2024,0.8,
16,5,0,1,2023,1.28,
16,11,1,0,2021,1.12,
16,15,1,0,2022,1.12,
16,13,14,0,2026,0.8,
16,17,4,0,2016,1.44,
17,20,38,0,2038,1.12,
16,20,0,0,2048,1.76,
16,18,12,0,2020,1.28,
16,20,15,0,2023,1.76,
16,22,17,0,2019,1.28,
16,22,4,0,2013,0.8,
16,18,0,0,2048,0.8,
17,28,22,0,2030,0.8,
16,14,25,0,2033,0.8,
16,24,28,0,2028,1.44,
16,26,29,0,2037,0.48,
16,20,31,0,2040,0.64,
16,0,34,0,2034,1.44,
16,47,35,0,2043,0.16,
16,18,23,0,2044,0.8,
17,12,9,0,2043,1.6,
16,5,1,1,2035,0.96,
16,16,0,1,2039,1.28,
16,9,0,0,2048,0.96,
16,1,0,0,2048,0.96,
16,14,48,0,2024,0.96,
16,3,41,0,2009,0.48,
16,11,43,0,2011,1.12,
17,4,0,1,2026,0.48,
16,2,0,0,2017,0.64,
16,7,1,0,2015,0.96,
16,13,0,0,2048,0.64,
16,0,0,1,2017,0.64,
16,20,9,0,2023,0.96,
16,14,0,0,2016,1.12,
16,16,7,0,2013,1.44,
17,24,0,0,2048,1.44,
16,0,11,0,2017,0.64,
16,45,13,0,2017,1.12,
16,28,0,0,2048,1.44,
16,0,20,0,2020,1.44,
16,46,26,0,2018,0.96,
16,26,0,0,2048,2.08,
17,24,31,0,2043,0.8,
16,21,36,0,2038,1.6,
16,5,40,0,2026,1.92,
16,43,19,0,2026,0.64,
16,3,13,1,2036,0.64,
16,31,46,0,2032,1.12,
16,9,6,0,2013,1.44,
16,11,26,0,2033,0.64,
17,4,14,0,2033,1.28,
16,8,53,0,2021,1.12,
16,17,0,0,2048,0.96,
16,6,16,0,2018,0.64,
16,7,0,0,2048,0.64,
16,8,0,0,2024,0.48,
16,12,0,1,2018,0.8,
16,2,1,0,2018,0.8,
17,21,0,0,2048,0.8,
16,1,12,0,2026,1.12,
16,38,11,0,2025,1.12,
16,25,0,0,2048,1.44,
16,24,18,0,2032,0.96,
16,26,19,0,2029,1.76,
16,15,0,0,2048,1.28,
16,10,27,0,2035,1.28,
17,41,29,0,2017,1.12,
16,18,0,0,2048,1.12,
16,17,32,0,2020,1.6,
16,21,35,0,2037,0.96,
16,10,36,0,2028,0.96,
16,29,0,0,2048,0.8,
16,19,41,0,2027,0.64,
17,20,11,0,2013,0.8,
16,12,23,0,2037,0.32,
16,13,15,0,2025,0.96,
16,13,17,0,2019,1.28,
16,6,9,0,2034,1.92,
16,11,21,0,2031,2.08,
16,18,0,0,2028,0.96,
16,2,5,0,2019,1.28,
17,22,0,0,2048,0.8,
16,2,0,1,2021,1.44,
16,20,2,0,2016,1.44,
16,12,32,0,2024,1.12,
16,21,24,0,2028,0.96,
16,35,0,0,2048,0.96,
16,20,38,0,2030,0.8,
16,19,30,0,2034,0.96,
17,6,0,0,2048,0.64,
16,31,20,0,2026,0.32,
16,9,22,0,2028,0.64,
16,27,0,0,2048,1.28,
16,23,26,0,2028,0.48,
16,22,28,0,2034,1.76,
16,13,31,0,2033,1.6,
16,25,32,0,2034,0.96,
17,10,19,0,2019,1.28,
16,35,6,0,2010,1.44,
16,21,24,0,2032,1.44,
16,15,25,0,2025,1.6,
16,12,23,0,2004,0.64,
16,5,1,0,2039,0.48,
16,12,0,0,2048,0.8,
17,21,0,1,2022,0.32,
16,12,0,0,2020,0.64,
16,1,0,0,2048,1.12,
16,21,0,1,2026,0.64,
16,4,38,0,2034,0.48,
16,15,0,1,2020,0.8,
16,13,6,0,2020,1.12,
16,0,44,0,2024,1.12,
17,30,7,0,2021,0.96,
16,14,33,0,2035,0.96,
16,14,0,0,2048,0.96,
16,14,0,1,2034,1.12,
16,21,1,0,2019,1.44,
16,0,1,0,2029,1.44,
16,38,0,0,2048,0.8,
16,23,8,0,2016,1.92,
17,24,22,0,2036,1.28,
16,25,0,0,2048,1.44,
16,24,28,0,2042,1.44,
16,22,28,0,2042,1.12,
16,21,0,0,2048,0.64,
16,19,20,0,2047,1.12,
16,0,13,0,2047,0.96,
16,31,0,0,2048,0.64,
17,16,0,1,2016,1.28,
16,16,0,1,2042,0.48,
16,15,0,0,2048,0.8,
16,11,0,0,2048,1.28,
16,3,8,0,2022,0.8,
16,22,47,0,2027,1.6,
16,3,49,0,2029,0.8,
17,17,0,1,2033,0.64,
16,2,33,0,2030,0.64,
16,12,0,1,2028,0.8,
16,14,0,0,2048,0.8,
16,13,0,1,2022,0.48,
16,5,0,0,2048,0.16,
16,22,23,0,2033,0.48,
16,7,4,0,2019,0.96,
17,31,0,0,2048,1.28,
16,22,24,0,2036,0.8,
16,19,0,0,2048,0.48,
16,3,33,0,2043,0.48,
16,42,30,0,2042,0.8,
16,18,0,0,2048,0.96,
16,2,4,0,2037,0.96,
16,41,5,0,2043,2.24,
17,16,0,0,2048,1.92,
16,10,30,0,2046,1.12,
16,36,16,0,2018,0.8,
16,3,0,0,2048,0.96,
16,19,1,1,2039,1.6,
16,38,1,0,2031,0.96,
16,18,37,0,2041,1.28,
16,14,2,0,2039,0.96,
17,6,29,0,2039,1.44,
16,9,0,1,2039,1.28,
16,21,0,1,2036,0.64,
16,6,0,1,2034,0.48,
16,19,0,0,2048,0.96,
16,5,0,0,2048,0.96,
16,17,0,0,2048,0.64,
17,8,0,1,2021,1.28,
16,4,0,1,2019,0.8,
16,19,10,0,2024,0.8,
16,16,43,0,2036,0.48,
16,0,14,0,2028,1.12,
16,32,16,0,2030,1.6,
16,18,18,0,2032,1.12,
16,17,11,0,2023,1.76,
17,19,0,0,2048,1.6,
16,13,7,0,2017,1.12,
16,29,0,0,2048,2.24,
16,20,0,0,2048,1.44,
16,20,0,0,2048,2.08,
16,27,15,0,2025,0.32,
16,1,17,0,2021,1.92,
16,43,0,0,2048,0.32,
17,1,21,0,2009,0.96,
16,42,25,0,2031,1.44,
16,19,0,0,2048,0.96,
16,15,29,0,2013,1.28,
16,5,31,0,2039,1.12,
16,22,0,0,2048,2.08,
16,13,0,0,2048,0.96,
16,14,24,0,2044,0.96,
17,1,39,0,2039,0.96,
16,15,0,1,2041,0.64,
16,6,0,1,2022,0.96,
16,8,1,0,2038,0.8,
16,15,0,1,2033,0.64,
16,0,1,0,2028,0.48,
16,12,0,0,2048,0.64,
17,10,46,0,2024,0.8,
16,6,0,1,2027,0.8,
16,19,0,1,2026,0.8,
16,0,44,0,2029,0.96,
16,12,18,0,2032,0.64,
16,24,1,0,2015,0.8,
16,1,12,0,2026,1.28,
16,40,24,0,2038,1.6,
17,23,22,0,2036,0.96,
16,8,0,0,2048,0.8,
16,37,21,0,2035,0.48,
16,22,28,0,2042,0.32,
16,23,0,0,2048,0.16,
16,1,27,0,2041,0.32,
16,43,15,0,2047,0.64,
16,21,0,0,2048,0.96,
17,20,30,0,2040,0.64,
16,18,31,0,2036,0.96,
16,17,0,0,2048,0.48,
16,15,26,0,2045,0.8,
16,24,18,0,2014,1.12,
16,7,34,0,2041,0.64,
16,20,0,0,2048,0.32,
16,10,4,0,2040,0.48,
17,9,0,1,2037,1.12,
16,1,0,1,2031,1.12,
16,18,30,0,2026,0.96,
16,19,0,0,2030,1.12,
16,2,0,0,2029,0.64,
16,19,1,0,2022,1.6,
16,1,0,0,2018,1.6,
17,20,25,0,2033,0.64,
16,15,0,1,2016,0.8,
16,13,29,0,2037,0.64,
16,22,30,0,2045,0.64,
16,9,0,0,2048,0.48,
16,32,35,0,2043,1.44,
16,24,14,0,2026,1.12,
16,10,15,0,2025,1.12,
17,29,11,0,2015,2.08,
16,20,19,0,2029,2.24,
16,0,2,1,2028,1.6,
16,38,14,0,2016,0.64,
16,20,0,0,2048,1.28,
16,0,28,0,2040,0.64,
16,45,29,0,2039,0.64,
16,24,0,0,2048,0.32,
17,22,33,0,2043,2.24,
16,22,27,0,2009,0.48,
16,0,31,0,2036,2.08,
16,24,34,0,2038,0.96,
16,6,33,0,2023,1.6,
16,16,0,0,2038,0.8,
16,6,37,0,2027,1.12,
16,6,40,0,2022,1.12,
17,6,3,0,2017,1.44,
16,16,0,0,2048,1.28,
16,11,45,0,2020,1.44,
16,5,9,0,2024,0.32,
16,10,0,0,2048,0.8,
16,9,52,0,2026,0.8,
16,0,21,0,2031,0.64,
17,19,1,0,2030,1.6,
16,2,27,0,2027,0.48,
16,27,0,0,2048,0.96,
16,16,2,0,2018,1.76,
16,17,12,0,2024,1.12,
16,25,0,0,2048,1.44,
16,24,27,0,2041,2.24,
16,25,18,0,2030,1.44,
17,24,21,0,2021,0.96,
16,23,24,0,2038,2.4,
16,6,27,0,2013,0.96,
16,36,29,0,2027,0.48,
16,21,31,0,2045,1.12,
16,23,33,0,2019,1.44,
16,15,35,0,2033,0.64,
16,22,6,0,2035,0.48,
17,0,0,0,2048,1.12,
16,32,23,0,2013,0.48,
16,0,0,1,2035,0.8,
16,18,0,1,2031,0.8,
16,16,0,0,2048,0.8,
16,0,1,0,2024,0.8,
16,14,7,0,2021,0.48,
16,4,0,0,2048,0.32,
17,8,0,0,2048,1.28,
16,15,0,1,2027,0.64,
16,11,0,0,2026,0.96,
16,14,0,0,2048,0.64,
16,12,0,0,2048,0.64,
16,18,3,0,2017,1.44,
16,0,23,0,2038,0.64,
17,40,9,0,2020,1.44,
16,17,28,0,2042,1.12,
16,15,14,0,2018,1.12,
16,32,17,0,2025,0.64,
16,22,22,0,2047,0.96,
16,22,22,0,2022,0.48,
16,22,23,0,2031,1.28,
16,21,8,0,2018,1.92,
17,20,0,0,2048,0.64,
16,21,30,0,2028,1.92,
16,19,33,0,2033,1.6,
16,20,0,0,2048,2.56,
16,2,0,0,2048,1.28,
16,35,38,0,2039,1.12,
16,16,0,0,2048,0.96,
16,11,1,1,2035,1.12,
17,6,0,0,2048,0.48,
16,21,0,0,2048,0.48,
16,12,0,1,2033,0.48,
16,0,0,1,2032,0.32,
16,14,0,0,2048,1.44,
16,17,0,0,2048,0.64,
16,2,2,0,2016,0.64,
16,19,0,0,2048,1.44,
17,5,0,0,2048,0.96,
16,24,2,0,2014,0.8,
16,19,0,0,2048,1.28,
16,6,8,0,2012,1.44,
16,36,33,0,2043,1.44,
16,20,0,0,2048,1.28,
16,19,14,0,2018,1.12,
17,20,0,0,2048,0.96,
16,19,18,0,2030,1.12,
16,21,20,0,2026,1.6,
16,0,0,0,2048,1.44,
16,45,24,0,2034,0.96,
16,11,26,0,2032,1.12,
16,34,0,0,2048,1.28,
16,8,31,0,2041,1.44,
17,33,20,0,2016,0.48,
16,0,0,0,2048,0.96,
16,34,37,0,2041,0.96,
16,7,0,0,2048,1.28,
16,8,7,0,2042,0.8,
16,21,8,0,2017,1.76,
16,8,1,0,2036,1.12,
16,15,1,0,2027,0.96,
17,5,1,0,2032,0.8,
16,9,1,0,2028,0.8,
16,6,0,0,2048,2.08,
16,11,0,0,2048,1.76,
16,11,0,0,2048,0.8,
16,12,0,0,2048,1.28,
16,3,0,0,2048,1.44,
16,24,0,1,2015,1.12,
17,18,1,1,2026,1.28,
16,11,0,0,2048,0.64,
16,25,2,1,2013,1.44,
16,18,15,0,2030,1.12,
16,19,12,0,2026,0.64,
16,2,0,0,2048,0.48,
16,42,22,0,2036,0.32,
17,23,14,0,2022,1.12,
16,26,0,0,2048,1.6,
16,23,24,0,2039,2.4,
16,3,28,0,2020,1.44,
16,43,0,0,2048,1.12,
16,19,32,0,2044,1.92,
16,18,1,0,2043,0.64,
16,16,0,1,2016,1.12,
17,1,30,0,2043,0.64,
16,20,0,0,2048,0.64,
16,19,0,0,2048,0.64,
16,11,43,0,2018,1.12,
16,3,1,0,2025,1.12,
16,17,0,1,2028,1.28,
16,6,1,0,2026,0.64,
16,9,0,1,2027,1.12,
17,3,3,0,2015,1.28,
16,16,5,0,2017,1.6,
16,3,0,0,2019,0.48,
16,8,21,0,2035,1.28,
16,19,0,0,2048,1.28,
16,4,4,0,2017,0.8,
16,28,1,0,2015,0.64,
16,24,9,0,2021,1.6,
17,21,0,0,2048,1.76,
16,13,14,0,2022,1.6,
16,30,7,0,2023,1.6,
16,15,0,0,2048,0.16,
16,26,20,0,2028,0.48,
16,20,10,0,2011,0.64,
16,20,0,0,2048,0.64,
17,26,9,0,2014,1.76,
16,0,29,0,2043,1.76,
16,41,0,0,2048,1.12,
16,22,18,0,2006,0.96,
16,21,4,1,2045,2.4,
16,16,0,0,2048,0.96,
16,13,26,0,2010,1.92,
16,13,24,0,2002,1.44,
17,8,0,0,2048,1.6,
16,17,3,0,2017,0.96,
16,5,34,0,2030,1.76,
16,7,0,0,2048,0.96,
16,13,1,0,2031,0.8,
16,7,40,0,2036,0.64,
16,21,40,0,2038,0.32,
16,1,44,0,2029,0.48,
17,18,17,0,2031,0.96,
16,1,43,0,2032,0.8,
16,19,0,0,2048,1.12,
16,2,1,0,2029,1.76,
16,31,0,1,2029,1.12,
16,4,1,0,2018,1.12,
16,30,29,0,2043,1.12,
16,22,31,0,2045,0.64,
17,21,0,0,2048,1.28,
16,20,10,0,2006,1.28,
16,23,19,0,2031,1.12,
16,24,0,0,2048,0.96,
16,22,20,0,2008,2.4,
16,7,26,0,2038,1.76,
16,33,0,0,2048,1.12,
17,19,7,0,2026,0.64,
16,14,29,0,2026,1.12,
16,30,32,0,2042,1.28,
16,19,13,0,2007,1.28,
16,12,36,0,2032,1.28,
16,19,0,0,2032,1.44,
16,12,40,0,2036,1.92,
16,11,42,0,2012,1.12,
17,8,30,0,2038,0.96,
16,11,14,0,2038,1.44,
16,6,0,1,2036,0.48,
16,3,0,0,2037,2.08,
16,16,0,1,2030,1.44,
16,8,0,0,2048,0.8,
16,10,0,1,2027,1.6,
16,0,35,0,2025,0.48,
17,20,0,1,2020,0.96,
16,14,4,0,2018,1.28,
16,15,0,1,2016,0.96,
16,15,8,0,2022,1.44,
16,21,3,2,2032,1.76,
16,1,10,0,2014,0.32,
16,39,0,0,2048,0.64,
16,22,14,0,2022,2.56,
17,25,28,0,2042,1.12,
16,25,0,0,2048,2.56,
16,10,24,0,2024,2.56,
16,38,22,1,2046,0.48,
16,21,0,0,2048,1.12,
16,22,32,0,2028,2.08,
16,22,2,1,2023,1.12,
17,20,36,0,2043,1.12,
16,17,38,0,2016,1.6,
16,0,41,0,2033,0.96,
16,33,43,0,2035,0.8,
16,10,37,0,2036,0.8,
16,5,23,0,2036,0.32,
16,11,12,0,2036,1.44,
16,2,0,0,2048,1.12,
17,19,0,1,2032,0.64,
16,4,0,1,2027,1.12,
16,4,0,1,2025,0.8,
16,18,0,0,2021,0.48,
16,0,0,0,2048,0.48,
16,20,0,0,2023,0.32,
16,0,0,0,2048,0.64,
16,32,17,0,2032,0.8,
17,23,8,0,2018,1.12,
16,20,0,0,2048,1.6,
16,8,14,0,2012,1.92,
16,34,16,0,2022,0.96,
16,0,0,0,2048,0.96,
16,41,20,0,2019,0.64,
16,3,22,0,2028,1.12,
16,42,0,0,2048,0.8,
17,22,27,0,2031,1.12,
16,19,29,0,2031,0.8,
16,22,0,0,2048,1.12,
16,20,33,0,2037,1.44,
16,25,36,0,2038,1.12,
16,6,0,0,2048,1.12,
16,33,29,0,2042,1.28,
17,5,15,1,2037,0.8,
16,15,24,0,2040,0.96,
16,1,29,0,2011,0.8,
16,21,0,1,2031,1.12,
16,0,33,0,2015,1.44,
16,20,0,0,2028,1.28,
16,3,0,0,2031,1.12,
16,6,3,0,2017,0.64,
17,15,5,0,2019,0.96,
16,0,7,0,2021,0.8,
16,19,3,0,2017,1.28,
16,0,0,0,2048,1.28,
16,22,4,0,2018,1.12,
16,1,2,0,2016,1.76,
16,29,1,0,2016,1.12,
16,19,0,0,2048,0.64,
17,22,21,0,2035,0.96,
16,19,13,0,2025,1.76,
16,24,0,0,2048,0.96,
16,1,28,0,2042,1.92,
16,44,20,0,2032,0.48,
16,24,0,0,2048,0.8,
16,4,22,0,2047,0.64,
16,42,28,0,2036,1.76,
17,0,0,0,2048,1.44,
16,46,21,2,2043,0.8,
16,10,33,0,2031,1.12,
16,14,0,0,2048,1.28,
16,30,10,1,2015,1.28,
16,4,39,0,2037,0.48,
16,21,6,0,2012,1.76,
17,9,0,0,2048,1.12,
16,8,10,0,2017,1.6,
16,6,12,0,2019,1.6,
16,7,0,0,2048,0.64,
16,12,1,0,2031,1.12,
16,9,5,0,2019,1.6,
16,10,7,0,2021,1.12,
16,14,9,0,2023,0.8,
17,4,5,0,2019,0.8,
16,7,13,0,2027,0.96,
16,13,15,0,2029,1.28,
16,29,3,0,2015,0.8,
16,22,19,0,2033,1.12,
16,24,11,0,2017,1.6,
16,21,15,0,2015,0.64,
16,21,25,0,2040,1.44,
17,22,0,0,2048,1.6,
16,0,21,0,2027,0.96,
16,43,20,0,2047,1.76,
16,19,0,0,2048,1.6,
16,21,27,0,2033,2.24,
16,21,7,0,2019,1.12,
16,19,0,0,2048,2.88,
16,0,33,0,2039,2.88,
17,41,7,1,2028,1.76,
16,24,0,0,2048,0.64,
16,6,35,0,2023,0.48,
16,20,17,0,2001,1.6,
16,6,0,0,2048,1.6,
16,19,0,0,2048,1.12,
16,2,23,0,2007,1.6,
17,19,0,1,2029,1.12,
16,5,30,0,2022,0.64,
16,4,32,0,2028,1.28,
16,16,0,0,2018,0.8,
16,6,0,0,2048,0.48,
16,12,1,0,2017,1.12,
16,6,1,0,2015,1.12,
16,21,3,0,2018,1.28,
17,1,1,0,2023,0.8,
16,32,11,0,2025,0.48,
16,21,0,0,2048,1.92,
16,20,17,0,2032,2.24,
16,17,13,0,2016,1.12,
16,20,16,0,2018,1.44,
16,23,4,0,2024,0.96,
